0.1355 0
0.136 0
0.1365 0
0.137 0
0.1375 0
0.138 0
0.1385 0
0.139 0
0.1395 0
0.14 0
0.1405 0
0.141 0
0.1415 0
0.142 0
0.1425 0
0.143 0
0.1435 0
0.144 0
0.1445 0
0.145 0
0.1455 0
0.146 0
0.1465 0
0.147 0
0.1475 0
0.148 0
0.1485 0
0.149 0
0.1495 0
0.15 0
0.1505 0
0.151 0
0.1515 0
0.152 0
0.1525 0
0.153 0
0.1535 0
0.154 0
0.1545 0
0.155 0
0.1555 0
0.156 0
0.1565 0
0.157 0
0.1575 0
0.158 0
0.1585 0
0.159 0
0.1595 0
0.16 0
0.1605 0
0.161 0
0.1615 0
0.162 0
0.1625 0
0.163 0
0.1635 0
0.164 0
0.1645 0
0.165 0
0.1655 0
0.166 0
0.1665 0
0.167 0
0.1675 0
0.168 0
0.1685 0
0.169 0
0.1695 0
0.17 0
0.1705 0
0.171 0
0.1715 0
0.172 0
0.1725 0
0.173 0
0.1735 0
0.174 0
0.1745 0
0.175 0
0.1755 0
0.176 0
0.1765 0
0.177 0
0.1775 0
0.178 0
0.1785 0
0.179 0
0.1795 0
0.18 0
0.1805 0
0.181 0
0.1815 0
0.182 0
0.1825 0
0.183 0
0.1835 0
0.184 0
0.1845 0
0.185 0
0.1855 0
0.186 0
0.1865 0
0.187 0
0.1875 0
0.188 0
0.1885 0
0.189 0
0.1895 0
0.19 0
0.1905 0
0.191 0
0.1915 0
0.192 0
0.1925 0
0.193 0
0.1935 0
0.194 0
0.1945 0
0.195 0
0.1955 0
0.196 0
0.1965 0
0.197 0
0.1975 0
0.198 0
0.1985 0
0.199 0
0.1995 0
0.2 0
0.2005 0
0.201 0
0.2015 0
0.202 0
0.2025 0
0.203 0
0.2035 0
0.204 0
0.2045 0
0.205 0
0.2055 0
0.206 0
0.2065 0
0.207 0
0.2075 0
0.208 0
0.2085 0
0.209 0
0.2095 0
0.21 0
0.2105 0
0.211 0
0.2115 0
0.212 0
0.2125 0
0.213 0
0.2135 0
0.214 0
0.2145 0
0.215 0
0.2155 0
0.216 0
0.2165 0
0.217 0
0.2175 0
0.218 0
0.2185 0
0.219 0
0.2195 0
0.22 0
0.2205 0
0.221 0
0.2215 0
0.222 0
0.2225 0
0.223 0
0.2235 0
0.224 0
0.2245 0
0.225 0
0.2255 0
0.226 0
0.2265 0
0.227 0
0.2275 0
0.228 0
0.2285 0
0.229 0
0.2295 0
0.23 0
0.2305 0
0.231 0
0.2315 0
0.232 0
0.2325 0
0.233 0
0.2335 0
0.234 0
0.2345 0
0.235 0
0.2355 0
0.236 0
0.2365 0
0.237 0
0.2375 0
0.238 0
0.2385 0
0.239 0
0.2395 0
0.24 0
0.2405 0
0.241 0
0.2415 0
0.242 0
0.2425 0
0.243 0
0.2435 0
0.244 0
0.2445 0
0.245 0
0.2455 0
0.246 0
0.2465 0
0.247 0
0.2475 0
0.248 0
0.2485 0
0.249 0
0.2495 0
0.25 0
0.2505 0
0.251 0
0.2515 0
0.252 0
0.2525 0
0.253 0
0.2535 0
0.254 0
0.2545 0
0.255 0
0.2555 0
0.256 0
0.2565 0
0.257 0
0.2575 0
0.258 0
0.2585 0
0.259 0
0.2595 0
0.26 0
0.2605 0
0.261 0
0.2615 0
0.262 0
0.2625 0
0.263 0
0.2635 0
0.264 0
0.2645 0
0.265 0
0.2655 0
0.266 0
0.2665 0
0.267 0
0.2675 0
0.268 0
0.2685 0
0.269 0
0.2695 0
0.27 0
0.2705 0
0.271 0
0.2715 0
0.272 0
0.2725 0
0.273 0
0.2735 0
0.274 0
0.2745 0
0.275 0
0.2755 0
0.276 0
0.2765 0
0.277 0
0.2775 0
0.278 0
0.2785 0
0.279 0
0.2795 0
0.28 0
0.2805 0
0.281 0
0.2815 0
0.282 0
0.2825 0
0.283 0
0.2835 0
0.284 0
0.2845 0
0.285 0
0.2855 0
0.286 0
0.2865 0
0.287 0
0.2875 0
0.288 0
0.2885 0
0.289 0
0.2895 0
0.29 0
0.2905 0
0.291 0
0.2915 0
0.292 0
0.2925 0
0.293 0
0.2935 0
0.294 0
0.2945 0
0.295 0
0.2955 0
0.296 0
0.2965 0
0.297 0
0.2975 0
0.298 0
0.2985 0
0.299 0
0.2995 0
0.3 0
0.3005 0
0.301 0
0.3015 0
0.302 0
0.3025 0
0.303 0
0.3035 0
0.304 0
0.3045 0
0.305 0
0.3055 0
0.306 0
0.3065 0
0.307 0
0.3075 0
0.308 0
0.3085 0
0.309 0
0.3095 0
0.31 0
0.3105 0
0.311 0
0.3115 0
0.312 0
0.3125 0
0.313 0
0.3135 0
0.314 0
0.3145 0
0.315 0
0.3155 0
0.316 0
0.3165 0
0.317 0
0.3175 0
0.318 0
0.3185 0
0.319 0
0.3195 0
0.32 0
0.3205 0
0.321 0
0.3215 0
0.322 0
0.3225 0
0.323 0
0.3235 0
0.324 0
0.3245 0
0.325 0
0.3255 0
0.326 0
0.3265 0
0.327 0
0.3275 0
0.328 0
0.3285 0
0.329 0
0.3295 0
0.33 0
0.3305 0
0.331 0
0.3315 0
0.332 0
0.3325 0
0.333 0
0.3335 0
0.334 0
0.3345 0
0.335 0
0.3355 0
0.336 0
0.3365 0
0.337 0
0.3375 0
0.338 0
0.3385 0
0.339 0
0.3395 0
0.34 0
0.3405 0
0.341 0
0.3415 0
0.342 0
0.3425 0
0.343 0
0.3435 0
0.344 0
0.3445 0
0.345 0
0.3455 0
0.346 0
0.3465 0
0.347 0
0.3475 0
0.348 0
0.3485 0
0.349 0
0.3495 0
0.35 0
0.3505 0
0.351 0
0.3515 0
0.352 0
0.3525 0
0.353 0
0.3535 0
0.354 0
0.3545 0
0.355 0
0.3555 0
0.356 0
0.3565 0
0.357 0
0.3575 0
0.358 0
0.3585 0
0.359 0
0.3595 0
0.36 0
0.3605 0
0.361 0
0.3615 0
0.362 0
0.3625 0
0.363 0
0.3635 0
0.364 0
0.3645 0
0.365 0
0.3655 0
0.366 0
0.3665 0
0.367 0
0.3675 0
0.368 0
0.3685 0
0.369 0
0.3695 0
0.37 0
0.3705 0
0.371 0
0.3715 0
0.372 0
0.3725 0
0.373 0
0.3735 0
0.374 0
0.3745 0
0.375 0
0.3755 0
0.376 0
0.3765 0
0.377 0
0.3775 0
0.378 0
0.3785 0
0.379 0
0.3795 0
0.38 0
0.3805 0
0.381 0
0.3815 0
0.382 0
0.3825 0
0.383 0
0.3835 0
0.384 0
0.3845 0
0.385 0
0.3855 0
0.386 0
0.3865 0
0.387 0
0.3875 0
0.388 0
0.3885 0
0.389 0
0.3895 0
0.39 0
0.3905 0
0.391 0
0.3915 0
0.392 0
0.3925 0
0.393 0
0.3935 0
0.394 0
0.3945 0
0.395 0
0.3955 0
0.396 0
0.3965 0
0.397 0
0.3975 0
0.398 0
0.3985 0
0.399 0
0.3995 0
0.4 0
0.4005 0
0.401 0
0.4015 0
0.402 0
0.4025 0
0.403 0
0.4035 0
0.404 0
0.4045 0
0.405 0
0.4055 0
0.406 0
0.4065 0
0.407 0
0.4075 0
0.408 0
0.4085 0
0.409 0
0.4095 0
0.41 0
0.4105 0
0.411 0
0.4115 0
0.412 0
0.4125 0
0.413 0
0.4135 0
0.414 0
0.4145 0
0.415 0
0.4155 0
0.416 0
0.4165 0
0.417 0
0.4175 0
0.418 0
0.4185 0
0.419 0
0.4195 0
0.42 0
0.4205 0
0.421 0
0.4215 0
0.422 0
0.4225 0
0.423 0
0.4235 0
0.424 0
0.4245 0
0.425 0
0.4255 0
0.426 0
0.4265 0
0.427 0
0.4275 0
0.428 0
0.4285 0
0.429 0
0.4295 0
0.43 0
0.4305 0
0.431 0
0.4315 0
0.432 0
0.4325 0
0.433 0
0.4335 0
0.434 0
0.4345 0
0.435 0
0.4355 0
0.436 0
0.4365 0
0.437 0
0.4375 0
0.438 0
0.4385 0
0.439 0
0.4395 0
0.44 0
0.4405 0
0.441 0
0.4415 0
0.442 0
0.4425 0
0.443 0
0.4435 0
0.444 0
0.4445 0
0.445 0
0.4455 0
0.446 0
0.4465 0
0.447 0
0.4475 0
0.448 0
0.4485 0
0.449 0
0.4495 0
0.45 0
0.4505 0
0.451 0
0.4515 0
0.452 0
0.4525 0
0.453 0
0.4535 0
0.454 0
0.4545 0
0.455 0
0.4555 0
0.456 0
0.4565 0
0.457 0
0.4575 0
0.458 0
0.4585 0
0.459 0
0.4595 0
0.46 0
0.4605 0
0.461 0
0.4615 0
0.462 0
0.4625 0
0.463 0
0.4635 0
0.464 0
0.4645 0
0.465 0
0.4655 0
0.466 0
0.4665 0
0.467 0
0.4675 0
0.468 0
0.4685 0
0.469 0
0.4695 0
0.47 0
0.4705 0
0.471 0
0.4715 0
0.472 0
0.4725 0
0.473 0
0.4735 0
0.474 0
0.4745 0
0.475 0
0.4755 0
0.476 0
0.4765 0
0.477 0
0.4775 0
0.478 0
0.4785 0
0.479 0
0.4795 0
0.48 0
0.4805 0
0.481 0
0.4815 0
0.482 0
0.4825 0
0.483 0
0.4835 0
0.484 0
0.4845 0
0.485 0
0.4855 0
0.486 0
0.4865 0
0.487 0
0.4875 0
0.488 0
0.4885 0
0.489 0
0.4895 0
0.49 0
0.4905 0
0.491 0
0.4915 0
0.492 0
0.4925 0
0.493 0
0.4935 0
0.494 0
0.4945 0
0.495 0
0.4955 0
0.496 0
0.4965 0
0.497 0
0.4975 0
0.498 0
0.4985 0
0.499 0
0.4995 0
0.5 0
0.5005 0
0.501 0
0.5015 0
0.502 0
0.5025 0
0.503 0
0.5035 0
0.504 0
0.5045 0
0.505 0
0.5055 0
0.506 0
0.5065 0
0.507 0
0.5075 0
0.508 0
0.5085 0
0.509 0
0.5095 0
0.51 0
0.5105 0
0.511 0
0.5115 0
0.512 0
0.5125 0
0.513 0
0.5135 0
0.514 0
0.5145 0
0.515 0
0.5155 0
0.516 0
0.5165 0
0.517 0
0.5175 0
0.518 0
0.5185 0
0.519 0
0.5195 0
0.52 0
0.5205 0
0.521 0
0.5215 0
0.522 0
0.5225 0
0.523 0
0.5235 0
0.524 0
0.5245 0
0.525 0
0.5255 0
0.526 0
0.5265 0
0.527 0
0.5275 0
0.528 0
0.5285 0
0.529 0
0.5295 0
0.53 0
0.5305 0
0.531 0
0.5315 0
0.532 0
0.5325 0
0.533 0
0.5335 0
0.534 0
0.5345 0
0.535 0
0.5355 0
0.536 0
0.5365 0
0.537 1.0218e-05
0.5375 1.0058e-05
0.538 1.04125e-05
0.5385 1.0282e-05
0.539 1.06657e-05
0.5395 1.05649e-05
0.54 1.09792e-05
0.5405 1.09086e-05
0.541 1.08536e-05
0.5415 1.13141e-05
0.542 1.12907e-05
0.5425 1.17829e-05
0.543 1.17922e-05
0.5435 1.1817e-05
0.544 1.1859e-05
0.5445 1.1917e-05
0.545 1.24926e-05
0.5455 1.25852e-05
0.546 1.2695e-05
0.5465 1.28228e-05
0.547 1.29682e-05
0.5475 1.31318e-05
0.548 1.33133e-05
0.5485 1.35135e-05
0.549 1.37323e-05
0.5495 1.39701e-05
0.55 1.42261e-05
0.5505 1.40026e-05
0.551 1.42982e-05
0.5515 1.46134e-05
0.552 1.49487e-05
0.5525 1.48046e-05
0.553 1.518e-05
0.5535 1.50771e-05
0.554 1.54953e-05
0.5545 1.54345e-05
0.555 1.58949e-05
0.5555 1.58773e-05
0.556 1.63814e-05
0.5565 1.64075e-05
0.557 1.64572e-05
0.5575 1.70291e-05
0.558 1.7124e-05
0.5585 1.72425e-05
0.559 1.73842e-05
0.5595 1.75509e-05
0.56 1.77407e-05
0.5605 1.79557e-05
0.561 1.81952e-05
0.5615 1.84599e-05
0.562 1.87497e-05
0.5625 1.9066e-05
0.563 1.9408e-05
0.5635 1.97761e-05
0.564 1.96712e-05
0.5645 2.0093e-05
0.565 2.0543e-05
0.5655 2.052e-05
0.566 2.10246e-05
0.5665 2.10584e-05
0.567 2.11207e-05
0.5675 2.17117e-05
0.568 2.18328e-05
0.5685 2.19835e-05
0.569 2.21643e-05
0.5695 2.28758e-05
0.57 2.31183e-05
0.5705 2.33915e-05
0.571 2.36968e-05
0.5715 2.40348e-05
0.572 2.39048e-05
0.5725 2.43075e-05
0.573 2.37443e-05
0.5735 2.67143e-05
0.574 2.47183e-05
0.5745 2.77575e-05
0.575 2.58313e-05
0.5755 2.39408e-05
0.576 2.70864e-05
0.5765 2.52681e-05
0.577 2.84869e-05
0.5775 2.67429e-05
0.578 3.00375e-05
0.5785 2.83693e-05
0.579 2.67407e-05
0.5795 3.01507e-05
0.58 2.86009e-05
0.5805 2.70917e-05
0.581 3.06232e-05
0.5815 2.91958e-05
0.582 3.28105e-05
0.5825 3.14679e-05
0.583 3.01679e-05
0.5835 3.39116e-05
0.584 3.26995e-05
0.5845 3.15319e-05
0.585 3.04096e-05
0.5855 3.43329e-05
0.586 3.33033e-05
0.5865 3.23209e-05
0.587 3.63857e-05
0.5875 3.54986e-05
0.588 3.46612e-05
0.5885 3.38729e-05
0.589 3.81353e-05
0.5895 3.74484e-05
0.59 3.68131e-05
0.5905 3.623e-05
0.591 3.57001e-05
0.5915 4.02238e-05
0.592 3.98022e-05
0.5925 3.94352e-05
0.593 3.91245e-05
0.5935 3.88709e-05
0.594 3.8674e-05
0.5945 3.85357e-05
0.595 4.34562e-05
0.5955 4.34363e-05
0.596 4.34771e-05
0.5965 4.35791e-05
0.597 4.37437e-05
0.5975 4.39716e-05
0.598 4.42631e-05
0.5985 4.46193e-05
0.599 4.50418e-05
0.5995 4.55304e-05
0.6 4.60867e-05
0.6005 4.67126e-05
0.601 4.74063e-05
0.6015 4.81702e-05
0.602 4.90043e-05
0.6025 4.99136e-05
0.603 5.0898e-05
0.6035 5.19527e-05
0.604 5.30826e-05
0.6045 4.92927e-05
0.605 5.0578e-05
0.6055 5.19385e-05
0.606 5.33842e-05
0.6065 5.49102e-05
0.607 5.65163e-05
0.6075 5.32077e-05
0.608 5.49793e-05
0.6085 5.68411e-05
0.609 5.87881e-05
0.6095 5.58203e-05
0.61 5.79428e-05
0.6105 6.01605e-05
0.611 5.74635e-05
0.6115 5.98666e-05
0.612 6.236e-05
0.6125 5.99486e-05
0.613 6.26375e-05
0.6135 6.54216e-05
0.614 6.33059e-05
0.6145 6.62955e-05
0.615 6.43853e-05
0.6155 6.75804e-05
0.616 6.58807e-05
0.6165 6.92913e-05
0.617 6.78071e-05
0.6175 7.14381e-05
0.618 7.01795e-05
0.6185 6.9036e-05
0.619 7.30079e-05
0.6195 7.21e-05
0.62 7.13073e-05
0.6205 7.5635e-05
0.621 7.50879e-05
0.6215 7.4666e-05
0.622 7.93695e-05
0.6225 7.92032e-05
0.623 7.91722e-05
0.6235 7.92614e-05
0.624 7.9496e-05
0.6245 7.98608e-05
0.625 8.03709e-05
0.6255 8.10163e-05
0.626 8.6807e-05
0.6265 8.7743e-05
0.627 8.38243e-05
0.6275 8.50558e-05
0.628 8.64427e-05
0.6285 8.79849e-05
0.629 8.96773e-05
0.6295 9.15301e-05
0.63 9.35532e-05
0.6305 9.57266e-05
0.631 9.30803e-05
0.6315 9.55944e-05
0.632 9.82837e-05
0.6325 9.61484e-05
0.633 9.91934e-05
0.6335 0.000102419
0.634 0.000100824
0.6345 0.000104415
0.635 0.000103197
0.6355 0.000107173
0.636 0.000106345
0.6365 0.000105713
0.637 0.000110285
0.6375 0.000110058
0.638 0.000110047
0.6385 0.00011024
0.639 0.000115654
0.6395 0.000116284
0.64 0.000117144
0.6405 0.000118219
0.641 0.000119529
0.6415 0.000121075
0.642 0.000122857
0.6425 0.000124878
0.643 0.00012715
0.6435 0.000124673
0.644 0.000127445
0.6445 0.000130479
0.645 0.000128772
0.6455 0.000132336
0.646 0.000131166
0.6465 0.00013528
0.647 0.000134671
0.6475 0.000139351
0.648 0.000139322
0.6485 0.000139588
0.649 0.000145155
0.6495 0.000146033
0.65 0.000147215
0.6505 0.000148718
0.651 0.000150547
0.6515 0.000152696
0.652 0.00015519
0.6525 0.00015302
0.653 0.000156195
0.6535 0.000159726
0.654 0.000158612
0.6545 0.000162864
0.655 0.000162491
0.6555 0.000167498
0.656 0.000167887
0.6565 0.00016867
0.657 0.000174854
0.6575 0.000176443
0.658 0.000178448
0.6585 0.000180874
0.659 0.000178735
0.6595 0.000182026
0.66 0.000185768
0.6605 0.000189965
0.661 0.000189623
0.6615 0.000189757
0.662 0.000195366
0.6625 0.00019647
0.663 0.00019807
0.6635 0.000200186
0.664 0.000202812
0.6645 0.000205968
0.665 0.000209665
0.6655 0.000208908
0.666 0.000213716
0.6665 0.00021409
0.667 0.000220049
0.6675 0.000221599
0.668 0.000223754
0.6685 0.00022653
0.669 0.000229932
0.6695 0.000233974
0.67 0.000233677
0.6705 0.00023904
0.671 0.000240089
0.6715 0.000241834
0.672 0.000249284
0.6725 0.00025246
0.673 0.000251376
0.6735 0.000256043
0.674 0.000261481
0.6745 0.000262709
0.675 0.000264728
0.6755 0.000267577
0.676 0.000271252
0.6765 0.000275783
0.677 0.00028119
0.6775 0.000282477
0.678 0.000284685
0.6785 0.000287808
0.679 0.000291887
0.6795 0.000296932
0.68 0.000302968
0.6805 0.000305009
0.681 0.000308091
0.6815 0.000312228
0.682 0.000317437
0.6825 0.000318751
0.683 0.0003262
0.6835 0.000329796
0.684 0.000329572
0.6845 0.000335549
0.685 0.000342762
0.6855 0.000346235
0.686 0.000351
0.6865 0.000352085
0.687 0.00035951
0.6875 0.000363327
0.688 0.000368549
0.6885 0.000370217
0.689 0.000378366
0.6895 0.000383006
0.69 0.000384257
0.6905 0.000392058
0.691 0.00039646
0.6915 0.000402563
0.692 0.000405367
0.6925 0.000409922
0.693 0.000416228
0.6935 0.000424384
0.694 0.000429441
0.6945 0.000436399
0.695 0.000440359
0.6955 0.000446318
0.696 0.000449329
0.6965 0.000459541
0.697 0.000461854
0.6975 0.000471467
0.698 0.000478332
0.6985 0.000482547
0.699 0.000489164
0.6995 0.000493281
0.7 0.00049995
0.7005 0.000509169
0.701 0.000516139
0.7015 0.00052081
0.702 0.000528333
0.7025 0.000538756
0.703 0.00054213
0.7035 0.000553605
0.704 0.000558132
0.7045 0.000566009
0.705 0.000577137
0.7055 0.000581717
0.706 0.000589747
0.7065 0.000601429
0.707 0.000606812
0.7075 0.000616045
0.708 0.00062413
0.7085 0.000631316
0.709 0.000642653
0.7095 0.000653292
0.71 0.000658281
0.7105 0.000667871
0.711 0.000677113
0.7115 0.000691156
0.712 0.00070015
0.7125 0.000709245
0.713 0.000718642
0.7135 0.000728489
0.714 0.000738938
0.7145 0.000750088
0.715 0.000762289
0.7155 0.000775592
0.716 0.000785246
0.7165 0.000796501
0.717 0.000809457
0.7175 0.000819415
0.718 0.000831624
0.7185 0.000846234
0.719 0.000858596
0.7195 0.000868859
0.72 0.000882373
0.7205 0.000899439
0.721 0.000910256
0.7215 0.000925224
0.722 0.000939594
0.7225 0.000953715
0.723 0.000967988
0.7235 0.000982662
0.724 0.000998237
0.7245 0.00101501
0.725 0.00103344
0.7255 0.00104897
0.726 0.001067
0.7265 0.00108304
0.727 0.00109752
0.7275 0.00111611
0.728 0.0011342
0.7285 0.00115233
0.729 0.00117628
0.7295 0.00119147
0.73 0.00121361
0.7305 0.00123341
0.731 0.00125661
0.7315 0.00127395
0.732 0.00129615
0.7325 0.00131916
0.733 0.00134371
0.7335 0.00136582
0.734 0.00139142
0.7345 0.00141158
0.735 0.00143729
0.7355 0.00146481
0.736 0.00149017
0.7365 0.00151469
0.737 0.00154476
0.7375 0.00157173
0.738 0.00160215
0.7385 0.00163247
0.739 0.00165945
0.7395 0.00168982
0.74 0.00172545
0.7405 0.00175329
0.741 0.00179047
0.7415 0.0018242
0.742 0.00185689
0.7425 0.00189603
0.743 0.00193432
0.7435 0.00196952
0.744 0.00200961
0.7445 0.00204836
0.745 0.00209361
0.7455 0.00213386
0.746 0.00217911
0.7465 0.00222237
0.747 0.00226913
0.7475 0.00231839
0.748 0.00236565
0.7485 0.00241692
0.749 0.00247368
0.7495 0.00252545
0.75 0.00258073
0.7505 0.0026365
0.751 0.00270078
0.7515 0.00275756
0.752 0.00282584
0.7525 0.00289112
0.753 0.00295991
0.7535 0.0030282
0.754 0.00309999
0.7545 0.00317928
0.755 0.00325608
0.7555 0.00333738
0.756 0.00342168
0.7565 0.00350948
0.757 0.00359829
0.7575 0.0036956
0.758 0.00378991
0.7585 0.00389522
0.759 0.00399804
0.7595 0.00410986
0.76 0.00422618
0.7605 0.00434901
0.761 0.00447434
0.7615 0.00460467
0.762 0.004742
0.7625 0.00488434
0.763 0.00503618
0.7635 0.00519553
0.764 0.00536187
0.7645 0.00553472
0.765 0.00571707
0.7655 0.00590843
0.766 0.00610829
0.7665 0.00632315
0.767 0.00654551
0.7675 0.00677888
0.768 0.00702725
0.7685 0.00729463
0.769 0.00757251
0.7695 0.00784039
0.77 0.00815577
0.7705 0.00848616
0.771 0.00886655
0.7715 0.00921195
0.772 0.00961735
0.7725 0.0100027
0.773 0.0104682
0.7735 0.0108836
0.774 0.011369
0.7745 0.0118644
0.775 0.0123448
0.7755 0.0128852
0.776 0.0133457
0.7765 0.0138061
0.777 0.0142265
0.7775 0.014562
0.778 0.0147724
0.7785 0.0148029
0.779 0.0145333
0.7795 0.0138538
0.78 0.0127192
0.7805 0.0110147
0.781 0.00866516
0.7815 0.00573564
0.782 0.00228111
0.7825 -0.00139841
0.783 -0.00502792
0.7835 -0.00829743
0.784 -0.0111269
0.7845 -0.0133664
0.785 -0.0150209
0.7855 -0.0161354
0.786 -0.0168549
0.7865 -0.0171694
0.787 -0.0172889
0.7875 -0.0172333
0.788 -0.0170078
0.7885 -0.0167073
0.789 -0.0163767
0.7895 -0.0159862
0.79 -0.0155856
0.7905 -0.0151801
0.791 -0.0147845
0.7915 -0.014389
0.792 -0.0140034
0.7925 -0.0136378
0.793 -0.0132822
0.7935 -0.0129466
0.794 -0.012621
0.7945 -0.0123104
0.795 -0.0120198
0.7955 -0.0117392
0.796 -0.0114736
0.7965 -0.011223
0.797 -0.0109824
0.7975 -0.0107517
0.798 -0.0105361
0.7985 -0.0103304
0.799 -0.0101313
0.7995 -0.00994264
0.8 -0.00976497
0.8005 -0.0096098
0.801 -0.00945912
0.8015 -0.00931294
0.802 -0.00917925
0.8025 -0.00904756
0.803 -0.00892235
0.8035 -0.00880564
0.804 -0.00869043
0.8045 -0.00858421
0.805 -0.00847897
0.8055 -0.00837924
0.806 -0.00828399
0.8065 -0.00819074
0.807 -0.00810048
0.8075 -0.00801972
0.808 -0.00794045
0.8085 -0.00786267
0.809 -0.00778988
0.8095 -0.00771608
0.81 -0.00765028
0.8105 -0.00758297
0.811 -0.00751865
0.8115 -0.00745582
0.812 -0.00740049
0.8125 -0.00734314
0.813 -0.00728779
0.8135 -0.00723743
0.814 -0.00718906
0.8145 -0.00713869
0.815 -0.0070973
0.8155 -0.00704891
0.816 -0.0070075
0.8165 -0.00696659
0.817 -0.00692967
0.8175 -0.00688774
0.818 -0.0068533
0.8185 -0.00681735
0.819 -0.00678689
0.8195 -0.00675093
0.82 -0.00672045
0.8205 -0.00669096
0.821 -0.00666097
0.8215 -0.00663546
0.822 -0.00660794
0.8225 -0.00658241
0.823 -0.00655838
0.8235 -0.00653283
0.824 -0.00650977
0.8245 -0.0064917
0.825 -0.00647262
0.8255 -0.00644853
0.826 -0.00643293
0.8265 -0.00641331
0.827 -0.00639719
0.8275 -0.00638105
0.828 -0.0063619
0.8285 -0.00634774
0.829 -0.00633407
0.8295 -0.00632339
0.83 -0.00630719
0.8305 -0.00629698
0.831 -0.00628476
0.8315 -0.00627103
0.832 -0.00626228
0.8325 -0.00625102
0.833 -0.00624275
0.8335 -0.00623796
0.834 -0.00622817
0.8345 -0.00622035
0.835 -0.00621453
0.8355 -0.00620669
0.836 -0.00619883
0.8365 -0.00619546
0.837 -0.00619308
0.8375 -0.00618768
0.838 -0.00618527
0.8385 -0.00618034
0.839 -0.0061744
0.8395 -0.00617394
0.84 -0.00617296
0.8405 -0.00616847
0.841 -0.00617047
0.8415 -0.00616994
0.842 -0.00616641
0.8425 -0.00616685
0.843 -0.00617078
0.8435 -0.00616919
0.844 -0.00617208
0.8445 -0.00616996
0.845 -0.00617432
0.8455 -0.00617916
0.846 -0.00618048
0.8465 -0.00618379
0.847 -0.00618407
0.8475 -0.00619234
0.848 -0.00619359
0.8485 -0.00619782
0.849 -0.00620552
0.8495 -0.00620771
0.85 -0.00621288
0.8505 -0.00621903
0.851 -0.00622416
0.8515 -0.00623476
0.852 -0.00624035
0.8525 -0.00624641
0.853 -0.00625345
0.8535 -0.00626197
0.854 -0.00627147
0.8545 -0.00627745
0.855 -0.0062849
0.8555 -0.00629483
0.856 -0.00630623
0.8565 -0.00631561
0.857 -0.00632697
0.8575 -0.0063358
0.858 -0.00634761
0.8585 -0.00635789
0.859 -0.00636615
0.8595 -0.00637738
0.86 -0.00639258
0.8605 -0.00640076
0.861 -0.00641841
0.8615 -0.00642953
0.862 -0.00643963
0.8625 -0.00645419
0.863 -0.00646823
0.8635 -0.00648124
0.864 -0.00649387
0.8645 -0.00651122
0.865 -0.00652329
0.8655 -0.00654022
0.866 -0.00655718
0.8665 -0.00656916
0.867 -0.0065863
0.8675 -0.00660371
0.868 -0.00661644
0.8685 -0.00663468
0.869 -0.00665339
0.8695 -0.00666777
0.87 -0.00668781
0.8705 -0.00670361
0.871 -0.00672528
0.8715 -0.00674287
0.872 -0.00676146
0.8725 -0.00678112
0.873 -0.00679689
0.8735 -0.00681887
0.874 -0.00683716
0.8745 -0.00686171
0.875 -0.00687767
0.8755 -0.00690009
0.876 -0.00692397
0.8765 -0.00694445
0.877 -0.00696655
0.8775 -0.00698524
0.878 -0.0070107
0.8785 -0.0070329
0.879 -0.00705697
0.8795 -0.00707783
0.88 -0.00710565
0.8805 -0.00712537
0.881 -0.00715209
0.8815 -0.00717582
0.882 -0.00720164
0.8825 -0.00722956
0.883 -0.00725458
0.8835 -0.00728184
0.884 -0.00730625
0.8845 -0.00733296
0.885 -0.00736191
0.8855 -0.00738821
0.886 -0.0074168
0.8865 -0.00744278
0.887 -0.0074712
0.8875 -0.00750201
0.888 -0.00753026
0.8885 -0.007561
0.889 -0.00759432
0.8895 -0.00762508
0.89 -0.00765343
0.8905 -0.00761349
0.891 -0.00766211
0.8915 -0.00770961
0.892 -0.00775597
0.8925 -0.0078013
0.893 -0.00785046
0.8935 -0.00789848
0.894 -0.00794537
0.8945 -0.00799117
0.895 -0.00804079
0.8955 -0.00808927
0.896 -0.0081416
0.8965 -0.00819276
0.897 -0.00824271
0.8975 -0.00829157
0.898 -0.00834414
0.8985 -0.00839561
0.899 -0.00845078
0.8995 -0.00850479
0.9 -0.00855755
0.9005 -0.00860912
0.901 -0.00866443
0.9015 -0.00871857
0.902 -0.0087764
0.9025 -0.00883308
0.903 -0.00888854
0.9035 -0.00894778
0.904 -0.00900581
0.9045 -0.00906266
0.905 -0.00912335
0.9055 -0.00918276
0.906 -0.00924099
0.9065 -0.00930309
0.907 -0.00936396
0.9075 -0.00942365
0.908 -0.0094872
0.9085 -0.00954955
0.909 -0.00961572
0.9095 -0.00968069
0.91 -0.00974452
0.9105 -0.00981213
0.911 -0.0098786
0.9115 -0.00994392
0.912 -0.0100131
0.9125 -0.0100811
0.913 -0.0101479
0.9135 -0.0102186
0.914 -0.0102931
0.9145 -0.0103614
0.915 -0.0104337
0.9155 -0.0105097
0.916 -0.0105846
0.9165 -0.0106584
0.917 -0.010731
0.9175 -0.0108074
0.918 -0.0108877
0.9185 -0.0109669
0.919 -0.0110449
0.9195 -0.0111267
0.92 -0.0112074
0.9205 -0.0112869
0.921 -0.0113704
0.9215 -0.0114526
0.922 -0.0115387
0.9225 -0.0116237
0.923 -0.0117124
0.9235 -0.0118001
0.924 -0.0118866
0.9245 -0.0119769
0.925 -0.012066
0.9255 -0.012159
0.926 -0.0122509
0.9265 -0.0123466
0.927 -0.0124411
0.9275 -0.0125344
0.928 -0.0126366
0.9285 -0.0127326
0.929 -0.0128325
0.9295 -0.0129361
0.93 -0.0130386
0.9305 -0.0131399
0.931 -0.0132449
0.9315 -0.0133488
0.932 -0.0134565
0.9325 -0.013568
0.933 -0.0136783
0.9335 -0.0137923
0.934 -0.0139051
0.9345 -0.0140168
0.935 -0.0141322
0.9355 -0.0142513
0.936 -0.0143693
0.9365 -0.0144909
0.937 -0.0146113
0.9375 -0.0147404
0.938 -0.0148633
0.9385 -0.0149898
0.939 -0.0151201
0.9395 -0.0152491
0.94 -0.0153817
0.9405 -0.0155181
0.941 -0.0156531
0.9415 -0.0157918
0.942 -0.0159341
0.9425 -0.016075
0.943 -0.0162196
0.9435 -0.0163628
0.944 -0.0165145
0.9445 -0.0166649
0.945 -0.0168188
0.9455 -0.0169713
0.946 -0.0171273
0.9465 -0.0172868
0.947 -0.0174498
0.9475 -0.0176113
0.948 -0.0177813
0.9485 -0.0179497
0.949 -0.0181215
0.9495 -0.0182967
0.95 -0.0184703
0.9505 -0.0186523
0.951 -0.0188325
0.9515 -0.0190211
0.952 -0.0192079
0.9525 -0.019398
0.953 -0.0195913
0.9535 -0.0197928
0.954 -0.0199924
0.9545 -0.0201952
0.955 -0.0204011
0.9555 -0.020615
0.956 -0.0208269
0.9565 -0.0210467
0.957 -0.0212645
0.9575 -0.0214927
0.958 -0.0217203
0.9585 -0.0219551
0.959 -0.0221917
0.9595 -0.0224304
0.96 -0.0226768
0.9605 -0.0229252
0.961 -0.0231802
0.9615 -0.0234382
0.962 -0.0237035
0.9625 -0.0239711
0.963 -0.024241
0.9635 -0.0245236
0.964 -0.0248033
0.9645 -0.0250909
0.965 -0.0253855
0.9655 -0.0256879
0.966 -0.0259925
0.9665 -0.0263048
0.967 -0.0266251
0.9675 -0.0269474
0.968 -0.0272774
0.9685 -0.0276146
0.969 -0.0279593
0.9695 -0.0283109
0.97 -0.0286704
0.9705 -0.0290374
0.971 -0.0294108
0.9715 -0.0297916
0.972 -0.0301795
0.9725 -0.0305793
0.973 -0.0309862
0.9735 -0.0314042
0.974 -0.0318284
0.9745 -0.0322648
0.975 -0.0327119
0.9755 -0.0331701
0.976 -0.033635
0.9765 -0.0341144
0.977 -0.0346043
0.9775 -0.0351051
0.978 -0.0356199
0.9785 -0.0361447
0.979 -0.0366837
0.9795 -0.0372415
0.98 -0.0378075
0.9805 -0.0383924
0.981 -0.038989
0.9815 -0.0396034
0.982 -0.0402339
0.9825 -0.040881
0.983 -0.0415483
0.9835 -0.0422353
0.984 -0.0429415
0.9845 -0.0436664
0.985 -0.0444138
0.9855 -0.0451828
0.986 -0.0459769
0.9865 -0.0467915
0.987 -0.047639
0.9875 -0.0485083
0.988 -0.0494042
0.9885 -0.0503297
0.989 -0.0512876
0.9895 -0.0522766
0.99 -0.0533003
0.9905 -0.0543612
0.991 -0.0554555
0.9915 -0.0565885
0.992 -0.0577649
0.9925 -0.0589883
0.993 -0.0602557
0.9935 -0.0615707
0.994 -0.062941
0.9945 -0.0643622
0.995 -0.0658458
0.9955 -0.0673859
0.996 -0.0689986
0.9965 -0.0706754
0.997 -0.0724328
0.9975 -0.0742689
0.998 -0.0761877
0.9985 -0.078199
0.999 -0.080314
0.9995 -0.0825288
1 -0.0848598
1.0005 -0.0873103
1.001 -0.0898985
1.0015 -0.0926261
1.002 -0.0955093
1.0025 -0.0985646
1.003 -0.101801
1.0035 -0.105237
1.004 -0.108897
1.0045 -0.112793
1.005 -0.116961
1.0055 -0.121419
1.006 -0.126197
1.0065 -0.131341
1.007 -0.136882
1.0075 -0.142868
1.008 -0.14936
1.0085 -0.156422
1.009 -0.164119
1.0095 -0.172542
1.01 -0.181798
1.0105 -0.192006
1.011 -0.2033
1.0115 -0.215862
1.012 -0.229891
1.0125 -0.245622
1.013 -0.263346
1.0135 -0.283383
1.014 -0.306091
1.0145 -0.331872
1.015 -0.361006
1.0155 -0.393662
1.016 -0.429246
1.0165 -0.465872
1.017 -0.498591
1.0175 -0.516454
1.018 -0.499159
1.0185 -0.419056
1.019 -0.260347
1.0195 -0.0523317
1.02 0.138791
1.0205 0.267771
1.021 0.333909
1.0215 0.357352
1.022 0.356952
1.0225 0.344909
1.023 0.327923
1.0235 0.309443
1.024 0.29122
1.0245 0.273979
1.025 0.258023
1.0255 0.24341
1.026 0.230097
1.0265 0.217986
1.027 0.206967
1.0275 0.196928
1.028 0.187761
1.0285 0.17938
1.029 0.17169
1.0295 0.164615
1.03 0.158092
1.0305 0.152066
1.031 0.146484
1.0315 0.141294
1.032 0.136465
1.0325 0.131961
1.033 0.127748
1.0335 0.123806
1.034 0.120105
1.0345 0.116624
1.035 0.113344
1.0355 0.110255
1.036 0.107335
1.0365 0.104572
1.037 0.101953
1.0375 0.0994661
1.038 0.0971082
1.0385 0.0948614
1.039 0.0927291
1.0395 0.0906835
1.04 0.0887412
1.0405 0.0868852
1.041 0.0851046
1.0415 0.0834032
1.042 0.0817776
1.0425 0.0802123
1.043 0.0787113
1.0435 0.07727
1.044 0.0758826
1.0445 0.074552
1.045 0.0732692
1.0455 0.0720326
1.046 0.0708373
1.0465 0.0696918
1.047 0.0685801
1.0475 0.0675107
1.048 0.0664705
1.0485 0.0654706
1.049 0.0645
1.0495 0.0635642
1.05 0.0626556
1.0505 0.0617733
1.051 0.0609173
1.0515 0.0600926
1.052 0.0592885
1.0525 0.058507
1.053 0.0577495
1.0535 0.0570135
1.054 0.056297
1.0545 0.0556
1.055 0.0549235
1.0555 0.0542605
1.056 0.053619
1.0565 0.0529955
1.057 0.052382
1.0575 0.0517905
1.058 0.05121
1.0585 0.0506495
1.059 0.0500945
1.0595 0.049558
1.06 0.0490315
1.0605 0.048522
1.061 0.0480225
1.0615 0.04753
1.062 0.047054
1.0625 0.046585
1.063 0.046129
1.0635 0.045684
1.064 0.0452435
1.0645 0.0448145
1.065 0.0443955
1.0655 0.0439865
1.066 0.043585
1.0665 0.043192
1.067 0.0428065
1.0675 0.0424295
1.068 0.042058
1.0685 0.0416955
1.069 0.041339
1.0695 0.040992
1.07 0.040651
1.0705 0.0403145
1.071 0.039985
1.0715 0.0396605
1.072 0.0393435
1.0725 0.039029
1.073 0.038724
1.0735 0.0384215
1.074 0.03813
1.0745 0.037837
1.075 0.0375515
1.0755 0.0372725
1.076 0.036998
1.0765 0.0367255
1.077 0.03646
1.0775 0.0361985
1.078 0.0359405
1.0785 0.0356855
1.079 0.035435
1.0795 0.0351905
1.08 0.0349475
1.0805 0.034712
1.081 0.034476
1.0815 0.034245
1.082 0.034017
1.0825 0.0337955
1.083 0.0335745
1.0835 0.0333585
1.084 0.033141
1.0845 0.03293
1.085 0.032726
1.0855 0.0325205
1.086 0.0323185
1.0865 0.0321205
1.087 0.0319245
1.0875 0.031729
1.088 0.031537
1.0885 0.0313505
1.089 0.031166
1.0895 0.0309805
1.09 0.0308015
1.0905 0.030626
1.091 0.0304485
1.0915 0.030277
1.092 0.030103
1.0925 0.029936
1.093 0.029766
1.0935 0.0296015
1.094 0.029439
1.0945 0.0292775
1.095 0.0291225
1.0955 0.0289635
1.096 0.02881
1.0965 0.028658
1.097 0.0285065
1.0975 0.0283545
1.098 0.02821
1.0985 0.0280655
1.099 0.0279175
1.0995 0.027778
1.1 0.027635
1.1005 0.0274975
1.101 0.027361
1.1015 0.027224
1.102 0.0270895
1.1025 0.02696
1.103 0.026825
1.1035 0.0266955
1.104 0.0265685
1.1045 0.0264415
1.105 0.026315
1.1055 0.0261905
1.106 0.0260665
1.1065 0.0259475
1.107 0.0258255
1.1075 0.0257045
1.108 0.025591
1.1085 0.025473
1.109 0.0253565
1.1095 0.0252435
1.11 0.0251305
1.1105 0.0250155
1.111 0.0249065
1.1115 0.024796
1.112 0.024687
1.1125 0.0245805
1.113 0.024478
1.1135 0.0243715
1.114 0.024263
1.1145 0.0241645
1.115 0.024058
1.1155 0.02396
1.116 0.0238605
1.1165 0.0237605
1.117 0.023659
1.1175 0.023565
1.118 0.0234665
1.1185 0.0233705
1.119 0.023276
1.1195 0.0231815
1.12 0.0230885
1.1205 0.022996
1.121 0.0229045
1.1215 0.022814
1.122 0.0227245
1.1225 0.0226355
1.123 0.022547
1.1235 0.0224595
1.124 0.0223735
1.1245 0.022287
1.125 0.0222015
1.1255 0.0221175
1.126 0.022033
1.1265 0.0219515
1.127 0.0218685
1.1275 0.021787
1.128 0.021706
1.1285 0.021626
1.129 0.021546
1.1295 0.021467
1.13 0.0213885
1.1305 0.021312
1.131 0.0212345
1.1315 0.0211585
1.132 0.0210825
1.1325 0.0210075
1.133 0.020933
1.1335 0.020859
1.134 0.0207855
1.1345 0.020713
1.135 0.020641
1.1355 0.0205695
1.136 0.0204985
1.1365 0.020428
1.137 0.020358
1.1375 0.020288
1.138 0.02022
1.1385 0.020152
1.139 0.020084
1.1395 0.020017
1.14 0.01995
1.1405 0.0198835
1.141 0.019818
1.1415 0.019753
1.142 0.0196875
1.1425 0.019624
1.143 0.01956
1.1435 0.019497
1.144 0.019434
1.1445 0.0193715
1.145 0.0193095
1.1455 0.019249
1.146 0.019187
1.1465 0.019127
1.147 0.019067
1.1475 0.019007
1.148 0.018948
1.1485 0.018889
1.149 0.01883
1.1495 0.0187725
1.15 0.0187145
1.1505 0.0186575
1.151 0.0186
1.1515 0.0185445
1.152 0.018488
1.1525 0.018433
1.153 0.0183775
1.1535 0.0183225
1.154 0.018268
1.1545 0.018214
1.155 0.01816
1.1555 0.0181075
1.156 0.0180545
1.1565 0.0180015
1.157 0.0179495
1.1575 0.0178975
1.158 0.0178465
1.1585 0.017795
1.159 0.0177435
1.1595 0.0176935
1.16 0.017643
1.1605 0.0175935
1.161 0.0175435
1.1615 0.017495
1.162 0.017446
1.1625 0.017397
1.163 0.017349
1.1635 0.017301
1.164 0.0172535
1.1645 0.0172065
1.165 0.017159
1.1655 0.017113
1.166 0.017067
1.1665 0.0170205
1.167 0.0169745
1.1675 0.0169295
1.168 0.016884
1.1685 0.016839
1.169 0.016795
1.1695 0.0167505
1.17 0.0167065
1.1705 0.016663
1.171 0.0166195
1.1715 0.0165765
1.172 0.016533
1.1725 0.016491
1.173 0.016448
1.1735 0.0164065
1.174 0.016364
1.1745 0.016323
1.175 0.0162815
1.1755 0.016241
1.176 0.0161995
1.1765 0.0161595
1.177 0.016119
1.1775 0.016079
1.178 0.01604
1.1785 0.0159995
1.179 0.0159615
1.1795 0.0159235
1.18 0.0158825
1.1805 0.015842
1.181 0.015809
1.1815 0.0157705
1.182 0.0157305
1.1825 0.0156945
1.183 0.0156555
1.1835 0.015621
1.184 0.0155825
1.1845 0.015544
1.185 0.015507
1.1855 0.0154735
1.186 0.015435
1.1865 0.0154015
1.187 0.015368
1.1875 0.0153275
1.188 0.015297
1.1885 0.015261
1.189 0.015224
1.1895 0.01519
1.19 0.015156
1.1905 0.015121
1.191 0.0150905
1.1915 0.0150535
1.192 0.015022
1.1925 0.014989
1.193 0.014956
1.1935 0.0149225
1.194 0.014889
1.1945 0.01486
1.195 0.014825
1.1955 0.014796
1.196 0.014761
1.1965 0.014732
1.197 0.014702
1.1975 0.014668
1.198 0.014638
1.1985 0.0146085
1.199 0.0145745
1.1995 0.014546
1.2 0.014517
1.2005 0.0144845
1.201 0.0144575
1.2015 0.0144265
1.202 0.0143995
1.2025 0.0143705
1.203 0.01434
1.2035 0.014311
1.204 0.0142835
1.2045 0.014256
1.205 0.014225
1.2055 0.014195
1.206 0.0141665
1.2065 0.0141425
1.207 0.0141115
1.2075 0.014086
1.208 0.0140565
1.2085 0.0140295
1.209 0.0140025
1.2095 0.013978
1.21 0.0139495
1.2105 0.0139225
1.211 0.0138975
1.2115 0.013869
1.212 0.013843
1.2125 0.0138175
1.213 0.013795
1.2135 0.013769
1.214 0.0137445
1.2145 0.0137175
1.215 0.013693
1.2155 0.013666
1.216 0.0136405
1.2165 0.013617
1.217 0.013592
1.2175 0.013569
1.218 0.013543
1.2185 0.01352
1.219 0.0134945
1.2195 0.0134715
1.22 0.013448
1.2205 0.0134205
1.221 0.0133965
1.2215 0.013375
1.222 0.013351
1.2225 0.013327
1.223 0.013305
1.2235 0.013281
1.224 0.0132605
1.2245 0.0132335
1.225 0.0132155
1.2255 0.0131905
1.226 0.013168
1.2265 0.013146
1.227 0.0131215
1.2275 0.013101
1.228 0.01308
1.2285 0.0130565
1.229 0.013034
1.2295 0.0130145
1.23 0.0129935
1.2305 0.012968
1.231 0.0129505
1.2315 0.0129275
1.232 0.012904
1.2325 0.0128855
1.233 0.0128615
1.2335 0.012842
1.234 0.012822
1.2345 0.0128015
1.235 0.0127805
1.2355 0.01276
1.236 0.01274
1.2365 0.012719
1.237 0.012699
1.2375 0.012679
1.238 0.012654
1.2385 0.0126345
1.239 0.0126155
1.2395 0.012596
1.24 0.0125775
1.2405 0.0125575
1.241 0.0125345
1.2415 0.012516
1.242 0.0124965
1.2425 0.012478
1.243 0.0124585
1.2435 0.01244
1.244 0.0124195
1.2445 0.0123995
1.245 0.012379
1.2455 0.0123635
1.246 0.0123415
1.2465 0.0123245
1.247 0.0123065
1.2475 0.012283
1.248 0.012263
1.2485 0.012249
1.249 0.0122275
1.2495 0.012211
1.25 0.012193
1.2505 0.012173
1.251 0.012153
1.2515 0.012137
1.252 0.0121185
1.2525 0.0120995
1.253 0.0120785
1.2535 0.012062
1.254 0.012043
1.2545 0.012028
1.255 0.012006
1.2555 0.011987
1.256 0.0119715
1.2565 0.0119535
1.257 0.0119335
1.2575 0.011917
1.258 0.011899
1.2585 0.011882
1.259 0.0118635
1.2595 0.0118485
1.26 0.0118295
1.2605 0.011814
1.261 0.0117955
1.2615 0.0117745
1.262 0.011761
1.2625 0.011739
1.263 0.011725
1.2635 0.0117075
1.264 0.0116915
1.2645 0.011673
1.265 0.0116565
1.2655 0.011637
1.266 0.0116225
1.2665 0.011601
1.267 0.011587
1.2675 0.0115665
1.268 0.0115495
1.2685 0.0115335
1.269 0.0115195
1.2695 0.0115
1.27 0.011482
1.2705 0.011465
1.271 0.0114485
1.2715 0.0114335
1.272 0.011415
1.2725 0.0114
1.273 0.0113825
1.2735 0.0113655
1.274 0.011348
1.2745 0.011331
1.275 0.011314
1.2755 0.0112985
1.276 0.011281
1.2765 0.0112655
1.277 0.0112495
1.2775 0.0112325
1.278 0.011216
1.2785 0.0111985
1.279 0.011181
1.2795 0.0111685
1.28 0.01115
1.2805 0.0111355
1.281 0.0111165
1.2815 0.011101
1.282 0.0110845
1.2825 0.011068
1.283 0.011049
1.2835 0.011035
1.284 0.011019
1.2845 0.0110025
1.285 0.010984
1.2855 0.010969
1.286 0.010953
1.2865 0.010935
1.287 0.010921
1.2875 0.0109045
1.288 0.0108855
1.2885 0.0108715
1.289 0.010854
1.2895 0.0108355
1.29 0.01082
1.2905 0.0108025
1.291 0.0107895
1.2915 0.0107735
1.292 0.010756
1.2925 0.0107375
1.293 0.010722
1.2935 0.0107045
1.294 0.0106915
1.2945 0.0106765
1.295 0.010656
1.2955 0.0106425
1.296 0.010624
1.2965 0.010609
1.297 0.0105935
1.2975 0.0105755
1.298 0.010562
1.2985 0.010542
1.299 0.010527
1.2995 0.01051
1.3 0.0104935
1.3005 0.01048
1.301 0.010461
1.3015 0.0104465
1.302 0.0104295
1.3025 0.010414
1.303 0.010397
1.3035 0.0103795
1.304 0.010361
1.3045 0.010348
1.305 0.010329
1.3055 0.0103155
1.306 0.010295
1.3065 0.0102805
1.307 0.010265
1.3075 0.0102445
1.308 0.0102295
1.3085 0.0102145
1.309 0.010199
1.3095 0.010184
1.31 0.010164
1.3105 0.010149
1.311 0.0101335
1.3115 0.0101145
1.312 0.0101
1.3125 0.010081
1.313 0.0100675
1.3135 0.01005
1.314 0.0100345
1.3145 0.010017
1.315 0.01
1.3155 0.0099815
1.316 0.009968
1.3165 0.0099485
1.317 0.009934
1.3175 0.0099185
1.318 0.009903
1.3185 0.009883
1.319 0.0098675
1.3195 0.009851
1.32 0.0098355
1.3205 0.0098195
1.321 0.009804
1.3215 0.0097875
1.322 0.009767
1.3225 0.009752
1.323 0.009737
1.3235 0.0097225
1.324 0.0097035
1.3245 0.009685
1.325 0.009672
1.3255 0.009655
1.326 0.009638
1.3265 0.009623
1.327 0.009608
1.3275 0.0095895
1.328 0.009571
1.3285 0.009555
1.329 0.009539
1.3295 0.0095245
1.33 0.0095065
1.3305 0.009489
1.331 0.0094735
1.3315 0.0094595
1.332 0.0094425
1.3325 0.0094265
1.333 0.009412
1.3335 0.0093945
1.334 0.0093795
1.3345 0.00936
1.335 0.009343
1.3355 0.0093285
1.336 0.009311
1.3365 0.0092955
1.337 0.009282
1.3375 0.0092655
1.338 0.009246
1.3385 0.0092305
1.339 0.009216
1.3395 0.009199
1.34 0.009185
1.3405 0.009168
1.341 0.009153
1.3415 0.0091345
1.342 0.0091195
1.3425 0.009106
1.343 0.009089
1.3435 0.00907
1.344 0.009057
1.3445 0.009042
1.345 0.009023
1.3455 0.009007
1.346 0.008992
1.3465 0.0089785
1.347 0.0089625
1.3475 0.0089435
1.348 0.00893
1.3485 0.008914
1.349 0.008899
1.3495 0.008881
1.35 0.0088645
1.3505 0.00885
1.351 0.0088355
1.3515 0.0088185
1.352 0.0088025
1.3525 0.0087885
1.353 0.0087705
1.3535 0.008758
1.354 0.0087425
1.3545 0.0087275
1.355 0.00871
1.3555 0.008697
1.356 0.008681
1.3565 0.008666
1.357 0.008646
1.3575 0.0086335
1.358 0.008616
1.3585 0.008604
1.359 0.0085885
1.3595 0.0085735
1.36 0.0085545
1.3605 0.008541
1.361 0.0085275
1.3615 0.0085105
1.362 0.008494
1.3625 0.0084825
1.363 0.0084675
1.3635 0.0084525
1.364 0.008437
1.3645 0.0084175
1.365 0.0084035
1.3655 0.00839
1.366 0.008376
1.3665 0.0083625
1.367 0.0083445
1.3675 0.0083315
1.368 0.0083135
1.3685 0.0083005
1.369 0.0082875
1.3695 0.008269
1.37 0.008256
1.3705 0.008243
1.371 0.00823
1.3715 0.0082105
1.372 0.0081965
1.3725 0.008182
1.373 0.008168
1.3735 0.008153
1.374 0.0081425
1.3745 0.008126
1.375 0.00811
1.3755 0.0080975
1.376 0.00808
1.3765 0.0080665
1.377 0.008052
1.3775 0.008037
1.378 0.008027
1.3785 0.0080105
1.379 0.007998
1.3795 0.0079845
1.38 0.00797
1.3805 0.007955
1.381 0.0079385
1.3815 0.007926
1.382 0.0079125
1.3825 0.007897
1.383 0.007886
1.3835 0.0078685
1.384 0.007855
1.3845 0.0078445
1.385 0.007828
1.3855 0.007815
1.386 0.0078
1.3865 0.007789
1.387 0.0077765
1.3875 0.007762
1.388 0.0077495
1.3885 0.0077315
1.389 0.007722
1.3895 0.0077055
1.39 0.0076925
1.3905 0.007683
1.391 0.007666
1.3915 0.007653
1.392 0.0076385
1.3925 0.0076275
1.393 0.0076145
1.3935 0.0076005
1.394 0.0075895
1.3945 0.0075775
1.395 0.0075635
1.3955 0.0075495
1.396 0.007538
1.3965 0.0075255
1.397 0.007511
1.3975 0.0075005
1.398 0.007484
1.3985 0.0074715
1.399 0.0074625
1.3995 0.0074475
1.4 0.007436
1.4005 0.007424
1.401 0.00741
1.4015 0.0073975
1.402 0.007385
1.4025 0.0073745
1.403 0.007359
1.4035 0.00735
1.404 0.007337
1.4045 0.0073245
1.405 0.0073135
1.4055 0.0072975
1.406 0.007288
1.4065 0.0072735
1.407 0.007266
1.4075 0.007253
1.408 0.007241
1.4085 0.007231
1.409 0.007215
1.4095 0.007205
1.41 0.0071955
1.4105 0.007182
1.411 0.0071685
1.4115 0.007161
1.412 0.0071485
1.4125 0.0071355
1.413 0.007124
1.4135 0.007113
1.414 0.0071025
1.4145 0.0070915
1.415 0.007081
1.4155 0.00707
1.416 0.00706
1.4165 0.007045
1.417 0.007035
1.4175 0.007025
1.418 0.007016
1.4185 0.0070055
1.419 0.0069955
1.4195 0.00698
1.42 0.00697
1.4205 0.0069595
1.421 0.0069545
1.4215 0.0069435
1.422 0.006932
1.4225 0.0069205
1.423 0.006909
1.4235 0.0069015
1.424 0.0068895
1.4245 0.0068815
1.425 0.006872
1.4255 0.0068625
1.426 0.006853
1.4265 0.0068425
1.427 0.006832
1.4275 0.006825
1.428 0.006813
1.4285 0.006804
1.429 0.006795
1.4295 0.006785
1.43 0.006774
1.4305 0.006767
1.431 0.006759
1.4315 0.0067505
1.432 0.00674
1.4325 0.0067285
1.433 0.0067215
1.4335 0.0067125
1.434 0.006703
1.4345 0.006697
1.435 0.0066895
1.4355 0.0066795
1.436 0.0066705
1.4365 0.006663
1.437 0.006655
1.4375 0.006645
1.438 0.006638
1.4385 0.00663
1.439 0.006625
1.4395 0.006613
1.44 0.0066095
1.4405 0.006599
1.441 0.006591
1.4415 0.0065866
1.442 0.0065746
1.4425 0.00656955
1.443 0.00656295
1.4435 0.0065543
1.444 0.0065482
1.4445 0.00653895
1.445 0.0065323
1.4455 0.00652755
1.446 0.0065204
1.4465 0.00651475
1.447 0.00650705
1.4475 0.00650045
1.448 0.0064964
1.4485 0.0064894
1.449 0.0064835
1.4495 0.0064746
1.45 0.00647235
1.4505 0.00646615
1.451 0.0064566
1.4515 0.0064542
1.452 0.00644835
1.4525 0.0064392
1.453 0.0064332
1.4535 0.0064283
1.454 0.0064256
1.4545 0.0064205
1.455 0.0064125
1.4555 0.0064075
1.456 0.006405
1.4565 0.006401
1.457 0.0063935
1.4575 0.00639
1.458 0.0063845
1.4585 0.006382
1.459 0.006378
1.4595 0.0063725
1.46 0.006366
1.4605 0.006362
1.461 0.0063575
1.4615 0.0063575
1.462 0.0063505
1.4625 0.0063485
1.463 0.006346
1.4635 0.006342
1.464 0.0063375
1.4645 0.0063325
1.465 0.0063275
1.4655 0.006328
1.466 0.0063225
1.4665 0.006323
1.467 0.0063185
1.4675 0.006314
1.468 0.00631
1.4685 0.0063115
1.469 0.0063095
1.4695 0.0063025
1.47 0.006301
1.4705 0.006302
1.471 0.0062985
1.4715 0.0062965
1.472 0.0062955
1.4725 0.0062905
1.473 0.0062935
1.4735 0.0062875
1.474 0.00629
1.4745 0.006288
1.475 0.0062835
1.4755 0.0062865
1.476 0.0062815
1.4765 0.0062845
1.477 0.0042755
1.4775 0.0007945
1.478 0
1.4785 0
1.479 0
1.4795 0
1.48 0
1.4805 0
1.481 0
1.4815 0
1.482 0
1.4825 0
1.483 0
1.4835 0
1.484 0
1.4845 0
1.485 0
1.4855 0
1.486 0
1.4865 0
1.487 0
1.4875 0
1.488 0
1.4885 0
1.489 0
1.4895 0
1.49 0
1.4905 0
1.491 0
1.4915 0
1.492 0
1.4925 0
1.493 0
1.4935 0
1.494 0
1.4945 0
1.495 0
1.4955 0
1.496 0
1.4965 0
1.497 0
1.4975 0
1.498 0
1.4985 0
1.499 0
1.4995 0
1.5 0
1.5005 0
1.501 0
1.5015 0
1.502 0
1.5025 0
1.503 0
1.5035 0
1.504 0
1.5045 0
1.505 0
1.5055 0
1.506 0
1.5065 0
1.507 0
1.5075 0
1.508 0
1.5085 0
1.509 0
1.5095 0
1.51 0
1.5105 0
1.511 0
1.5115 0
1.512 0
1.5125 0
1.513 0
1.5135 0
1.514 0
1.5145 0
1.515 0
1.5155 0
1.516 0
1.5165 0
1.517 0
1.5175 0
1.518 0
1.5185 0
1.519 0
1.5195 0
1.52 0
1.5205 0
1.521 0
1.5215 0
1.522 0
1.5225 0
1.523 0
1.5235 0
1.524 0
1.5245 0
1.525 0
1.5255 0
1.526 0
1.5265 0
1.527 0
1.5275 0
1.528 0
1.5285 0
1.529 0
1.5295 0
1.53 0
1.5305 0
1.531 0
1.5315 0
1.532 0
1.5325 0
1.533 0
1.5335 0
1.534 0
1.5345 0
1.535 0
1.5355 0
1.536 0
1.5365 0
1.537 0
1.5375 0
1.538 0
1.5385 0
1.539 0
1.5395 0
1.54 0
1.5405 0
1.541 0
1.5415 0
1.542 0
1.5425 0
1.543 0
1.5435 0
1.544 0
1.5445 0
1.545 0
1.5455 0
1.546 0
1.5465 0
1.547 0
1.5475 0
1.548 0
1.5485 0
1.549 0
1.5495 0
1.55 0
1.5505 0
1.551 0
1.5515 0
1.552 0
1.5525 0
1.553 0
1.5535 0
1.554 0
1.5545 0
1.555 0
1.5555 0
1.556 0
1.5565 0
1.557 0
1.5575 0
1.558 0
1.5585 0
1.559 0
1.5595 0
1.56 0
1.5605 0
1.561 0
1.5615 0
1.562 0
1.5625 0
1.563 0
1.5635 0
1.564 0
1.5645 0
1.565 0
1.5655 0
1.566 0
1.5665 0
1.567 0
1.5675 0
1.568 0
1.5685 0
1.569 0
1.5695 0
1.57 0
1.5705 0
1.571 0
1.5715 0
1.572 0
1.5725 0
1.573 0
1.5735 0
1.574 0
1.5745 0
1.575 0
1.5755 0
1.576 0
1.5765 0
1.577 0
1.5775 0
1.578 0
1.5785 0
1.579 0
1.5795 0
1.58 0
1.5805 0
1.581 0
1.5815 0
1.582 0
1.5825 0
1.583 0
1.5835 0
1.584 0
1.5845 0
1.585 0
1.5855 0
1.586 0
1.5865 0
1.587 0
1.5875 0
1.588 0
1.5885 0
1.589 0
1.5895 0
1.59 0
1.5905 0
1.591 0
1.5915 0
1.592 0
1.5925 0
1.593 0
1.5935 0
1.594 0
1.5945 0
1.595 0
1.5955 0
1.596 0
1.5965 0
1.597 0
1.5975 0
1.598 0
1.5985 0
1.599 0
1.5995 0
1.6 0
1.6005 0
1.601 0
1.6015 0
1.602 0
1.6025 0
1.603 0
1.6035 0
1.604 0
1.6045 0
1.605 0
1.6055 0
1.606 0
1.6065 0
1.607 0
1.6075 0
1.608 0
1.6085 0
1.609 0
1.6095 0
1.61 0
1.6105 0
1.611 0
1.6115 0
1.612 0
1.6125 0
1.613 0
1.6135 0
1.614 0
1.6145 0
1.615 0
1.6155 0
1.616 0
1.6165 0
1.617 0
1.6175 0
1.618 0
1.6185 0
1.619 0
1.6195 0
1.62 0
1.6205 0
1.621 0
1.6215 0
1.622 0
1.6225 0
1.623 0
1.6235 0
1.624 0
1.6245 0
1.625 0
1.6255 0
1.626 0
1.6265 0
1.627 0
1.6275 0
1.628 0
1.6285 0
1.629 0
1.6295 0
1.63 0
1.6305 0
1.631 0
1.6315 0
1.632 0
1.6325 0
1.633 0
1.6335 0
1.634 0
1.6345 0
1.635 0
1.6355 0
1.636 0
1.6365 0
1.637 0
1.6375 0
1.638 0
1.6385 0
1.639 0
1.6395 0
1.64 0
1.6405 0
1.641 0
1.6415 0
1.642 0
1.6425 0
1.643 0
1.6435 0
1.644 0
1.6445 0
1.645 0
1.6455 0
1.646 0
1.6465 0
1.647 0
1.6475 0
1.648 0
1.6485 0
1.649 0
1.6495 0
1.65 0
1.6505 0
1.651 0
1.6515 0
1.652 0
1.6525 0
1.653 0
1.6535 0
1.654 0
1.6545 0
1.655 0
1.6555 0
1.656 0
1.6565 0
1.657 0
1.6575 0
1.658 0
1.6585 0
1.659 0
1.6595 0
1.66 0
1.6605 0
1.661 0
1.6615 0
1.662 0
1.6625 0
1.663 0
1.6635 0
1.664 0
1.6645 0
1.665 0
1.6655 0
1.666 0
1.6665 0
1.667 0
1.6675 0
1.668 0
1.6685 0
1.669 0
1.6695 0
1.67 0
1.6705 0
1.671 0
1.6715 0
1.672 0
1.6725 0
1.673 0
1.6735 0
1.674 0
1.6745 0
1.675 0
1.6755 0
1.676 0
1.6765 0
1.677 0
1.6775 0
1.678 0
1.6785 0
1.679 0
1.6795 0
1.68 0
1.6805 0
1.681 0
1.6815 0
1.682 0
1.6825 0
1.683 0
1.6835 0
1.684 0
1.6845 0
1.685 0
1.6855 0
1.686 0
1.6865 0
1.687 0
1.6875 0
1.688 0
1.6885 0
1.689 0
1.6895 0
1.69 0
1.6905 0
1.691 0
1.6915 0
1.692 0
1.6925 0
1.693 0
1.6935 0
1.694 0
1.6945 0
1.695 0
1.6955 0
1.696 0
1.6965 0
1.697 0
1.6975 0
1.698 0
1.6985 0
1.699 0
1.6995 0
1.7 0
1.7005 0
1.701 0
1.7015 0
1.702 0
1.7025 0
1.703 0
1.7035 0
1.704 0
1.7045 0
1.705 0
1.7055 0
1.706 0
1.7065 0
1.707 0
1.7075 0
1.708 0
1.7085 0
1.709 0
1.7095 0
1.71 0
1.7105 0
1.711 0
1.7115 0
1.712 0
1.7125 0
1.713 0
1.7135 0
1.714 0
1.7145 0
1.715 0
1.7155 0
1.716 0
1.7165 0
1.717 0
1.7175 0
1.718 0
1.7185 0
1.719 0
1.7195 0
1.72 0
1.7205 0
1.721 0
1.7215 0
1.722 0
1.7225 0
1.723 0
1.7235 0
1.724 0
1.7245 0
1.725 0
1.7255 0
1.726 0
1.7265 0
1.727 0
1.7275 0
1.728 0
1.7285 0
1.729 0
1.7295 0
1.73 0
1.7305 0
1.731 0
1.7315 0
1.732 0
1.7325 0
1.733 0
1.7335 0
1.734 0
1.7345 0
1.735 0
1.7355 0
1.736 0
1.7365 0
1.737 0
1.7375 0
1.738 0
1.7385 0
1.739 0
1.7395 0
1.74 0
1.7405 0
1.741 0
1.7415 0
1.742 0
1.7425 0
1.743 0
1.7435 0
1.744 0
1.7445 0
1.745 0
1.7455 0
1.746 0
1.7465 0
1.747 0
1.7475 0
1.748 0
1.7485 0
1.749 0
1.7495 0
1.75 0
1.7505 0
1.751 0
1.7515 0
1.752 0
1.7525 0
1.753 0
1.7535 0
1.754 0
1.7545 0
1.755 0
1.7555 0
1.756 0
1.7565 0
1.757 0
1.7575 0
1.758 0
1.7585 0
1.759 0
1.7595 0
1.76 0
1.7605 0
1.761 0
1.7615 0
1.762 0
1.7625 0
1.763 0
1.7635 0
1.764 0
1.7645 0
1.765 0
1.7655 0
1.766 0
1.7665 0
1.767 0
1.7675 0
1.768 0
1.7685 0
1.769 0
1.7695 0
1.77 0
1.7705 0
1.771 0
1.7715 0
1.772 0
1.7725 0
1.773 0
1.7735 0
1.774 0
1.7745 0
1.775 0
1.7755 0
1.776 0
1.7765 0
1.777 0
1.7775 0
1.778 0
1.7785 0
1.779 0
1.7795 0
1.78 0
1.7805 0
1.781 0
1.7815 0
1.782 0
1.7825 0
1.783 0
1.7835 0
1.784 0
1.7845 0
1.785 0
1.7855 0
1.786 0
1.7865 0
1.787 0
1.7875 0
1.788 0
1.7885 0
1.789 0
1.7895 0
1.79 0
1.7905 0
1.791 0
1.7915 0
1.792 0
1.7925 0
1.793 0
1.7935 0
1.794 0
1.7945 0
1.795 0
1.7955 0
1.796 0
1.7965 0
1.797 0
1.7975 0
1.798 0
1.7985 0
1.799 0
1.7995 0
1.8 0
1.8005 0
1.801 0
1.8015 0
1.802 0
1.8025 0
1.803 0
1.8035 0
1.804 0
1.8045 0
1.805 0
1.8055 0
1.806 0
1.8065 0
1.807 0
1.8075 0
1.808 0
1.8085 0
1.809 0
1.8095 0
1.81 0
1.8105 0
1.811 0
1.8115 0
1.812 0
1.8125 0
1.813 0
1.8135 0
1.814 0
1.8145 0
1.815 0
1.8155 0
1.816 0
1.8165 0
1.817 0
1.8175 0
1.818 0
1.8185 0
1.819 0
1.8195 0
1.82 0
1.8205 0
1.821 0
1.8215 0
1.822 0
1.8225 0
1.823 0
1.8235 0
1.824 0
1.8245 0
1.825 0
1.8255 0
1.826 0
1.8265 0
1.827 0
1.8275 0
1.828 0
1.8285 0
1.829 0
1.8295 0
1.83 0
1.8305 0
1.831 0
1.8315 0
1.832 0
1.8325 0
1.833 0
1.8335 0
1.834 0
1.8345 0
1.835 0
1.8355 0
1.836 0
1.8365 0
1.837 0
1.8375 0
1.838 0
1.8385 0
1.839 0
1.8395 0
1.84 0
1.8405 0
1.841 0
1.8415 0
1.842 0
1.8425 0
1.843 0
1.8435 0
1.844 0
1.8445 0
1.845 0
1.8455 0
1.846 0
1.8465 0
1.847 0
1.8475 0
1.848 0
1.8485 0
1.849 0
1.8495 0
1.85 0
1.8505 0
1.851 0
1.8515 0
1.852 0
1.8525 0
1.853 0
1.8535 0
1.854 0
1.8545 0
1.855 0
1.8555 0
1.856 0
1.8565 0
1.857 0
1.8575 0
1.858 0
1.8585 0
1.859 0
1.8595 0
1.86 0
1.8605 0
1.861 0
1.8615 0
1.862 0
1.8625 0
1.863 0
1.8635 0
1.864 0
1.8645 0
1.865 0
1.8655 0
1.866 0
1.8665 0
1.867 0
1.8675 0
1.868 0
1.8685 0
1.869 0
1.8695 0
1.87 0
1.8705 0
1.871 0
1.8715 0
1.872 0
1.8725 0
1.873 0
1.8735 0
1.874 0
1.8745 0
1.875 0
1.8755 0
1.876 0
1.8765 0
1.877 0
1.8775 0
1.878 0
1.8785 0
1.879 0
1.8795 0
1.88 0
1.8805 0
1.881 0
1.8815 0
1.882 0
1.8825 0
1.883 0
1.8835 0
1.884 0
1.8845 0
1.885 0
1.8855 0
1.886 0
1.8865 0
1.887 0
1.8875 0
1.888 0
1.8885 0
1.889 0
1.8895 0
1.89 0
1.8905 0
1.891 0
1.8915 0
1.892 0
1.8925 0
1.893 0
1.8935 0
1.894 0
1.8945 0
1.895 0
1.8955 0
1.896 0
1.8965 0
1.897 0
1.8975 0
1.898 0
1.8985 0
1.899 0
1.8995 0
1.9 0
1.9005 0
1.901 0
1.9015 0
1.902 0
1.9025 0
1.903 0
1.9035 0
1.904 0
1.9045 0
1.905 0
1.9055 0
1.906 0
1.9065 0
1.907 0
1.9075 0
1.908 0
1.9085 0
1.909 0
1.9095 0
1.91 0
1.9105 0
1.911 0
1.9115 0
1.912 0
1.9125 0
1.913 0
1.9135 0
1.914 0
1.9145 0
1.915 0
1.9155 0
1.916 0
1.9165 0
1.917 0
1.9175 0
1.918 0
1.9185 0
1.919 0
1.9195 0
1.92 0
1.9205 0
1.921 0
1.9215 0
1.922 0
1.9225 0
1.923 0
1.9235 0
1.924 0
1.9245 0
1.925 0
1.9255 0
1.926 0
1.9265 0
1.927 0
1.9275 0
1.928 0
1.9285 0
1.929 0
1.9295 0
1.93 0
1.9305 0
1.931 0
1.9315 0
1.932 0
1.9325 0
1.933 0
1.9335 0
1.934 0
1.9345 0
1.935 0
1.9355 0
1.936 0
1.9365 0
1.937 0
1.9375 0
1.938 0
1.9385 0
1.939 0
1.9395 0
1.94 0
1.9405 0
1.941 0
1.9415 0
1.942 0
1.9425 0
1.943 0
1.9435 0
1.944 0
1.9445 0
1.945 0
1.9455 0
1.946 0
1.9465 0
1.947 0
1.9475 0
1.948 0
1.9485 0
1.949 0
1.9495 0
1.95 0
1.9505 0
1.951 0
1.9515 0
1.952 0
1.9525 0
1.953 0
1.9535 0
1.954 0
1.9545 0
1.955 0
1.9555 0
1.956 0
1.9565 0
1.957 0
1.9575 0
1.958 0
1.9585 0
1.959 0
1.9595 0
1.96 0
1.9605 0
1.961 0
1.9615 0
1.962 0
1.9625 0
1.963 0
1.9635 0
1.964 0
1.9645 0
1.965 0
1.9655 0
1.966 0
1.9665 0
1.967 0
1.9675 0
1.968 0
1.9685 0
1.969 0
1.9695 0
1.97 0
1.9705 0
1.971 0
1.9715 0
1.972 0
1.9725 0
1.973 0
1.9735 0
1.974 0
1.9745 0
1.975 0
1.9755 0
1.976 0
1.9765 0
1.977 0
1.9775 0
1.978 0
1.9785 0
1.979 0
1.9795 0
1.98 0
1.9805 0
1.981 0
1.9815 0
1.982 0
1.9825 0
1.983 0
1.9835 0
1.984 0
1.9845 0
1.985 0
1.9855 0
1.986 0
1.9865 0
1.987 0
1.9875 0
1.988 0
1.9885 0
1.989 0
1.9895 0
1.99 0
1.9905 0
1.991 0
1.9915 0
1.992 0
1.9925 0
1.993 0
1.9935 0
1.994 0
1.9945 0
1.995 0
1.9955 0
1.996 0
1.9965 0
1.997 0
1.9975 0
1.998 0
1.9985 0
1.999 0
1.9995 0
2 0
