0.1355 3.36227e-13
0.136 2.67626e-12
0.1365 8.98715e-12
0.137 2.11969e-11
0.1375 4.11954e-11
0.138 7.08359e-11
0.1385 1.11936e-10
0.139 1.66277e-10
0.1395 2.35608e-10
0.14 3.21646e-10
0.1405 4.26072e-10
0.141 5.5054e-10
0.1415 6.96673e-10
0.142 8.66062e-10
0.1425 1.06027e-09
0.143 1.28084e-09
0.1435 1.52927e-09
0.144 1.80706e-09
0.1445 2.11565e-09
0.145 2.45649e-09
0.1455 2.83097e-09
0.146 3.24049e-09
0.1465 3.6864e-09
0.147 4.17005e-09
0.1475 4.69276e-09
0.148 5.25582e-09
0.1485 5.86051e-09
0.149 6.50809e-09
0.1495 7.1998e-09
0.15 7.93685e-09
0.1505 8.72045e-09
0.151 9.55178e-09
0.1515 1.0432e-08
0.152 1.13623e-08
0.1525 1.23437e-08
0.153 1.33775e-08
0.1535 1.44646e-08
0.154 1.56062e-08
0.1545 1.68034e-08
0.155 1.80572e-08
0.1555 1.93687e-08
0.156 2.07389e-08
0.1565 2.21687e-08
0.157 2.36593e-08
0.1575 2.52116e-08
0.158 2.68266e-08
0.1585 2.85052e-08
0.159 3.02485e-08
0.1595 3.20573e-08
0.16 3.39326e-08
0.1605 3.58753e-08
0.161 3.78864e-08
0.1615 3.99668e-08
0.162 4.21173e-08
0.1625 4.43388e-08
0.163 4.66323e-08
0.1635 4.89985e-08
0.164 5.14384e-08
0.1645 5.39528e-08
0.165 5.65426e-08
0.1655 5.92085e-08
0.166 6.19515e-08
0.1665 6.47723e-08
0.167 6.76718e-08
0.1675 7.06507e-08
0.168 7.37099e-08
0.1685 7.68502e-08
0.169 8.00724e-08
0.1695 8.33772e-08
0.17 8.67655e-08
0.1705 9.02379e-08
0.171 9.37954e-08
0.1715 9.74385e-08
0.172 1.01168e-07
0.1725 1.04985e-07
0.173 1.0889e-07
0.1735 1.12884e-07
0.174 1.16967e-07
0.1745 1.2114e-07
0.175 1.25404e-07
0.1755 1.2976e-07
0.176 1.34209e-07
0.1765 1.3875e-07
0.177 1.43386e-07
0.1775 1.48116e-07
0.178 1.52941e-07
0.1785 1.57862e-07
0.179 1.6288e-07
0.1795 1.67995e-07
0.18 1.73208e-07
0.1805 1.7852e-07
0.181 1.83932e-07
0.1815 1.89443e-07
0.182 1.95056e-07
0.1825 2.0077e-07
0.183 2.06586e-07
0.1835 2.12505e-07
0.184 2.18528e-07
0.1845 2.24655e-07
0.185 2.30887e-07
0.1855 2.37224e-07
0.186 2.43668e-07
0.1865 2.50219e-07
0.187 2.56877e-07
0.1875 2.63644e-07
0.188 2.7052e-07
0.1885 2.77505e-07
0.189 2.84601e-07
0.1895 2.91807e-07
0.19 2.99125e-07
0.1905 3.06556e-07
0.191 3.141e-07
0.1915 3.21757e-07
0.192 3.29528e-07
0.1925 3.37415e-07
0.193 3.45417e-07
0.1935 3.53535e-07
0.194 3.6177e-07
0.1945 3.70123e-07
0.195 3.78595e-07
0.1955 3.87185e-07
0.196 3.95894e-07
0.1965 4.04725e-07
0.197 4.13676e-07
0.1975 4.22748e-07
0.198 4.31943e-07
0.1985 4.41261e-07
0.199 4.50702e-07
0.1995 4.60268e-07
0.2 4.69958e-07
0.2005 4.79774e-07
0.201 4.89717e-07
0.2015 4.99786e-07
0.202 5.09983e-07
0.2025 5.20308e-07
0.203 5.30763e-07
0.2035 5.41346e-07
0.204 5.52061e-07
0.2045 5.62906e-07
0.205 5.73882e-07
0.2055 5.84991e-07
0.206 5.96233e-07
0.2065 6.07609e-07
0.207 6.19119e-07
0.2075 6.30764e-07
0.208 6.42545e-07
0.2085 6.54462e-07
0.209 6.66517e-07
0.2095 6.78709e-07
0.21 6.91039e-07
0.2105 7.03509e-07
0.211 7.16119e-07
0.2115 7.28869e-07
0.212 7.41761e-07
0.2125 7.54794e-07
0.213 7.6797e-07
0.2135 7.8129e-07
0.214 7.94753e-07
0.2145 8.08362e-07
0.215 8.22115e-07
0.2155 8.36015e-07
0.216 8.50062e-07
0.2165 8.64257e-07
0.217 8.786e-07
0.2175 8.93092e-07
0.218 9.07734e-07
0.2185 9.22526e-07
0.219 9.37469e-07
0.2195 9.52565e-07
0.22 9.67813e-07
0.2205 9.83215e-07
0.221 9.98771e-07
0.2215 1.01448e-06
0.222 1.03035e-06
0.2225 1.04637e-06
0.223 1.06255e-06
0.2235 1.07889e-06
0.224 1.09539e-06
0.2245 1.11204e-06
0.225 1.12886e-06
0.2255 1.14583e-06
0.226 1.16297e-06
0.2265 1.18027e-06
0.227 1.19774e-06
0.2275 1.21537e-06
0.228 1.23316e-06
0.2285 1.25112e-06
0.229 1.26925e-06
0.2295 1.28754e-06
0.23 1.306e-06
0.2305 1.32463e-06
0.231 1.34343e-06
0.2315 1.3624e-06
0.232 1.38154e-06
0.2325 1.40085e-06
0.233 1.42033e-06
0.2335 1.43999e-06
0.234 1.45982e-06
0.2345 1.47983e-06
0.235 1.50002e-06
0.2355 1.52038e-06
0.236 1.54091e-06
0.2365 1.56163e-06
0.237 1.58253e-06
0.2375 1.60361e-06
0.238 1.62486e-06
0.2385 1.6463e-06
0.239 1.66792e-06
0.2395 1.68973e-06
0.24 1.71172e-06
0.2405 1.7339e-06
0.241 1.75626e-06
0.2415 1.77881e-06
0.242 1.80154e-06
0.2425 1.82447e-06
0.243 1.84759e-06
0.2435 1.87089e-06
0.244 1.89439e-06
0.2445 1.91808e-06
0.245 1.94196e-06
0.2455 1.96604e-06
0.246 1.99031e-06
0.2465 2.01478e-06
0.247 2.03945e-06
0.2475 2.06431e-06
0.248 2.08937e-06
0.2485 2.11464e-06
0.249 2.1401e-06
0.2495 2.16576e-06
0.25 2.19163e-06
0.2505 2.2177e-06
0.251 2.24398e-06
0.2515 2.27046e-06
0.252 2.29714e-06
0.2525 2.32404e-06
0.253 2.35114e-06
0.2535 2.37845e-06
0.254 2.40597e-06
0.2545 2.43371e-06
0.255 2.46165e-06
0.2555 2.48981e-06
0.256 2.51818e-06
0.2565 2.54677e-06
0.257 2.57558e-06
0.2575 2.6046e-06
0.258 2.63384e-06
0.2585 2.6633e-06
0.259 2.69298e-06
0.2595 2.72288e-06
0.26 2.75301e-06
0.2605 2.78335e-06
0.261 2.81393e-06
0.2615 2.84473e-06
0.262 2.87575e-06
0.2625 2.907e-06
0.263 2.93848e-06
0.2635 2.9702e-06
0.264 3.00214e-06
0.2645 3.03431e-06
0.265 3.06672e-06
0.2655 3.09936e-06
0.266 3.13224e-06
0.2665 3.16536e-06
0.267 3.19871e-06
0.2675 3.2323e-06
0.268 3.26613e-06
0.2685 3.3002e-06
0.269 3.33452e-06
0.2695 3.36907e-06
0.27 3.40388e-06
0.2705 3.43892e-06
0.271 3.47422e-06
0.2715 3.50976e-06
0.272 3.54555e-06
0.2725 3.5816e-06
0.273 3.61789e-06
0.2735 3.65444e-06
0.274 3.69124e-06
0.2745 3.7283e-06
0.275 3.76561e-06
0.2755 3.80318e-06
0.276 3.84101e-06
0.2765 3.8791e-06
0.277 3.91745e-06
0.2775 3.95606e-06
0.278 3.99494e-06
0.2785 4.03409e-06
0.279 4.0735e-06
0.2795 4.11317e-06
0.28 4.15312e-06
0.2805 7.32387e-05
0.281 0.000199462
0.2815 0.000362811
0.282 0.000556121
0.2825 0.000775239
0.283 0.00101735
0.2835 0.00128038
0.284 0.0015627
0.2845 0.00186303
0.285 0.00218026
0.2855 0.00251347
0.286 0.00286186
0.2865 0.00322473
0.287 0.00360145
0.2875 0.00399147
0.288 0.00439427
0.2885 0.0048094
0.289 0.00523643
0.2895 0.00567498
0.29 0.00612466
0.2905 0.00658516
0.291 0.00705615
0.2915 0.00753734
0.292 0.00802845
0.2925 0.00852921
0.293 0.00903938
0.2935 0.00955872
0.294 0.010087
0.2945 0.010624
0.295 0.0111695
0.2955 0.0117233
0.296 0.0122854
0.2965 0.0128553
0.297 0.013433
0.2975 0.0140183
0.298 0.0146111
0.2985 0.0152111
0.299 0.0158184
0.2995 0.0164326
0.3 0.0170537
0.3005 0.0176814
0.301 0.0183158
0.3015 0.0189566
0.302 0.0196038
0.3025 0.0202572
0.303 0.0209166
0.3035 0.021582
0.304 0.0222533
0.3045 0.0229304
0.305 0.023613
0.3055 0.0243013
0.306 0.0249949
0.3065 0.025694
0.307 0.0263982
0.3075 0.0271076
0.308 0.0278222
0.3085 0.0285416
0.309 0.029266
0.3095 0.029995
0.31 0.0307289
0.3105 0.0314675
0.311 0.0322105
0.3115 0.032958
0.312 0.0337099
0.3125 0.0344661
0.313 0.0352266
0.3135 0.0359912
0.314 0.03676
0.3145 0.0375328
0.315 0.0383096
0.3155 0.0390903
0.316 0.0398747
0.3165 0.040663
0.317 0.041455
0.3175 0.0422506
0.318 0.0430498
0.3185 0.0438526
0.319 0.0446587
0.3195 0.0454684
0.32 0.0462813
0.3205 0.0470976
0.321 0.0479171
0.3215 0.0487399
0.322 0.0495657
0.3225 0.0503947
0.323 0.0512267
0.3235 0.0520617
0.324 0.0528996
0.3245 0.0537405
0.325 0.0545842
0.3255 0.0554307
0.326 0.05628
0.3265 0.057132
0.327 0.0579867
0.3275 0.0588441
0.328 0.059704
0.3285 0.0605664
0.329 0.0614315
0.3295 0.062299
0.33 0.063169
0.3305 0.0640412
0.331 0.064916
0.3315 0.0657931
0.332 0.0666725
0.3325 0.067554
0.333 0.0684379
0.3335 0.069324
0.334 0.0702122
0.3345 0.0711026
0.335 0.071995
0.3355 0.0728896
0.336 0.0737863
0.3365 0.0746849
0.337 0.0755856
0.3375 0.0764881
0.338 0.0773926
0.3385 0.0782991
0.339 0.0792074
0.3395 0.0801177
0.34 0.0810297
0.3405 0.0819435
0.341 0.0828592
0.3415 0.0837766
0.342 0.0846958
0.3425 0.0856167
0.343 0.0865393
0.3435 0.0874636
0.344 0.0883895
0.3445 0.0893171
0.345 0.0902463
0.3455 0.0911772
0.346 0.0921096
0.3465 0.0930437
0.347 0.0939792
0.3475 0.0949164
0.348 0.095855
0.3485 0.0967952
0.349 0.0977368
0.3495 0.09868
0.35 0.0996245
0.3505 0.10057
0.351 0.101518
0.3515 0.102467
0.352 0.103418
0.3525 0.10437
0.353 0.105323
0.3535 0.106277
0.354 0.107233
0.3545 0.10819
0.355 0.109149
0.3555 0.110108
0.356 0.11107
0.3565 0.112032
0.357 0.112997
0.3575 0.113962
0.358 0.114929
0.3585 0.115897
0.359 0.116866
0.3595 0.117836
0.36 0.118808
0.3605 0.119781
0.361 0.120755
0.3615 0.121731
0.362 0.122709
0.3625 0.123687
0.363 0.124666
0.3635 0.125647
0.364 0.126628
0.3645 0.127612
0.365 0.128596
0.3655 0.129582
0.366 0.130569
0.3665 0.131558
0.367 0.132547
0.3675 0.133538
0.368 0.13453
0.3685 0.135523
0.369 0.136517
0.3695 0.137513
0.37 0.13851
0.3705 0.139509
0.371 0.140509
0.3715 0.14151
0.372 0.142512
0.3725 0.143515
0.373 0.14452
0.3735 0.145526
0.374 0.146533
0.3745 0.147543
0.375 0.148553
0.3755 0.149564
0.376 0.150576
0.3765 0.15159
0.377 0.152605
0.3775 0.153622
0.378 0.15464
0.3785 0.15566
0.379 0.156681
0.3795 0.157703
0.38 0.158726
0.3805 0.159751
0.381 0.160777
0.3815 0.161805
0.382 0.162834
0.3825 0.163865
0.383 0.164897
0.3835 0.16593
0.384 0.166965
0.3845 0.168001
0.385 0.169039
0.3855 0.170078
0.386 0.17112
0.3865 0.172163
0.387 0.173206
0.3875 0.174252
0.388 0.175299
0.3885 0.176348
0.389 0.177398
0.3895 0.17845
0.39 0.179504
0.3905 0.180559
0.391 0.181616
0.3915 0.182674
0.392 0.183734
0.3925 0.184797
0.393 0.185861
0.3935 0.186926
0.394 0.187993
0.3945 0.189062
0.395 0.190132
0.3955 0.191205
0.396 0.19228
0.3965 0.193356
0.397 0.194434
0.3975 0.195514
0.398 0.196596
0.3985 0.197679
0.399 0.198766
0.3995 0.199854
0.4 0.200943
0.4005 0.202035
0.401 0.203128
0.4015 0.204224
0.402 0.205323
0.4025 0.206423
0.403 0.207525
0.4035 0.208629
0.404 0.209735
0.4045 0.210844
0.405 0.211955
0.4055 0.213068
0.406 0.214183
0.4065 0.215301
0.407 0.21642
0.4075 0.217543
0.408 0.218668
0.4085 0.219795
0.409 0.220924
0.4095 0.222055
0.41 0.22319
0.4105 0.224327
0.411 0.225466
0.4115 0.226608
0.412 0.227752
0.4125 0.228899
0.413 0.230049
0.4135 0.231201
0.414 0.232356
0.4145 0.233514
0.415 0.234674
0.4155 0.235838
0.416 0.237003
0.4165 0.238172
0.417 0.239344
0.4175 0.240518
0.418 0.241696
0.4185 0.242876
0.419 0.244059
0.4195 0.245246
0.42 0.246436
0.4205 0.247628
0.421 0.248824
0.4215 0.250022
0.422 0.251224
0.4225 0.25243
0.423 0.253638
0.4235 0.254849
0.424 0.256064
0.4245 0.257283
0.425 0.258505
0.4255 0.25973
0.426 0.260958
0.4265 0.26219
0.427 0.263426
0.4275 0.264665
0.428 0.265908
0.4285 0.267154
0.429 0.268404
0.4295 0.269658
0.43 0.270915
0.4305 0.272177
0.431 0.273442
0.4315 0.274711
0.432 0.275983
0.4325 0.277261
0.433 0.278541
0.4335 0.279826
0.434 0.281115
0.4345 0.282408
0.435 0.283705
0.4355 0.285006
0.436 0.286312
0.4365 0.287622
0.437 0.288936
0.4375 0.290255
0.438 0.291577
0.4385 0.292904
0.439 0.294237
0.4395 0.295573
0.44 0.296913
0.4405 0.298259
0.441 0.299609
0.4415 0.300964
0.442 0.302324
0.4425 0.303688
0.443 0.305057
0.4435 0.306432
0.444 0.30781
0.4445 0.309194
0.445 0.310584
0.4455 0.311978
0.446 0.313378
0.4465 0.314782
0.447 0.316191
0.4475 0.317607
0.448 0.319027
0.4485 0.320452
0.449 0.321884
0.4495 0.32332
0.45 0.324763
0.4505 0.32621
0.451 0.327663
0.4515 0.329123
0.452 0.330587
0.4525 0.332058
0.453 0.333534
0.4535 0.335017
0.454 0.336504
0.4545 0.337998
0.455 0.339498
0.4555 0.341004
0.456 0.342516
0.4565 0.344034
0.457 0.345558
0.4575 0.347088
0.458 0.348625
0.4585 0.350167
0.459 0.351717
0.4595 0.353271
0.46 0.354834
0.4605 0.356401
0.461 0.357976
0.4615 0.359557
0.462 0.361145
0.4625 0.362739
0.463 0.36434
0.4635 0.365947
0.464 0.367562
0.4645 0.369182
0.465 0.370811
0.4655 0.372445
0.466 0.374087
0.4665 0.375736
0.467 0.377392
0.4675 0.379055
0.468 0.380724
0.4685 0.382402
0.469 0.384086
0.4695 0.385777
0.47 0.387477
0.4705 0.389182
0.471 0.390896
0.4715 0.392618
0.472 0.394346
0.4725 0.396082
0.473 0.397826
0.4735 0.399577
0.474 0.401337
0.4745 0.403103
0.475 0.404878
0.4755 0.406661
0.476 0.408451
0.4765 0.41025
0.477 0.412057
0.4775 0.413872
0.478 0.415694
0.4785 0.417526
0.479 0.419365
0.4795 0.421212
0.48 0.423068
0.4805 0.424933
0.481 0.426806
0.4815 0.428687
0.482 0.430577
0.4825 0.432476
0.483 0.434384
0.4835 0.4363
0.484 0.438224
0.4845 0.440159
0.485 0.442102
0.4855 0.444054
0.486 0.446015
0.4865 0.447985
0.487 0.449964
0.4875 0.451952
0.488 0.45395
0.4885 0.455958
0.489 0.457975
0.4895 0.460001
0.49 0.462037
0.4905 0.464083
0.491 0.466138
0.4915 0.468202
0.492 0.470277
0.4925 0.472362
0.493 0.474456
0.4935 0.476561
0.494 0.478676
0.4945 0.480801
0.495 0.482936
0.4955 0.485082
0.496 0.487238
0.4965 0.489404
0.497 0.491581
0.4975 0.493769
0.498 0.495967
0.4985 0.498177
0.499 0.500397
0.4995 0.502627
0.5 0.504869
0.5005 0.507122
0.501 0.509385
0.5015 0.51166
0.502 0.513946
0.5025 0.516245
0.503 0.518554
0.5035 0.520874
0.504 0.523206
0.5045 0.52555
0.505 0.527907
0.5055 0.530274
0.506 0.532653
0.5065 0.535044
0.507 0.537448
0.5075 0.539864
0.508 0.542291
0.5085 0.544732
0.509 0.547184
0.5095 0.549649
0.51 0.552127
0.5105 0.554617
0.511 0.55712
0.5115 0.559637
0.512 0.562165
0.5125 0.564708
0.513 0.567262
0.5135 0.56983
0.514 0.572412
0.5145 0.575006
0.515 0.577615
0.5155 0.580237
0.516 0.582873
0.5165 0.585523
0.517 0.588186
0.5175 0.590864
0.518 0.593554
0.5185 0.59626
0.519 0.598981
0.5195 0.601714
0.52 0.604463
0.5205 0.607227
0.521 0.610004
0.5215 0.612797
0.522 0.615605
0.5225 0.618428
0.523 0.621265
0.5235 0.624118
0.524 0.626986
0.5245 0.62987
0.525 0.632769
0.5255 0.635683
0.526 0.638614
0.5265 0.64156
0.527 0.644523
0.5275 0.647501
0.528 0.650496
0.5285 0.653507
0.529 0.656535
0.5295 0.659579
0.53 0.662639
0.5305 0.665717
0.531 0.668811
0.5315 0.671924
0.532 0.675052
0.5325 0.678198
0.533 0.681362
0.5335 0.684542
0.534 0.687742
0.5345 0.690958
0.535 0.694192
0.5355 0.697445
0.536 0.700716
0.5365 0.704005
0.537 0.707312
0.5375 0.710639
0.538 0.713983
0.5385 0.717348
0.539 0.72073
0.5395 0.724133
0.54 0.727553
0.5405 0.730995
0.541 0.734456
0.5415 0.737935
0.542 0.741436
0.5425 0.744955
0.543 0.748496
0.5435 0.752056
0.544 0.755638
0.5445 0.75924
0.545 0.762862
0.5455 0.766505
0.546 0.77017
0.5465 0.773856
0.547 0.777564
0.5475 0.781293
0.548 0.785044
0.5485 0.788816
0.549 0.792611
0.5495 0.796428
0.55 0.800267
0.5505 0.80413
0.551 0.808015
0.5515 0.811923
0.552 0.815854
0.5525 0.819809
0.553 0.823787
0.5535 0.827789
0.554 0.831814
0.5545 0.835865
0.555 0.839939
0.5555 0.844038
0.556 0.848161
0.5565 0.85231
0.557 0.856484
0.5575 0.860682
0.558 0.864907
0.5585 0.869158
0.559 0.873434
0.5595 0.877737
0.56 0.882067
0.5605 0.886422
0.561 0.890805
0.5615 0.895215
0.562 0.899652
0.5625 0.904117
0.563 0.908609
0.5635 0.91313
0.564 0.91768
0.5645 0.922257
0.565 0.926863
0.5655 0.931499
0.566 0.936163
0.5665 0.940858
0.567 0.945582
0.5675 0.950335
0.568 0.95512
0.5685 0.959935
0.569 0.96478
0.5695 0.969656
0.57 0.974564
0.5705 0.979504
0.571 0.984475
0.5715 0.989478
0.572 0.994515
0.5725 0.999583
0.573 1.00469
0.5735 1.00982
0.574 1.01499
0.5745 1.02019
0.575 1.02543
0.5755 1.0307
0.576 1.036
0.5765 1.04135
0.577 1.04672
0.5775 1.05213
0.578 1.05757
0.5785 1.06306
0.579 1.06859
0.5795 1.07414
0.58 1.07973
0.5805 1.08537
0.581 1.09103
0.5815 1.09674
0.582 1.10248
0.5825 1.10827
0.583 1.1141
0.5835 1.11996
0.584 1.12587
0.5845 1.13181
0.585 1.1378
0.5855 1.14382
0.586 1.14989
0.5865 1.156
0.587 1.16215
0.5875 1.16834
0.588 1.17458
0.5885 1.18086
0.589 1.18718
0.5895 1.19355
0.59 1.19996
0.5905 1.20642
0.591 1.21292
0.5915 1.21946
0.592 1.22605
0.5925 1.2327
0.593 1.23938
0.5935 1.24612
0.594 1.2529
0.5945 1.25973
0.595 1.2666
0.5955 1.27353
0.596 1.2805
0.5965 1.28753
0.597 1.29461
0.5975 1.30173
0.598 1.30891
0.5985 1.31614
0.599 1.32342
0.5995 1.33076
0.6 1.33815
0.6005 1.34559
0.601 1.35308
0.6015 1.36063
0.602 1.36824
0.6025 1.3759
0.603 1.38361
0.6035 1.39138
0.604 1.39921
0.6045 1.40711
0.605 1.41505
0.6055 1.42306
0.606 1.43112
0.6065 1.43924
0.607 1.44742
0.6075 1.45567
0.608 1.46398
0.6085 1.47234
0.609 1.48077
0.6095 1.48927
0.61 1.49783
0.6105 1.50645
0.611 1.51514
0.6115 1.52389
0.612 1.5327
0.6125 1.54159
0.613 1.55054
0.6135 1.55956
0.614 1.56865
0.6145 1.57781
0.615 1.58704
0.6155 1.59633
0.616 1.60571
0.6165 1.61514
0.617 1.62466
0.6175 1.63424
0.618 1.64391
0.6185 1.65365
0.619 1.66345
0.6195 1.67334
0.62 1.68331
0.6205 1.69334
0.621 1.70347
0.6215 1.71367
0.622 1.72394
0.6225 1.7343
0.623 1.74474
0.6235 1.75526
0.624 1.76586
0.6245 1.77655
0.625 1.78732
0.6255 1.79818
0.626 1.80911
0.6265 1.82014
0.627 1.83126
0.6275 1.84246
0.628 1.85376
0.6285 1.86514
0.629 1.87661
0.6295 1.88817
0.63 1.89982
0.6305 1.91157
0.631 1.92342
0.6315 1.93536
0.632 1.94739
0.6325 1.95953
0.633 1.97175
0.6335 1.98407
0.634 1.99651
0.6345 2.00903
0.635 2.02166
0.6355 2.03439
0.636 2.04722
0.6365 2.06016
0.637 2.0732
0.6375 2.08635
0.638 2.09961
0.6385 2.11298
0.639 2.12644
0.6395 2.14003
0.64 2.15372
0.6405 2.16753
0.641 2.18145
0.6415 2.19548
0.642 2.20963
0.6425 2.2239
0.643 2.23828
0.6435 2.25279
0.644 2.2674
0.6445 2.28214
0.645 2.29701
0.6455 2.31199
0.646 2.32711
0.6465 2.34234
0.647 2.3577
0.6475 2.37319
0.648 2.38881
0.6485 2.40455
0.649 2.42042
0.6495 2.43643
0.65 2.45258
0.6505 2.46886
0.651 2.48527
0.6515 2.50181
0.652 2.5185
0.6525 2.53533
0.653 2.55229
0.6535 2.5694
0.654 2.58665
0.6545 2.60404
0.655 2.62157
0.6555 2.63925
0.656 2.65708
0.6565 2.67505
0.657 2.69317
0.6575 2.71144
0.658 2.72987
0.6585 2.74844
0.659 2.76718
0.6595 2.78606
0.66 2.8051
0.6605 2.82429
0.661 2.84365
0.6615 2.86317
0.662 2.88283
0.6625 2.90267
0.663 2.92267
0.6635 2.94283
0.664 2.96316
0.6645 2.98365
0.665 3.00431
0.6655 3.02515
0.666 3.04614
0.6665 3.06731
0.667 3.08865
0.6675 3.11017
0.668 3.13186
0.6685 3.15372
0.669 3.17576
0.6695 3.19798
0.67 3.22038
0.6705 3.24296
0.671 3.26572
0.6715 3.28866
0.672 3.31178
0.6725 3.33509
0.673 3.3586
0.6735 3.38227
0.674 3.40614
0.6745 3.4302
0.675 3.45446
0.6755 3.4789
0.676 3.50353
0.6765 3.52835
0.677 3.55337
0.6775 3.57859
0.678 3.604
0.6785 3.62961
0.679 3.65542
0.6795 3.68142
0.68 3.70762
0.6805 3.73403
0.681 3.76064
0.6815 3.78745
0.682 3.81445
0.6825 3.84168
0.683 3.86909
0.6835 3.89672
0.684 3.92456
0.6845 3.95259
0.685 3.98083
0.6855 4.00929
0.686 4.03795
0.6865 4.06682
0.687 4.0959
0.6875 4.12519
0.688 4.15468
0.6885 4.1844
0.689 4.21431
0.6895 4.24444
0.69 4.27479
0.6905 4.30534
0.691 4.3361
0.6915 4.36707
0.692 4.39826
0.6925 4.42966
0.693 4.46127
0.6935 4.49308
0.694 4.52511
0.6945 4.55734
0.695 4.5898
0.6955 4.62245
0.696 4.65532
0.6965 4.68839
0.697 4.72167
0.6975 4.75515
0.698 4.78884
0.6985 4.82274
0.699 4.85683
0.6995 4.89114
0.7 4.92564
0.7005 4.96033
0.701 4.99523
0.7015 5.03032
0.702 5.06561
0.7025 5.10108
0.703 5.13676
0.7035 5.17261
0.704 5.20866
0.7045 5.24489
0.705 5.28129
0.7055 5.31789
0.706 5.35466
0.7065 5.39159
0.707 5.42871
0.7075 5.46598
0.708 5.50343
0.7085 5.54104
0.709 5.5788
0.7095 5.61671
0.71 5.65479
0.7105 5.693
0.711 5.73136
0.7115 5.76985
0.712 5.80848
0.7125 5.84724
0.713 5.88613
0.7135 5.92514
0.714 5.96426
0.7145 6.00349
0.715 6.04282
0.7155 6.08225
0.716 6.12178
0.7165 6.1614
0.717 6.2011
0.7175 6.24088
0.718 6.28072
0.7185 6.32062
0.719 6.36058
0.7195 6.4006
0.72 6.44066
0.7205 6.48074
0.721 6.52086
0.7215 6.561
0.722 6.60115
0.7225 6.64131
0.723 6.68147
0.7235 6.72161
0.724 6.76174
0.7245 6.80183
0.725 6.84189
0.7255 6.88191
0.726 6.92187
0.7265 6.96177
0.727 7.00161
0.7275 7.04136
0.728 7.08102
0.7285 7.12058
0.729 7.16002
0.7295 7.19937
0.73 7.23857
0.7305 7.27764
0.731 7.31656
0.7315 7.35534
0.732 7.39394
0.7325 7.43236
0.733 7.4706
0.7335 7.50865
0.734 7.54649
0.7345 7.58413
0.735 7.62153
0.7355 7.6587
0.736 7.69563
0.7365 7.73231
0.737 7.76873
0.7375 7.80488
0.738 7.84075
0.7385 7.87633
0.739 7.91163
0.7395 7.94663
0.74 7.98131
0.7405 8.01568
0.741 8.04972
0.7415 8.08344
0.742 8.11683
0.7425 8.14987
0.743 8.18257
0.7435 8.21493
0.744 8.24693
0.7445 8.27859
0.745 8.30987
0.7455 8.34082
0.746 8.3714
0.7465 8.40163
0.747 8.4315
0.7475 8.46102
0.748 8.49021
0.7485 8.51905
0.749 8.54755
0.7495 8.57573
0.75 8.6036
0.7505 8.63118
0.751 8.65845
0.7515 8.68547
0.752 8.71222
0.7525 8.73874
0.753 8.76506
0.7535 8.79121
0.754 8.8172
0.7545 8.84306
0.755 8.86885
0.7555 8.8946
0.756 8.92035
0.7565 8.94615
0.757 8.97208
0.7575 8.99816
0.758 9.02449
0.7585 9.05113
0.759 9.07818
0.7595 9.10571
0.76 9.13383
0.7605 9.16265
0.761 9.19231
0.7615 9.22293
0.762 9.25468
0.7625 9.28772
0.763 9.32225
0.7635 9.35848
0.764 9.39664
0.7645 9.43702
0.765 9.47992
0.7655 9.52566
0.766 9.57464
0.7665 9.62729
0.767 9.6841
0.7675 9.74564
0.768 9.81254
0.7685 9.88552
0.769 9.96544
0.7695 10.0533
0.77 10.1501
0.7705 10.2572
0.771 10.376
0.7715 10.5084
0.772 10.6562
0.7725 10.8219
0.773 11.008
0.7735 11.2179
0.774 11.455
0.7745 11.7236
0.775 12.0285
0.7755 12.3749
0.776 12.7689
0.7765 13.2164
0.777 13.7234
0.7775 14.2948
0.778 14.9331
0.7785 15.6362
0.779 16.3945
0.7795 17.1868
0.78 17.9766
0.7805 18.7101
0.781 19.3184
0.7815 19.7267
0.782 19.8703
0.7825 19.7132
0.783 19.2606
0.7835 18.5589
0.784 17.6817
0.7845 16.7102
0.785 15.7163
0.7855 14.7535
0.786 13.8556
0.7865 13.0394
0.787 12.3103
0.7875 11.6659
0.788 11.0997
0.7885 10.6036
0.789 10.1691
0.7895 9.78786
0.79 9.45246
0.7905 9.15633
0.791 8.89373
0.7915 8.65979
0.792 8.45033
0.7925 8.26187
0.793 8.09139
0.7935 7.93642
0.794 7.7948
0.7945 7.66476
0.795 7.54476
0.7955 7.43349
0.796 7.32987
0.7965 7.23295
0.797 7.14191
0.7975 7.05605
0.798 6.97478
0.7985 6.89759
0.799 6.82401
0.7995 6.75367
0.8 6.68621
0.8005 6.62337
0.801 6.56269
0.8015 6.50397
0.802 6.44703
0.8025 6.3917
0.803 6.33783
0.8035 6.28532
0.804 6.23401
0.8045 6.18384
0.805 6.1347
0.8055 6.08653
0.806 6.03923
0.8065 5.99276
0.807 5.94706
0.8075 5.90208
0.808 5.85778
0.8085 5.8141
0.809 5.77103
0.8095 5.72851
0.81 5.68653
0.8105 5.64506
0.811 5.60407
0.8115 5.56354
0.812 5.52346
0.8125 5.4838
0.813 5.44455
0.8135 5.4057
0.814 5.36722
0.8145 5.32911
0.815 5.29138
0.8155 5.25397
0.816 5.21691
0.8165 5.18018
0.817 5.14378
0.8175 5.10767
0.818 5.0719
0.8185 5.03642
0.819 5.00124
0.8195 4.96635
0.82 4.93176
0.8205 4.89744
0.821 4.86341
0.8215 4.82965
0.822 4.79616
0.8225 4.76295
0.823 4.72999
0.8235 4.6973
0.824 4.66488
0.8245 4.63271
0.825 4.6008
0.8255 4.56913
0.826 4.53773
0.8265 4.50656
0.827 4.47564
0.8275 4.44498
0.828 4.41454
0.8285 4.38435
0.829 4.35441
0.8295 4.32469
0.83 4.29521
0.8305 4.26597
0.831 4.23695
0.8315 4.20817
0.832 4.17962
0.8325 4.15129
0.833 4.12318
0.8335 4.09531
0.834 4.06765
0.8345 4.04022
0.835 4.01299
0.8355 3.98599
0.836 3.9592
0.8365 3.93263
0.837 3.90628
0.8375 3.88013
0.838 3.85419
0.8385 3.82846
0.839 3.80293
0.8395 3.77761
0.84 3.7525
0.8405 3.72757
0.841 3.70286
0.8415 3.67835
0.842 3.65402
0.8425 3.6299
0.843 3.60598
0.8435 3.58223
0.844 3.55869
0.8445 3.53533
0.845 3.51216
0.8455 3.48918
0.846 3.46638
0.8465 3.44377
0.847 3.42132
0.8475 3.39908
0.848 3.37699
0.8485 3.3551
0.849 3.33339
0.8495 3.31183
0.85 3.29045
0.8505 3.26924
0.851 3.24821
0.8515 3.22735
0.852 3.20665
0.8525 3.18611
0.853 3.16574
0.8535 3.14554
0.854 3.1255
0.8545 3.10561
0.855 3.08588
0.8555 3.06632
0.856 3.04691
0.8565 3.02766
0.857 3.00856
0.8575 2.98961
0.858 2.97082
0.8585 2.95217
0.859 2.93367
0.8595 2.91533
0.86 2.89714
0.8605 2.87908
0.861 2.86118
0.8615 2.84341
0.862 2.82579
0.8625 2.80831
0.863 2.79097
0.8635 2.77377
0.864 2.7567
0.8645 2.73978
0.865 2.72297
0.8655 2.70632
0.866 2.6898
0.8665 2.6734
0.867 2.65715
0.8675 2.64102
0.868 2.625
0.8685 2.60913
0.869 2.59338
0.8695 2.57776
0.87 2.56226
0.8705 2.54689
0.871 2.53163
0.8715 2.5165
0.872 2.50149
0.8725 2.4866
0.873 2.47182
0.8735 2.45717
0.874 2.44263
0.8745 2.42821
0.875 2.4139
0.8755 2.3997
0.876 2.38562
0.8765 2.37164
0.877 2.35778
0.8775 2.34403
0.878 2.33039
0.8785 2.31685
0.879 2.30342
0.8795 2.29009
0.88 2.27688
0.8805 2.26376
0.881 2.25075
0.8815 2.23785
0.882 2.22505
0.8825 2.21234
0.883 2.19973
0.8835 2.18723
0.884 2.17482
0.8845 2.16251
0.885 2.1503
0.8855 2.13818
0.886 2.12615
0.8865 2.11423
0.887 2.10239
0.8875 2.09065
0.888 2.079
0.8885 2.06744
0.889 2.05599
0.8895 2.04461
0.89 2.03332
0.8905 2.02128
0.891 2.01035
0.8915 1.99949
0.892 1.98871
0.8925 1.97802
0.893 1.96741
0.8935 1.95688
0.894 1.94643
0.8945 1.93606
0.895 1.92578
0.8955 1.91557
0.896 1.90545
0.8965 1.8954
0.897 1.88543
0.8975 1.87553
0.898 1.86571
0.8985 1.85596
0.899 1.8463
0.8995 1.83672
0.9 1.8272
0.9005 1.81775
0.901 1.80838
0.9015 1.79909
0.902 1.78987
0.9025 1.78071
0.903 1.77163
0.9035 1.76263
0.904 1.75369
0.9045 1.74481
0.905 1.73601
0.9055 1.72728
0.906 1.71862
0.9065 1.71002
0.907 1.70149
0.9075 1.69302
0.908 1.68463
0.9085 1.67629
0.909 1.66803
0.9095 1.65983
0.91 1.65169
0.9105 1.64363
0.911 1.63562
0.9115 1.62768
0.912 1.6198
0.9125 1.61198
0.913 1.60421
0.9135 1.59652
0.914 1.58888
0.9145 1.58131
0.915 1.57379
0.9155 1.56635
0.916 1.55895
0.9165 1.55161
0.917 1.54433
0.9175 1.53711
0.918 1.52995
0.9185 1.52285
0.919 1.5158
0.9195 1.50883
0.92 1.50189
0.9205 1.49501
0.921 1.48819
0.9215 1.48142
0.922 1.47472
0.9225 1.46806
0.923 1.46146
0.9235 1.45492
0.924 1.44841
0.9245 1.44199
0.925 1.43559
0.9255 1.42926
0.926 1.42298
0.9265 1.41676
0.927 1.41058
0.9275 1.40445
0.928 1.3984
0.9285 1.39236
0.929 1.3864
0.9295 1.38048
0.93 1.37462
0.9305 1.3688
0.931 1.36303
0.9315 1.3573
0.932 1.35164
0.9325 1.34603
0.933 1.34046
0.9335 1.33495
0.934 1.32948
0.9345 1.32405
0.935 1.31867
0.9355 1.31334
0.936 1.30806
0.9365 1.30283
0.937 1.29764
0.9375 1.29251
0.938 1.28742
0.9385 1.28237
0.939 1.27738
0.9395 1.27243
0.94 1.26753
0.9405 1.26267
0.941 1.25786
0.9415 1.2531
0.942 1.24838
0.9425 1.2437
0.943 1.23908
0.9435 1.23449
0.944 1.22996
0.9445 1.22546
0.945 1.22103
0.9455 1.21662
0.946 1.21226
0.9465 1.20795
0.947 1.20368
0.9475 1.19946
0.948 1.19529
0.9485 1.19115
0.949 1.18706
0.9495 1.18302
0.95 1.179
0.9505 1.17506
0.951 1.17114
0.9515 1.16728
0.952 1.16345
0.9525 1.15967
0.953 1.15593
0.9535 1.15225
0.954 1.1486
0.9545 1.14499
0.955 1.14143
0.9555 1.13792
0.956 1.13444
0.9565 1.13102
0.957 1.12763
0.9575 1.12429
0.958 1.12099
0.9585 1.11774
0.959 1.11453
0.9595 1.11136
0.96 1.10824
0.9605 1.10516
0.961 1.10213
0.9615 1.09914
0.962 1.0962
0.9625 1.0933
0.963 1.09044
0.9635 1.08764
0.964 1.08487
0.9645 1.08215
0.965 1.07948
0.9655 1.07686
0.966 1.07428
0.9665 1.07175
0.967 1.06927
0.9675 1.06683
0.968 1.06444
0.9685 1.0621
0.969 1.05981
0.9695 1.05757
0.97 1.05538
0.9705 1.05324
0.971 1.05115
0.9715 1.04911
0.972 1.04712
0.9725 1.04519
0.973 1.04331
0.9735 1.04149
0.974 1.03972
0.9745 1.03801
0.975 1.03636
0.9755 1.03477
0.976 1.03323
0.9765 1.03176
0.977 1.03035
0.9775 1.029
0.978 1.02772
0.9785 1.0265
0.979 1.02535
0.9795 1.02428
0.98 1.02327
0.9805 1.02234
0.981 1.02148
0.9815 1.0207
0.982 1.02
0.9825 1.01938
0.983 1.01885
0.9835 1.01841
0.984 1.01806
0.9845 1.0178
0.985 1.01764
0.9855 1.01758
0.986 1.01763
0.9865 1.01778
0.987 1.01806
0.9875 1.01845
0.988 1.01896
0.9885 1.0196
0.989 1.02038
0.9895 1.0213
0.99 1.02237
0.9905 1.02552
0.991 1.02775
0.9915 1.03035
0.992 1.03336
0.9925 1.03682
0.993 1.04076
0.9935 1.04523
0.994 1.05029
0.9945 1.05598
0.995 1.06238
0.9955 1.06954
0.996 1.07756
0.9965 1.0865
0.997 1.09648
0.9975 1.10759
0.998 1.11995
0.9985 1.1337
0.999 1.149
0.9995 1.166
1 1.18491
1.0005 1.20594
1.001 1.22936
1.0015 1.25544
1.002 1.28452
1.0025 1.31699
1.003 1.35328
1.0035 1.39391
1.004 1.43949
1.0045 1.49071
1.005 1.54842
1.0055 1.61359
1.006 1.68739
1.0065 1.77124
1.007 1.86681
1.0075 1.97615
1.008 2.10177
1.0085 2.24674
1.009 2.41484
1.0095 2.61082
1.01 2.84067
1.0105 3.11195
1.011 3.43442
1.0115 3.82068
1.012 4.28729
1.0125 4.85616
1.013 5.55666
1.0135 6.4286
1.014 7.5264
1.0145 8.92513
1.015 10.7283
1.0155 13.0777
1.016 16.1611
1.0165 20.2081
1.017 25.4428
1.0175 31.929
1.018 39.2238
1.0185 45.9279
1.019 49.7834
1.0195 49.1185
1.02 44.4548
1.0205 37.9104
1.021 31.3694
1.0215 25.7318
1.022 21.1867
1.0225 17.618
1.023 14.8326
1.0235 12.6496
1.024 10.9233
1.0245 9.54306
1.025 8.42665
1.0255 7.51329
1.026 6.75787
1.0265 6.12668
1.027 5.59426
1.0275 5.1412
1.028 4.75254
1.0285 4.41665
1.029 4.12435
1.0295 3.86838
1.03 3.64291
1.0305 3.44322
1.031 3.26548
1.0315 3.10655
1.032 2.96381
1.0325 2.8351
1.033 2.7186
1.0335 2.61279
1.034 2.51636
1.0345 2.42823
1.035 2.34743
1.0355 2.27316
1.036 2.20472
1.0365 2.14149
1.037 2.08295
1.0375 2.02865
1.038 1.97815
1.0385 1.93111
1.039 1.88722
1.0395 1.8462
1.04 1.80779
1.0405 1.77177
1.041 1.73794
1.0415 1.70614
1.042 1.67619
1.0425 1.64796
1.043 1.62131
1.0435 1.59613
1.044 1.57231
1.0445 1.54975
1.045 1.52837
1.0455 1.50809
1.046 1.48884
1.0465 1.47053
1.047 1.45313
1.0475 1.43656
1.048 1.42079
1.0485 1.40575
1.049 1.39141
1.0495 1.37772
1.05 1.36465
1.0505 1.35217
1.051 1.34024
1.0515 1.32882
1.052 1.3179
1.0525 1.30745
1.053 1.29744
1.0535 1.28785
1.054 1.27866
1.0545 1.26985
1.055 1.2614
1.0555 1.2533
1.056 1.24552
1.0565 1.23805
1.057 1.23089
1.0575 1.224
1.058 1.21739
1.0585 1.21103
1.059 1.20493
1.0595 1.19906
1.06 1.19342
1.0605 1.18799
1.061 1.18277
1.0615 1.17776
1.062 1.17293
1.0625 1.16829
1.063 1.16382
1.0635 1.15952
1.064 1.15539
1.0645 1.15141
1.065 1.14758
1.0655 1.14389
1.066 1.14034
1.0665 1.13692
1.067 1.13363
1.0675 1.13046
1.068 1.12741
1.0685 1.12447
1.069 1.12164
1.0695 1.11891
1.07 1.11628
1.0705 1.11375
1.071 1.11131
1.0715 1.10896
1.072 1.10669
1.0725 1.10451
1.073 1.1024
1.0735 1.10037
1.074 1.0984
1.0745 1.09651
1.075 1.09468
1.0755 1.09291
1.076 1.0912
1.0765 1.08955
1.077 1.08795
1.0775 1.0864
1.078 1.0849
1.0785 1.08345
1.079 1.08204
1.0795 1.08067
1.08 1.07934
1.0805 1.07804
1.081 1.07678
1.0815 1.07555
1.082 1.07435
1.0825 1.07317
1.083 1.07202
1.0835 1.07089
1.084 1.06979
1.0845 1.0687
1.085 1.06762
1.0855 1.06656
1.086 1.06551
1.0865 1.06447
1.087 1.06344
1.0875 1.06242
1.088 1.0614
1.0885 1.06038
1.089 1.05936
1.0895 1.05835
1.09 1.05733
1.0905 1.05631
1.091 1.0553
1.0915 1.05428
1.092 1.05327
1.0925 1.05225
1.093 1.05124
1.0935 1.05022
1.094 1.0492
1.0945 1.04818
1.095 1.04715
1.0955 1.04613
1.096 1.0451
1.0965 1.04407
1.097 1.04304
1.0975 1.04201
1.098 1.04097
1.0985 1.03993
1.099 1.0389
1.0995 1.03785
1.1 1.03681
1.1005 1.03576
1.101 1.03471
1.1015 1.03366
1.102 1.03261
1.1025 1.03155
1.103 1.0305
1.1035 1.02944
1.104 1.02838
1.1045 1.02732
1.105 1.02626
1.1055 1.0252
1.106 1.02414
1.1065 1.02307
1.107 1.02201
1.1075 1.02095
1.108 1.01988
1.1085 1.01882
1.109 1.01776
1.1095 1.0167
1.11 1.01564
1.1105 1.01459
1.111 1.01353
1.1115 1.01248
1.112 1.01143
1.1125 1.01038
1.113 1.00933
1.1135 1.00829
1.114 1.00726
1.1145 1.00622
1.115 1.0052
1.1155 1.00417
1.116 1.00315
1.1165 1.00214
1.117 1.00114
1.1175 1.00013
1.118 0.999143
1.1185 0.998156
1.119 0.997179
1.1195 0.996208
1.12 0.995246
1.1205 0.994292
1.121 0.993348
1.1215 0.992412
1.122 0.991488
1.1225 0.990572
1.123 0.989668
1.1235 0.988775
1.124 0.987894
1.1245 0.987024
1.125 0.986168
1.1255 0.985323
1.126 0.984494
1.1265 0.983676
1.127 0.982873
1.1275 0.982085
1.128 0.981312
1.1285 0.980555
1.129 0.979812
1.1295 0.979088
1.13 0.97838
1.1305 0.977688
1.131 0.977014
1.1315 0.976359
1.132 0.975722
1.1325 0.975107
1.133 0.974508
1.1335 0.973931
1.134 0.973374
1.1345 0.972838
1.135 0.972323
1.1355 0.97183
1.136 0.971361
1.1365 0.970915
1.137 0.97049
1.1375 0.970091
1.138 0.969715
1.1385 0.969364
1.139 0.96904
1.1395 0.968738
1.14 0.968463
1.1405 0.96821
1.141 0.96798
1.1415 0.967773
1.142 0.967589
1.1425 0.967427
1.143 0.967289
1.1435 0.967173
1.144 0.96708
1.1445 0.967007
1.145 0.966955
1.1455 0.966924
1.146 0.966914
1.1465 0.966924
1.147 0.966956
1.1475 0.967007
1.148 0.967077
1.1485 0.967167
1.149 0.967277
1.1495 0.967404
1.15 0.967552
1.1505 0.967717
1.151 0.9679
1.1515 0.9681
1.152 0.96832
1.1525 0.968556
1.153 0.968808
1.1535 0.96908
1.154 0.969368
1.1545 0.96967
1.155 0.969989
1.1555 0.970325
1.156 0.970677
1.1565 0.971043
1.157 0.971425
1.1575 0.971822
1.158 0.972235
1.1585 0.972661
1.159 0.973101
1.1595 0.973555
1.16 0.974024
1.1605 0.974505
1.161 0.975001
1.1615 0.975508
1.162 0.97603
1.1625 0.976564
1.163 0.977108
1.1635 0.977666
1.164 0.978235
1.1645 0.978815
1.165 0.979409
1.1655 0.980012
1.166 0.980625
1.1665 0.98125
1.167 0.981885
1.1675 0.982529
1.168 0.983183
1.1685 0.983847
1.169 0.984519
1.1695 0.985201
1.17 0.985892
1.1705 0.986591
1.171 0.987298
1.1715 0.988013
1.172 0.988735
1.1725 0.989465
1.173 0.9902
1.1735 0.990944
1.174 0.991695
1.1745 0.99245
1.175 0.993211
1.1755 0.993979
1.176 0.994751
1.1765 0.995529
1.177 0.996311
1.1775 0.997098
1.178 0.997889
1.1785 0.998683
1.179 0.999482
1.1795 1.00028
1.18 1.00109
1.1805 1.0019
1.181 1.0027
1.1815 1.00351
1.182 1.00433
1.1825 1.00514
1.183 1.00596
1.1835 1.00677
1.184 1.00759
1.1845 1.00841
1.185 1.00923
1.1855 1.01004
1.186 1.01086
1.1865 1.01167
1.187 1.01248
1.1875 1.0133
1.188 1.0141
1.1885 1.01491
1.189 1.01572
1.1895 1.01652
1.19 1.01732
1.1905 1.01812
1.191 1.01891
1.1915 1.01971
1.192 1.0205
1.1925 1.02129
1.193 1.02208
1.1935 1.02287
1.194 1.02366
1.1945 1.02444
1.195 1.02523
1.1955 1.02601
1.196 1.0268
1.1965 1.02758
1.197 1.02836
1.1975 1.02915
1.198 1.02993
1.1985 1.03071
1.199 1.0315
1.1995 1.03228
1.2 1.03306
1.2005 1.03385
1.201 1.03463
1.2015 1.03542
1.202 1.0362
1.2025 1.03699
1.203 1.03778
1.2035 1.03857
1.204 1.03936
1.2045 1.04015
1.205 1.04095
1.2055 1.04175
1.206 1.04255
1.2065 1.04334
1.207 1.04415
1.2075 1.04495
1.208 1.04576
1.2085 1.04657
1.209 1.04738
1.2095 1.04819
1.21 1.04901
1.2105 1.04983
1.211 1.05065
1.2115 1.05148
1.212 1.05231
1.2125 1.05314
1.213 1.05397
1.2135 1.05481
1.214 1.05565
1.2145 1.0565
1.215 1.05735
1.2155 1.05821
1.216 1.05907
1.2165 1.05993
1.217 1.0608
1.2175 1.06167
1.218 1.06255
1.2185 1.06343
1.219 1.06432
1.2195 1.06521
1.22 1.06611
1.2205 1.06702
1.221 1.06793
1.2215 1.06884
1.222 1.06976
1.2225 1.07069
1.223 1.07162
1.2235 1.07256
1.224 1.0735
1.2245 1.07446
1.225 1.07541
1.2255 1.07638
1.226 1.07735
1.2265 1.07833
1.227 1.07932
1.2275 1.08031
1.228 1.08131
1.2285 1.08232
1.229 1.08334
1.2295 1.08436
1.23 1.08539
1.2305 1.08644
1.231 1.08748
1.2315 1.08854
1.232 1.08961
1.2325 1.09068
1.233 1.09177
1.2335 1.09286
1.234 1.09396
1.2345 1.09507
1.235 1.09619
1.2355 1.09732
1.236 1.09846
1.2365 1.09961
1.237 1.10077
1.2375 1.10194
1.238 1.10313
1.2385 1.10432
1.239 1.10552
1.2395 1.10673
1.24 1.10795
1.2405 1.10918
1.241 1.11043
1.2415 1.11168
1.242 1.11294
1.2425 1.11421
1.243 1.11549
1.2435 1.11678
1.244 1.11808
1.2445 1.11939
1.245 1.12071
1.2455 1.12203
1.246 1.12337
1.2465 1.12471
1.247 1.12606
1.2475 1.12743
1.248 1.1288
1.2485 1.13017
1.249 1.13156
1.2495 1.13295
1.25 1.13435
1.2505 1.13576
1.251 1.13718
1.2515 1.1386
1.252 1.14003
1.2525 1.14147
1.253 1.14292
1.2535 1.14437
1.254 1.14583
1.2545 1.14729
1.255 1.14877
1.2555 1.15025
1.256 1.15173
1.2565 1.15322
1.257 1.15472
1.2575 1.15622
1.258 1.15773
1.2585 1.15924
1.259 1.16076
1.2595 1.16228
1.26 1.16381
1.2605 1.16534
1.261 1.16688
1.2615 1.16843
1.262 1.16997
1.2625 1.17153
1.263 1.17308
1.2635 1.17464
1.264 1.1762
1.2645 1.17777
1.265 1.17934
1.2655 1.18092
1.266 1.18249
1.2665 1.18408
1.267 1.18566
1.2675 1.18725
1.268 1.18884
1.2685 1.19043
1.269 1.19202
1.2695 1.19362
1.27 1.19522
1.2705 1.19682
1.271 1.19842
1.2715 1.20002
1.272 1.20163
1.2725 1.20323
1.273 1.20484
1.2735 1.20645
1.274 1.20806
1.2745 1.20967
1.275 1.21128
1.2755 1.21289
1.276 1.2145
1.2765 1.21611
1.277 1.21772
1.2775 1.21933
1.278 1.22094
1.2785 1.22255
1.279 1.22416
1.2795 1.22576
1.28 1.22737
1.2805 1.22897
1.281 1.23058
1.2815 1.23218
1.282 1.23378
1.2825 1.23538
1.283 1.23698
1.2835 1.23857
1.284 1.24016
1.2845 1.24175
1.285 1.24334
1.2855 1.24492
1.286 1.2465
1.2865 1.24808
1.287 1.24965
1.2875 1.25122
1.288 1.25279
1.2885 1.25435
1.289 1.25591
1.2895 1.25747
1.29 1.25902
1.2905 1.26057
1.291 1.26211
1.2915 1.26365
1.292 1.26519
1.2925 1.26673
1.293 1.26826
1.2935 1.26979
1.294 1.27131
1.2945 1.27283
1.295 1.27436
1.2955 1.27587
1.296 1.27739
1.2965 1.2789
1.297 1.28041
1.2975 1.28192
1.298 1.28342
1.2985 1.28493
1.299 1.28643
1.2995 1.28793
1.3 1.28943
1.3005 1.29092
1.301 1.29242
1.3015 1.29391
1.302 1.2954
1.3025 1.29689
1.303 1.29838
1.3035 1.29987
1.304 1.30136
1.3045 1.30284
1.305 1.30433
1.3055 1.30581
1.306 1.3073
1.3065 1.30878
1.307 1.31026
1.3075 1.31175
1.308 1.31323
1.3085 1.31471
1.309 1.31619
1.3095 1.31767
1.31 1.31916
1.3105 1.32064
1.311 1.32212
1.3115 1.32361
1.312 1.32509
1.3125 1.32658
1.313 1.32806
1.3135 1.32955
1.314 1.33104
1.3145 1.33253
1.315 1.33402
1.3155 1.33551
1.316 1.337
1.3165 1.3385
1.317 1.34
1.3175 1.34149
1.318 1.34299
1.3185 1.3445
1.319 1.34601
1.3195 1.34751
1.32 1.34902
1.3205 1.35053
1.321 1.35205
1.3215 1.35356
1.322 1.35509
1.3225 1.35661
1.323 1.35813
1.3235 1.35966
1.324 1.3612
1.3245 1.36274
1.325 1.36427
1.3255 1.36581
1.326 1.36736
1.3265 1.36891
1.327 1.37046
1.3275 1.37202
1.328 1.37359
1.3285 1.37516
1.329 1.37673
1.3295 1.3783
1.33 1.37988
1.3305 1.38147
1.331 1.38306
1.3315 1.38464
1.332 1.38625
1.3325 1.38785
1.333 1.38946
1.3335 1.39107
1.334 1.39269
1.3345 1.39433
1.335 1.39596
1.3355 1.39759
1.336 1.39924
1.3365 1.40089
1.337 1.40254
1.3375 1.4042
1.338 1.40588
1.3385 1.40755
1.339 1.40923
1.3395 1.41092
1.34 1.41261
1.3405 1.41432
1.341 1.41602
1.3415 1.41774
1.342 1.41945
1.3425 1.42117
1.343 1.42291
1.3435 1.42465
1.344 1.42638
1.3445 1.42813
1.345 1.42988
1.3455 1.43164
1.346 1.4334
1.3465 1.43517
1.347 1.43694
1.3475 1.43872
1.348 1.4405
1.3485 1.44229
1.349 1.44407
1.3495 1.44588
1.35 1.44768
1.3505 1.44948
1.351 1.45128
1.3515 1.4531
1.352 1.45492
1.3525 1.45673
1.353 1.45856
1.3535 1.46038
1.354 1.46222
1.3545 1.46405
1.355 1.46589
1.3555 1.46773
1.356 1.46957
1.3565 1.47142
1.357 1.47328
1.3575 1.47513
1.358 1.47699
1.3585 1.47885
1.359 1.48071
1.3595 1.48258
1.36 1.48445
1.3605 1.48632
1.361 1.48819
1.3615 1.49007
1.362 1.49195
1.3625 1.49382
1.363 1.4957
1.3635 1.49759
1.364 1.49947
1.3645 1.50137
1.365 1.50326
1.3655 1.50515
1.366 1.50704
1.3665 1.50893
1.367 1.51083
1.3675 1.51272
1.368 1.51462
1.3685 1.51652
1.369 1.51842
1.3695 1.52032
1.37 1.52222
1.3705 1.52412
1.371 1.52602
1.3715 1.52793
1.372 1.52983
1.3725 1.53173
1.373 1.53364
1.3735 1.53554
1.374 1.53744
1.3745 1.53935
1.375 1.54125
1.3755 1.54315
1.376 1.54506
1.3765 1.54696
1.377 1.54886
1.3775 1.55077
1.378 1.55266
1.3785 1.55456
1.379 1.55646
1.3795 1.55835
1.38 1.56025
1.3805 1.56215
1.381 1.56405
1.3815 1.56593
1.382 1.56782
1.3825 1.56972
1.383 1.5716
1.3835 1.57349
1.384 1.57537
1.3845 1.57725
1.385 1.57913
1.3855 1.58101
1.386 1.58288
1.3865 1.58475
1.387 1.58662
1.3875 1.58848
1.388 1.59034
1.3885 1.59221
1.389 1.59406
1.3895 1.59593
1.39 1.59778
1.3905 1.59962
1.391 1.60147
1.3915 1.60332
1.392 1.60516
1.3925 1.607
1.393 1.60883
1.3935 1.61067
1.394 1.6125
1.3945 1.61432
1.395 1.61615
1.3955 1.61798
1.396 1.6198
1.3965 1.62162
1.397 1.62344
1.3975 1.62525
1.398 1.62708
1.3985 1.62889
1.399 1.63069
1.3995 1.6325
1.4 1.63431
1.4005 1.63795
1.401 1.64018
1.4015 1.64241
1.402 1.64463
1.4025 1.64686
1.403 1.64909
1.4035 1.65132
1.404 1.65356
1.4045 1.65579
1.405 1.65803
1.4055 1.66027
1.406 1.66251
1.4065 1.66475
1.407 1.66699
1.4075 1.66923
1.408 1.67148
1.4085 1.67372
1.409 1.67597
1.4095 1.67822
1.41 1.68046
1.4105 1.68271
1.411 1.68496
1.4115 1.68719
1.412 1.68944
1.4125 1.69168
1.413 1.69393
1.4135 1.69617
1.414 1.69841
1.4145 1.70065
1.415 1.70289
1.4155 1.70513
1.416 1.70736
1.4165 1.7096
1.417 1.71183
1.4175 1.71406
1.418 1.71629
1.4185 1.71851
1.419 1.72074
1.4195 1.72297
1.42 1.72518
1.4205 1.7274
1.421 1.7296
1.4215 1.73181
1.422 1.73402
1.4225 1.73623
1.423 1.73843
1.4235 1.74062
1.424 1.74281
1.4245 1.745
1.425 1.74718
1.4255 1.74936
1.426 1.75153
1.4265 1.7537
1.427 1.75587
1.4275 1.75802
1.428 1.76018
1.4285 1.76233
1.429 1.76447
1.4295 1.76661
1.43 1.76875
1.4305 1.77087
1.431 1.77299
1.4315 1.7751
1.432 1.77721
1.4325 1.77931
1.433 1.7814
1.4335 1.78349
1.434 1.78557
1.4345 1.78764
1.435 1.7897
1.4355 1.79176
1.436 1.79382
1.4365 1.79586
1.437 1.79789
1.4375 1.79992
1.438 1.80193
1.4385 1.80394
1.439 1.80594
1.4395 1.80794
1.44 1.80991
1.4405 1.81189
1.441 1.81385
1.4415 1.8158
1.442 1.81775
1.4425 1.81967
1.443 1.82159
1.4435 1.82351
1.444 1.82541
1.4445 1.8273
1.445 1.82917
1.4455 1.83103
1.446 1.83289
1.4465 1.83473
1.447 1.83656
1.4475 1.83837
1.448 1.84017
1.4485 1.84196
1.449 1.84374
1.4495 1.84551
1.45 1.84725
1.4505 1.84898
1.451 1.85071
1.4515 1.85241
1.452 1.8541
1.4525 1.85579
1.453 1.85746
1.4535 1.85911
1.454 1.86075
1.4545 1.86237
1.455 1.864
1.4555 1.8656
1.456 1.86718
1.4565 1.86876
1.457 1.87033
1.4575 1.87188
1.458 1.87343
1.4585 1.87495
1.459 1.87647
1.4595 1.87798
1.46 1.87948
1.4605 1.88097
1.461 1.88244
1.4615 1.8839
1.462 1.88536
1.4625 1.8868
1.463 1.88823
1.4635 1.88966
1.464 1.89107
1.4645 1.89248
1.465 1.89388
1.4655 1.89526
1.466 1.89664
1.4665 1.898
1.467 1.89936
1.4675 1.90071
1.468 1.90205
1.4685 1.90338
1.469 1.9047
1.4695 1.90603
1.47 1.90733
1.4705 1.90863
1.471 1.90993
1.4715 1.91121
1.472 1.91249
1.4725 1.91377
1.473 1.91503
1.4735 1.91629
1.474 1.91754
1.4745 1.91879
1.475 1.92003
1.4755 1.92126
1.476 1.9225
1.4765 1.92371
1.477 1.92895
1.4775 1.93712
1.478 1.94527
1.4785 1.9534
1.479 1.96151
1.4795 1.96959
1.48 1.97765
1.4805 1.98567
1.481 1.99366
1.4815 2.00161
1.482 2.00952
1.4825 2.01739
1.483 2.0252
1.4835 2.03297
1.484 2.04068
1.4845 2.04834
1.485 2.05593
1.4855 2.06346
1.486 2.07092
1.4865 2.07832
1.487 2.08564
1.4875 2.09288
1.488 2.10005
1.4885 2.10713
1.489 2.11412
1.4895 2.12103
1.49 2.12784
1.4905 2.13456
1.491 2.14118
1.4915 2.1477
1.492 2.15411
1.4925 2.16041
1.493 2.1666
1.4935 2.17268
1.494 2.17864
1.4945 2.18448
1.495 2.19019
1.4955 2.19578
1.496 2.20123
1.4965 2.20655
1.497 2.21173
1.4975 2.21678
1.498 2.22168
1.4985 2.22643
1.499 2.23103
1.4995 2.23548
1.5 2.23977
1.5005 2.24391
1.501 2.24789
1.5015 2.25171
1.502 2.25538
1.5025 2.25889
1.503 2.26226
1.5035 2.26548
1.504 2.26856
1.5045 2.2715
1.505 2.2743
1.5055 2.27695
1.506 2.27948
1.5065 2.28187
1.507 2.28413
1.5075 2.28626
1.508 2.28826
1.5085 2.29014
1.509 2.2919
1.5095 2.29354
1.51 2.29505
1.5105 2.29646
1.511 2.29775
1.5115 2.29893
1.512 2.3
1.5125 2.30096
1.513 2.30182
1.5135 2.30257
1.514 2.30323
1.5145 2.30379
1.515 2.30425
1.5155 2.30462
1.516 2.30489
1.5165 2.30508
1.517 2.30518
1.5175 2.3052
1.518 2.30513
1.5185 2.30498
1.519 2.30476
1.5195 2.30445
1.52 2.30408
1.5205 2.30363
1.521 2.30311
1.5215 2.30253
1.522 2.30188
1.5225 2.30117
1.523 2.3004
1.5235 2.29956
1.524 2.29868
1.5245 2.29774
1.525 2.29674
1.5255 2.2957
1.526 2.29461
1.5265 2.29347
1.527 2.2923
1.5275 2.29108
1.528 2.28982
1.5285 2.28852
1.529 2.2872
1.5295 2.28584
1.53 2.28444
1.5305 2.28303
1.531 2.28158
1.5315 2.28012
1.532 2.27863
1.5325 2.27712
1.533 2.2756
1.5335 2.27406
1.534 2.27251
1.5345 2.27095
1.535 2.26938
1.5355 2.26781
1.536 2.26623
1.5365 2.26466
1.537 2.26308
1.5375 2.26151
1.538 2.25994
1.5385 2.25838
1.539 2.25683
1.5395 2.25529
1.54 2.25376
1.5405 2.25226
1.541 2.25077
1.5415 2.2493
1.542 2.24785
1.5425 2.24643
1.543 2.24504
1.5435 2.24368
1.544 2.24235
1.5445 2.24105
1.545 2.23979
1.5455 2.23856
1.546 2.23738
1.5465 2.23624
1.547 2.23515
1.5475 2.2341
1.548 2.23311
1.5485 2.23216
1.549 2.23127
1.5495 2.23043
1.55 2.22966
1.5505 2.22894
1.551 2.22828
1.5515 2.22768
1.552 2.22715
1.5525 2.22667
1.553 2.22624
1.5535 2.22588
1.554 2.22558
1.5545 2.22533
1.555 2.22513
1.5555 2.225
1.556 2.22492
1.5565 2.22489
1.557 2.22492
1.5575 2.22501
1.558 2.22515
1.5585 2.22534
1.559 2.22558
1.5595 2.22588
1.56 2.22623
1.5605 2.22663
1.561 2.22709
1.5615 2.22759
1.562 2.22815
1.5625 2.22875
1.563 2.22941
1.5635 2.23011
1.564 2.23087
1.5645 2.23167
1.565 2.23252
1.5655 2.23341
1.566 2.23436
1.5665 2.23535
1.567 2.23639
1.5675 2.23747
1.568 2.2386
1.5685 2.23977
1.569 2.24099
1.5695 2.24225
1.57 2.24356
1.5705 2.24491
1.571 2.2463
1.5715 2.24774
1.572 2.24921
1.5725 2.25073
1.573 2.25229
1.5735 2.25389
1.574 2.25553
1.5745 2.25721
1.575 2.25893
1.5755 2.26069
1.576 2.26248
1.5765 2.26432
1.577 2.26619
1.5775 2.2681
1.578 2.27005
1.5785 2.27203
1.579 2.27405
1.5795 2.2761
1.58 2.27819
1.5805 2.28031
1.581 2.28247
1.5815 2.28466
1.582 2.28689
1.5825 2.28915
1.583 2.29144
1.5835 2.29376
1.584 2.29612
1.5845 2.2985
1.585 2.30092
1.5855 2.30336
1.586 2.30584
1.5865 2.30835
1.587 2.31088
1.5875 2.31345
1.588 2.31604
1.5885 2.31866
1.589 2.3213
1.5895 2.32398
1.59 2.32668
1.5905 2.3294
1.591 2.33215
1.5915 2.33493
1.592 2.33773
1.5925 2.34056
1.593 2.34341
1.5935 2.34628
1.594 2.34918
1.5945 2.3521
1.595 2.35504
1.5955 2.358
1.596 2.36098
1.5965 2.36399
1.597 2.36701
1.5975 2.37006
1.598 2.37312
1.5985 2.37621
1.599 2.37931
1.5995 2.38243
1.6 2.38557
1.6005 2.38872
1.601 2.39189
1.6015 2.39508
1.602 2.39828
1.6025 2.4015
1.603 2.40473
1.6035 2.40797
1.604 2.41123
1.6045 2.41449
1.605 2.41777
1.6055 2.42106
1.606 2.42435
1.6065 2.42765
1.607 2.43096
1.6075 2.43427
1.608 2.43759
1.6085 2.44092
1.609 2.44424
1.6095 2.44758
1.61 2.45091
1.6105 2.45424
1.611 2.45758
1.6115 2.46091
1.612 2.46424
1.6125 2.46758
1.613 2.4709
1.6135 2.47423
1.614 2.47755
1.6145 2.48086
1.615 2.48417
1.6155 2.48748
1.616 2.49077
1.6165 2.49406
1.617 2.49734
1.6175 2.5006
1.618 2.50386
1.6185 2.50711
1.619 2.51034
1.6195 2.51356
1.62 2.51676
1.6205 2.51995
1.621 2.52313
1.6215 2.52629
1.622 2.52943
1.6225 2.53255
1.623 2.53566
1.6235 2.53874
1.624 2.54181
1.6245 2.54485
1.625 2.54787
1.6255 2.55087
1.626 2.55384
1.6265 2.55679
1.627 2.55972
1.6275 2.56261
1.628 2.56549
1.6285 2.56833
1.629 2.57115
1.6295 2.57393
1.63 2.57669
1.6305 2.57941
1.631 2.58211
1.6315 2.58477
1.632 2.58739
1.6325 2.58999
1.633 2.59255
1.6335 2.59507
1.634 2.59755
1.6345 2.6
1.635 2.60241
1.6355 2.60479
1.636 2.60712
1.6365 2.60941
1.637 2.61166
1.6375 2.61386
1.638 2.61603
1.6385 2.61815
1.639 2.62023
1.6395 2.62226
1.64 2.62424
1.6405 2.62618
1.641 2.62807
1.6415 2.62991
1.642 2.6317
1.6425 2.63344
1.643 2.63513
1.6435 2.63677
1.644 2.63835
1.6445 2.63988
1.645 2.64136
1.6455 2.64278
1.646 2.64415
1.6465 2.64546
1.647 2.64671
1.6475 2.64791
1.648 2.64904
1.6485 2.65012
1.649 2.65113
1.6495 2.65208
1.65 2.65297
1.6505 2.6538
1.651 2.65457
1.6515 2.65527
1.652 2.65591
1.6525 2.6565
1.653 2.65702
1.6535 2.65749
1.654 2.6579
1.6545 2.65826
1.655 2.65856
1.6555 2.65881
1.656 2.65901
1.6565 2.65916
1.657 2.65925
1.6575 2.6593
1.658 2.65929
1.6585 2.65924
1.659 2.65914
1.6595 2.659
1.66 2.65881
1.6605 2.65858
1.661 2.65831
1.6615 2.65799
1.662 2.65763
1.6625 2.65724
1.663 2.6568
1.6635 2.65633
1.664 2.65582
1.6645 2.65527
1.665 2.65469
1.6655 2.65407
1.666 2.65342
1.6665 2.65274
1.667 2.65203
1.6675 2.65129
1.668 2.65052
1.6685 2.64972
1.669 2.6489
1.6695 2.64804
1.67 2.64717
1.6705 2.64627
1.671 2.64534
1.6715 2.64439
1.672 2.64343
1.6725 2.64244
1.673 2.64143
1.6735 2.6404
1.674 2.63936
1.6745 2.6383
1.675 2.63722
1.6755 2.63613
1.676 2.63503
1.6765 2.63391
1.677 2.63279
1.6775 2.63165
1.678 2.6305
1.6785 2.62934
1.679 2.62818
1.6795 2.62701
1.68 2.62583
1.6805 2.62465
1.681 2.62346
1.6815 2.62228
1.682 2.62109
1.6825 2.6199
1.683 2.6187
1.6835 2.61751
1.684 2.61633
1.6845 2.61514
1.685 2.61396
1.6855 2.61279
1.686 2.61162
1.6865 2.61045
1.687 2.6093
1.6875 2.60815
1.688 2.60702
1.6885 2.60589
1.689 2.60478
1.6895 2.60368
1.69 2.60259
1.6905 2.60152
1.691 2.60046
1.6915 2.59942
1.692 2.5984
1.6925 2.5974
1.693 2.59642
1.6935 2.59545
1.694 2.59451
1.6945 2.59359
1.695 2.5927
1.6955 2.59182
1.696 2.59098
1.6965 2.59016
1.697 2.58937
1.6975 2.5886
1.698 2.58787
1.6985 2.58717
1.699 2.58649
1.6995 2.58585
1.7 2.58525
1.7005 2.58467
1.701 2.58413
1.7015 2.58363
1.702 2.58315
1.7025 2.58271
1.703 2.5823
1.7035 2.58192
1.704 2.58157
1.7045 2.58125
1.705 2.58095
1.7055 2.58069
1.706 2.58045
1.7065 2.58024
1.707 2.58005
1.7075 2.57989
1.708 2.57976
1.7085 2.57965
1.709 2.57956
1.7095 2.57949
1.71 2.57945
1.7105 2.57943
1.711 2.57943
1.7115 2.57945
1.712 2.57949
1.7125 2.57955
1.713 2.57962
1.7135 2.57972
1.714 2.57983
1.7145 2.57996
1.715 2.5801
1.7155 2.58026
1.716 2.58044
1.7165 2.58063
1.717 2.58083
1.7175 2.58104
1.718 2.58127
1.7185 2.58151
1.719 2.58175
1.7195 2.58201
1.72 2.58228
1.7205 2.58256
1.721 2.58284
1.7215 2.58314
1.722 2.58344
1.7225 2.58374
1.723 2.58406
1.7235 2.58437
1.724 2.5847
1.7245 2.58502
1.725 2.58535
1.7255 2.58568
1.726 2.58602
1.7265 2.58635
1.727 2.58669
1.7275 2.58702
1.728 2.58736
1.7285 2.58769
1.729 2.58802
1.7295 2.58835
1.73 2.58868
1.7305 2.589
1.731 2.58932
1.7315 2.58963
1.732 2.58994
1.7325 2.59024
1.733 2.59054
1.7335 2.59082
1.734 2.5911
1.7345 2.59137
1.735 2.59163
1.7355 2.59188
1.736 2.59212
1.7365 2.59235
1.737 2.59257
1.7375 2.59277
1.738 2.59296
1.7385 2.59314
1.739 2.5933
1.7395 2.59345
1.74 2.59358
1.7405 2.59369
1.741 2.59379
1.7415 2.59387
1.742 2.59393
1.7425 2.59397
1.743 2.594
1.7435 2.594
1.744 2.59398
1.7445 2.59394
1.745 2.59388
1.7455 2.5938
1.746 2.59369
1.7465 2.59356
1.747 2.5934
1.7475 2.59322
1.748 2.59301
1.7485 2.59278
1.749 2.59252
1.7495 2.59223
1.75 2.59191
1.7505 2.59156
1.751 2.59119
1.7515 2.59078
1.752 2.59035
1.7525 2.58989
1.753 2.5894
1.7535 2.58888
1.754 2.58833
1.7545 2.58775
1.755 2.58714
1.7555 2.58651
1.756 2.58585
1.7565 2.58516
1.757 2.58444
1.7575 2.58369
1.758 2.58291
1.7585 2.58211
1.759 2.58128
1.7595 2.58042
1.76 2.57953
1.7605 2.57861
1.761 2.57767
1.7615 2.57669
1.762 2.5757
1.7625 2.57467
1.763 2.57361
1.7635 2.57253
1.764 2.57142
1.7645 2.57028
1.765 2.56912
1.7655 2.56792
1.766 2.5667
1.7665 2.56546
1.767 2.56418
1.7675 2.56288
1.768 2.56155
1.7685 2.5602
1.769 2.55881
1.7695 2.5574
1.77 2.55597
1.7705 2.5545
1.771 2.55301
1.7715 2.5515
1.772 2.54995
1.7725 2.54838
1.773 2.54679
1.7735 2.54516
1.774 2.54352
1.7745 2.54184
1.775 2.54014
1.7755 2.53841
1.776 2.53666
1.7765 2.53487
1.777 2.53307
1.7775 2.53124
1.778 2.52938
1.7785 2.52749
1.779 2.52558
1.7795 2.52365
1.78 2.52168
1.7805 2.5197
1.781 2.51768
1.7815 2.51565
1.782 2.51358
1.7825 2.51149
1.783 2.50938
1.7835 2.50724
1.784 2.50507
1.7845 2.50288
1.785 2.50067
1.7855 2.49842
1.786 2.49616
1.7865 2.49387
1.787 2.49155
1.7875 2.48921
1.788 2.48684
1.7885 2.48445
1.789 2.48204
1.7895 2.4796
1.79 2.47714
1.7905 2.47465
1.791 2.47213
1.7915 2.4696
1.792 2.46703
1.7925 2.46445
1.793 2.46184
1.7935 2.4592
1.794 2.45654
1.7945 2.45386
1.795 2.45115
1.7955 2.44842
1.796 2.44567
1.7965 2.44289
1.797 2.44009
1.7975 2.43726
1.798 2.43441
1.7985 2.43154
1.799 2.42864
1.7995 2.42572
1.8 2.42278
1.8005 2.41981
1.801 2.41682
1.8015 2.41381
1.802 2.41077
1.8025 2.40771
1.803 2.40464
1.8035 2.40154
1.804 2.39842
1.8045 2.39528
1.805 2.39212
1.8055 2.38894
1.806 2.38574
1.8065 2.38252
1.807 2.37929
1.8075 2.37603
1.808 2.37276
1.8085 2.36947
1.809 2.36617
1.8095 2.36285
1.81 2.35951
1.8105 2.35616
1.811 2.35279
1.8115 2.34941
1.812 2.34601
1.8125 2.3426
1.813 2.33917
1.8135 2.33574
1.814 2.33228
1.8145 2.32882
1.815 2.32535
1.8155 2.32186
1.816 2.31836
1.8165 2.31485
1.817 2.31133
1.8175 2.3078
1.818 2.30426
1.8185 2.30072
1.819 2.29716
1.8195 2.29359
1.82 2.29002
1.8205 2.28644
1.821 2.28285
1.8215 2.27925
1.822 2.27565
1.8225 2.27204
1.823 2.26843
1.8235 2.26481
1.824 2.26118
1.8245 2.25755
1.825 2.25392
1.8255 2.25028
1.826 2.24664
1.8265 2.243
1.827 2.23935
1.8275 2.2357
1.828 2.23205
1.8285 2.2284
1.829 2.22475
1.8295 2.22109
1.83 2.21744
1.8305 2.21378
1.831 2.21013
1.8315 2.20648
1.832 2.20283
1.8325 2.19918
1.833 2.19553
1.8335 2.19188
1.834 2.18824
1.8345 2.1846
1.835 2.18097
1.8355 2.17734
1.836 2.17371
1.8365 2.17009
1.837 2.16647
1.8375 2.16286
1.838 2.15925
1.8385 2.15565
1.839 2.15206
1.8395 2.14848
1.84 2.1449
1.8405 2.14133
1.841 2.13777
1.8415 2.13422
1.842 2.13067
1.8425 2.12714
1.843 2.12361
1.8435 2.1201
1.844 2.1166
1.8445 2.1131
1.845 2.10962
1.8455 2.10616
1.846 2.1027
1.8465 2.09926
1.847 2.09582
1.8475 2.09241
1.848 2.089
1.8485 2.08561
1.849 2.08224
1.8495 2.07888
1.85 2.07554
1.8505 2.07221
1.851 2.06889
1.8515 2.0656
1.852 2.06232
1.8525 2.05906
1.853 2.05581
1.8535 2.05258
1.854 2.04937
1.8545 2.04618
1.855 2.04301
1.8555 2.03985
1.856 2.03672
1.8565 2.0336
1.857 2.03051
1.8575 2.02743
1.858 2.02437
1.8585 2.02134
1.859 2.01832
1.8595 2.01533
1.86 2.01236
1.8605 2.00941
1.861 2.00648
1.8615 2.00357
1.862 2.00069
1.8625 1.99783
1.863 1.995
1.8635 1.99218
1.864 1.98939
1.8645 1.98663
1.865 1.98389
1.8655 1.98117
1.866 1.97848
1.8665 1.97582
1.867 1.97318
1.8675 1.97056
1.868 1.96798
1.8685 1.96541
1.869 1.96288
1.8695 1.96037
1.87 1.95789
1.8705 1.95544
1.871 1.95302
1.8715 1.95063
1.872 1.94826
1.8725 1.94592
1.873 1.94361
1.8735 1.94134
1.874 1.93909
1.8745 1.93687
1.875 1.93468
1.8755 1.93252
1.876 1.9304
1.8765 1.9283
1.877 1.92624
1.8775 1.92421
1.878 1.92221
1.8785 1.92025
1.879 1.91831
1.8795 1.91641
1.88 1.91455
1.8805 1.91271
1.881 1.91092
1.8815 1.90915
1.882 1.90742
1.8825 1.90573
1.883 1.90407
1.8835 1.90245
1.884 1.90086
1.8845 1.89931
1.885 1.89779
1.8855 1.89631
1.886 1.89487
1.8865 1.89347
1.887 1.8921
1.8875 1.89078
1.888 1.88949
1.8885 1.88824
1.889 1.88702
1.8895 1.88585
1.89 1.88472
1.8905 1.88363
1.891 1.88257
1.8915 1.88156
1.892 1.88059
1.8925 1.87966
1.893 1.87877
1.8935 1.87792
1.894 1.87711
1.8945 1.87635
1.895 1.87563
1.8955 1.87495
1.896 1.87431
1.8965 1.87372
1.897 1.87317
1.8975 1.87267
1.898 1.87221
1.8985 1.87179
1.899 1.87142
1.8995 1.8711
1.9 1.87082
1.9005 1.87058
1.901 1.87039
1.9015 1.87025
1.902 1.87015
1.9025 1.8701
1.903 1.8701
1.9035 1.87014
1.904 1.87023
1.9045 1.87036
1.905 1.87054
1.9055 1.87077
1.906 1.87104
1.9065 1.87135
1.907 1.87172
1.9075 1.87213
1.908 1.87258
1.9085 1.87309
1.909 1.87363
1.9095 1.87423
1.91 1.87487
1.9105 1.87556
1.911 1.87629
1.9115 1.87707
1.912 1.87789
1.9125 1.87877
1.913 1.87969
1.9135 1.88065
1.914 1.88166
1.9145 1.88272
1.915 1.88382
1.9155 1.88497
1.916 1.88617
1.9165 1.88741
1.917 1.8887
1.9175 1.89004
1.918 1.89142
1.9185 1.89285
1.919 1.89433
1.9195 1.89585
1.92 1.89742
1.9205 1.89904
1.921 1.9007
1.9215 1.90241
1.922 1.90417
1.9225 1.90597
1.923 1.90782
1.9235 1.90972
1.924 1.91167
1.9245 1.91366
1.925 1.91569
1.9255 1.91778
1.926 1.91991
1.9265 1.92209
1.927 1.92431
1.9275 1.92659
1.928 1.92891
1.9285 1.93127
1.929 1.93369
1.9295 1.93615
1.93 1.93865
1.9305 1.94121
1.931 1.94381
1.9315 1.94646
1.932 1.94916
1.9325 1.9519
1.933 1.95469
1.9335 1.95753
1.934 1.96041
1.9345 1.96335
1.935 1.96632
1.9355 1.96935
1.936 1.97243
1.9365 1.97555
1.937 1.97872
1.9375 1.98193
1.938 1.9852
1.9385 1.98851
1.939 1.99187
1.9395 1.99527
1.94 1.99873
1.9405 2.00223
1.941 2.00578
1.9415 2.00938
1.942 2.01302
1.9425 2.01671
1.943 2.02045
1.9435 2.02424
1.944 2.02807
1.9445 2.03196
1.945 2.03589
1.9455 2.03987
1.946 2.04389
1.9465 2.04797
1.947 2.05209
1.9475 2.05626
1.948 2.06047
1.9485 2.06474
1.949 2.06905
1.9495 2.07341
1.95 2.07782
1.9505 2.08228
1.951 2.08678
1.9515 2.09132
1.952 2.0959
1.9525 2.10051
1.953 2.10516
1.9535 2.10983
1.954 2.11452
1.9545 2.11924
1.955 2.12397
1.9555 2.12871
1.956 2.13347
1.9565 2.13823
1.957 2.14299
1.9575 2.14775
1.958 2.15251
1.9585 2.15726
1.959 2.162
1.9595 2.16672
1.96 2.17143
1.9605 2.17611
1.961 2.18077
1.9615 2.1854
1.962 2.19
1.9625 2.19456
1.963 2.19909
1.9635 2.20357
1.964 2.208
1.9645 2.21239
1.965 2.21672
1.9655 2.221
1.966 2.22521
1.9665 2.22936
1.967 2.23345
1.9675 2.23746
1.968 2.2414
1.9685 2.24526
1.969 2.24905
1.9695 2.25274
1.97 2.25635
1.9705 2.25987
1.971 2.26329
1.9715 2.26662
1.972 2.26984
1.9725 2.27296
1.973 2.27597
1.9735 2.27886
1.974 2.28164
1.9745 2.2843
1.975 2.28684
1.9755 2.28925
1.976 2.29154
1.9765 2.29368
1.977 2.2957
1.9775 2.29757
1.978 2.2993
1.9785 2.30088
1.979 2.30231
1.9795 2.30358
1.98 2.3047
1.9805 2.30566
1.981 2.30645
1.9815 2.30708
1.982 2.30753
1.9825 2.30781
1.983 2.30791
1.9835 2.30782
1.984 2.30756
1.9845 2.3071
1.985 2.30645
1.9855 2.3056
1.986 2.30456
1.9865 2.30331
1.987 2.30185
1.9875 2.30019
1.988 2.29831
1.9885 2.29621
1.989 2.2939
1.9895 2.29136
1.99 2.28859
1.9905 2.28559
1.991 2.28236
1.9915 2.27889
1.992 2.27518
1.9925 2.27122
1.993 2.26702
1.9935 2.26256
1.994 2.25785
1.9945 2.25288
1.995 2.24765
1.9955 2.24215
1.996 2.23638
1.9965 2.23034
1.997 2.22402
1.9975 2.21743
1.998 2.21055
1.9985 2.20338
1.999 2.19592
1.9995 2.18817
2 2.18012
