0.1355 3.36227e-13
0.136 2.67626e-12
0.1365 8.98715e-12
0.137 2.11969e-11
0.1375 4.11954e-11
0.138 7.08359e-11
0.1385 1.11936e-10
0.139 1.66277e-10
0.1395 2.35608e-10
0.14 3.21646e-10
0.1405 4.26072e-10
0.141 5.5054e-10
0.1415 6.96673e-10
0.142 8.66062e-10
0.1425 1.06027e-09
0.143 1.28084e-09
0.1435 1.52927e-09
0.144 1.80706e-09
0.1445 2.11565e-09
0.145 2.45649e-09
0.1455 2.83097e-09
0.146 3.24049e-09
0.1465 3.6864e-09
0.147 4.17005e-09
0.1475 4.69276e-09
0.148 5.25582e-09
0.1485 5.86051e-09
0.149 6.50809e-09
0.1495 7.1998e-09
0.15 7.93685e-09
0.1505 8.72045e-09
0.151 9.55178e-09
0.1515 1.0432e-08
0.152 1.13623e-08
0.1525 1.23437e-08
0.153 1.33775e-08
0.1535 1.44646e-08
0.154 1.56062e-08
0.1545 1.68034e-08
0.155 1.80572e-08
0.1555 1.93687e-08
0.156 2.07389e-08
0.1565 2.21687e-08
0.157 2.36593e-08
0.1575 2.52116e-08
0.158 2.68266e-08
0.1585 2.85052e-08
0.159 3.02485e-08
0.1595 3.20573e-08
0.16 3.39326e-08
0.1605 3.58753e-08
0.161 3.78864e-08
0.1615 3.99668e-08
0.162 4.21173e-08
0.1625 4.43388e-08
0.163 4.66323e-08
0.1635 4.89985e-08
0.164 5.14384e-08
0.1645 5.39528e-08
0.165 5.65426e-08
0.1655 5.92085e-08
0.166 6.19515e-08
0.1665 6.47723e-08
0.167 6.76718e-08
0.1675 7.06507e-08
0.168 7.37099e-08
0.1685 7.68502e-08
0.169 8.00724e-08
0.1695 8.33772e-08
0.17 8.67655e-08
0.1705 9.02379e-08
0.171 9.37954e-08
0.1715 9.74385e-08
0.172 1.01168e-07
0.1725 1.04985e-07
0.173 1.0889e-07
0.1735 1.12884e-07
0.174 1.16967e-07
0.1745 1.2114e-07
0.175 1.25404e-07
0.1755 1.2976e-07
0.176 1.34209e-07
0.1765 1.3875e-07
0.177 1.43386e-07
0.1775 1.48116e-07
0.178 1.52941e-07
0.1785 1.57862e-07
0.179 1.6288e-07
0.1795 1.67995e-07
0.18 1.73208e-07
0.1805 1.7852e-07
0.181 1.83932e-07
0.1815 1.89443e-07
0.182 1.95056e-07
0.1825 2.0077e-07
0.183 2.06586e-07
0.1835 2.12505e-07
0.184 2.18528e-07
0.1845 2.24655e-07
0.185 2.30887e-07
0.1855 2.37224e-07
0.186 2.43668e-07
0.1865 2.50219e-07
0.187 2.56877e-07
0.1875 2.63644e-07
0.188 2.7052e-07
0.1885 2.77505e-07
0.189 2.84601e-07
0.1895 2.91807e-07
0.19 2.99125e-07
0.1905 3.06556e-07
0.191 3.141e-07
0.1915 3.21757e-07
0.192 3.29528e-07
0.1925 3.37415e-07
0.193 3.45417e-07
0.1935 3.53535e-07
0.194 3.6177e-07
0.1945 3.70123e-07
0.195 3.78595e-07
0.1955 3.87185e-07
0.196 3.95894e-07
0.1965 4.04725e-07
0.197 4.13676e-07
0.1975 4.22748e-07
0.198 4.31943e-07
0.1985 4.41261e-07
0.199 4.50702e-07
0.1995 4.60268e-07
0.2 4.69958e-07
0.2005 4.79774e-07
0.201 4.89717e-07
0.2015 4.99786e-07
0.202 5.09983e-07
0.2025 5.20308e-07
0.203 5.30763e-07
0.2035 5.41346e-07
0.204 5.52061e-07
0.2045 5.62906e-07
0.205 5.73882e-07
0.2055 5.84991e-07
0.206 5.96233e-07
0.2065 6.07609e-07
0.207 6.19119e-07
0.2075 6.30764e-07
0.208 6.42545e-07
0.2085 6.54462e-07
0.209 6.66517e-07
0.2095 6.78709e-07
0.21 6.91039e-07
0.2105 7.03509e-07
0.211 7.16119e-07
0.2115 7.28869e-07
0.212 7.41761e-07
0.2125 7.54794e-07
0.213 7.6797e-07
0.2135 7.8129e-07
0.214 7.94753e-07
0.2145 8.08362e-07
0.215 8.22115e-07
0.2155 8.36015e-07
0.216 8.50062e-07
0.2165 8.64257e-07
0.217 8.786e-07
0.2175 8.93092e-07
0.218 9.07734e-07
0.2185 9.22526e-07
0.219 9.37469e-07
0.2195 9.52565e-07
0.22 9.67813e-07
0.2205 9.83215e-07
0.221 9.98771e-07
0.2215 1.01448e-06
0.222 1.03035e-06
0.2225 1.04637e-06
0.223 1.06255e-06
0.2235 1.07889e-06
0.224 1.09539e-06
0.2245 1.11204e-06
0.225 1.12886e-06
0.2255 1.14583e-06
0.226 1.16297e-06
0.2265 1.18027e-06
0.227 1.19774e-06
0.2275 1.21537e-06
0.228 1.23316e-06
0.2285 1.25112e-06
0.229 1.26925e-06
0.2295 1.28754e-06
0.23 1.306e-06
0.2305 1.32463e-06
0.231 1.34343e-06
0.2315 1.3624e-06
0.232 1.38154e-06
0.2325 1.40085e-06
0.233 1.42033e-06
0.2335 1.43999e-06
0.234 1.45982e-06
0.2345 1.47983e-06
0.235 1.50002e-06
0.2355 1.52038e-06
0.236 1.54091e-06
0.2365 1.56163e-06
0.237 1.58253e-06
0.2375 1.60361e-06
0.238 1.62486e-06
0.2385 1.6463e-06
0.239 1.66792e-06
0.2395 1.68973e-06
0.24 1.71172e-06
0.2405 1.7339e-06
0.241 1.75626e-06
0.2415 1.77881e-06
0.242 1.80154e-06
0.2425 1.82447e-06
0.243 1.84759e-06
0.2435 1.87089e-06
0.244 1.89439e-06
0.2445 1.91808e-06
0.245 1.94196e-06
0.2455 1.96604e-06
0.246 1.99031e-06
0.2465 2.01478e-06
0.247 2.03945e-06
0.2475 2.06431e-06
0.248 2.08937e-06
0.2485 2.11464e-06
0.249 2.1401e-06
0.2495 2.16576e-06
0.25 2.19163e-06
0.2505 2.2177e-06
0.251 2.24398e-06
0.2515 2.27046e-06
0.252 2.29714e-06
0.2525 2.32404e-06
0.253 2.35114e-06
0.2535 2.37845e-06
0.254 2.40597e-06
0.2545 2.43371e-06
0.255 2.46165e-06
0.2555 2.48981e-06
0.256 2.51818e-06
0.2565 2.54677e-06
0.257 2.57558e-06
0.2575 2.6046e-06
0.258 2.63384e-06
0.2585 2.6633e-06
0.259 2.69298e-06
0.2595 2.72288e-06
0.26 2.75301e-06
0.2605 2.78335e-06
0.261 2.81393e-06
0.2615 2.84473e-06
0.262 2.87575e-06
0.2625 2.907e-06
0.263 2.93848e-06
0.2635 2.9702e-06
0.264 3.00214e-06
0.2645 3.03431e-06
0.265 3.06672e-06
0.2655 3.09936e-06
0.266 3.13224e-06
0.2665 3.16536e-06
0.267 3.19871e-06
0.2675 3.2323e-06
0.268 3.26613e-06
0.2685 3.3002e-06
0.269 3.33452e-06
0.2695 3.36907e-06
0.27 3.40388e-06
0.2705 3.43892e-06
0.271 3.47422e-06
0.2715 3.50976e-06
0.272 3.54555e-06
0.2725 3.5816e-06
0.273 3.61789e-06
0.2735 3.65444e-06
0.274 3.69124e-06
0.2745 3.7283e-06
0.275 3.76561e-06
0.2755 3.80318e-06
0.276 3.84101e-06
0.2765 3.8791e-06
0.277 3.91745e-06
0.2775 3.95606e-06
0.278 3.99494e-06
0.2785 4.03409e-06
0.279 4.0735e-06
0.2795 4.11317e-06
0.28 4.15312e-06
0.2805 4.19334e-06
0.281 4.23383e-06
0.2815 4.27459e-06
0.282 4.31562e-06
0.2825 4.35694e-06
0.283 4.39852e-06
0.2835 4.44039e-06
0.284 4.48254e-06
0.2845 4.52497e-06
0.285 4.56768e-06
0.2855 4.61067e-06
0.286 4.65395e-06
0.2865 4.69751e-06
0.287 4.74137e-06
0.2875 4.78551e-06
0.288 4.82994e-06
0.2885 4.87467e-06
0.289 4.91969e-06
0.2895 4.965e-06
0.29 5.01061e-06
0.2905 5.05652e-06
0.291 5.10273e-06
0.2915 5.14924e-06
0.292 5.19605e-06
0.2925 5.24316e-06
0.293 5.29058e-06
0.2935 5.33831e-06
0.294 5.38634e-06
0.2945 5.43469e-06
0.295 5.48334e-06
0.2955 5.53231e-06
0.296 5.58159e-06
0.2965 5.63119e-06
0.297 5.68111e-06
0.2975 5.73134e-06
0.298 5.7819e-06
0.2985 5.83277e-06
0.299 5.88398e-06
0.2995 5.9355e-06
0.3 5.98736e-06
0.3005 6.03954e-06
0.301 6.09205e-06
0.3015 6.1449e-06
0.302 6.19807e-06
0.3025 6.25159e-06
0.303 6.30543e-06
0.3035 6.35962e-06
0.304 6.41415e-06
0.3045 6.46902e-06
0.305 6.52423e-06
0.3055 6.57979e-06
0.306 6.6357e-06
0.3065 6.69195e-06
0.307 6.74856e-06
0.3075 6.80552e-06
0.308 6.86283e-06
0.3085 6.92049e-06
0.309 6.97852e-06
0.3095 7.0369e-06
0.31 7.09565e-06
0.3105 7.15476e-06
0.311 7.21423e-06
0.3115 7.27407e-06
0.312 7.33427e-06
0.3125 7.39485e-06
0.313 7.4558e-06
0.3135 7.51713e-06
0.314 7.57883e-06
0.3145 7.64091e-06
0.315 7.70336e-06
0.3155 7.7662e-06
0.316 7.82943e-06
0.3165 7.89304e-06
0.317 7.95703e-06
0.3175 8.02142e-06
0.318 8.08619e-06
0.3185 8.15137e-06
0.319 8.21693e-06
0.3195 8.2829e-06
0.32 8.34926e-06
0.3205 8.41602e-06
0.321 8.48319e-06
0.3215 8.55077e-06
0.322 8.61875e-06
0.3225 8.68714e-06
0.323 8.75594e-06
0.3235 8.82516e-06
0.324 8.89479e-06
0.3245 8.96485e-06
0.325 9.03532e-06
0.3255 9.10622e-06
0.326 9.17754e-06
0.3265 9.24928e-06
0.327 9.32146e-06
0.3275 9.39407e-06
0.328 9.46711e-06
0.3285 9.54059e-06
0.329 9.6145e-06
0.3295 9.68886e-06
0.33 9.76366e-06
0.3305 9.8389e-06
0.331 9.91459e-06
0.3315 9.99073e-06
0.332 1.00673e-05
0.3325 1.01444e-05
0.333 1.02219e-05
0.3335 1.02998e-05
0.334 1.03783e-05
0.3345 1.04572e-05
0.335 1.05365e-05
0.3355 1.06163e-05
0.336 1.06966e-05
0.3365 1.07774e-05
0.337 1.08586e-05
0.3375 1.09404e-05
0.338 1.10226e-05
0.3385 1.11053e-05
0.339 1.11884e-05
0.3395 1.12721e-05
0.34 1.13562e-05
0.3405 1.14409e-05
0.341 1.1526e-05
0.3415 1.16117e-05
0.342 1.16978e-05
0.3425 1.17845e-05
0.343 1.18716e-05
0.3435 1.19593e-05
0.344 1.20475e-05
0.3445 1.21362e-05
0.345 1.22254e-05
0.3455 1.23151e-05
0.346 1.24054e-05
0.3465 1.24962e-05
0.347 1.25875e-05
0.3475 1.26794e-05
0.348 1.27717e-05
0.3485 1.28647e-05
0.349 1.29581e-05
0.3495 1.30521e-05
0.35 1.31467e-05
0.3505 1.32418e-05
0.351 1.33374e-05
0.3515 1.34336e-05
0.352 1.35304e-05
0.3525 1.36277e-05
0.353 1.37256e-05
0.3535 1.38241e-05
0.354 1.39231e-05
0.3545 1.40227e-05
0.355 1.41229e-05
0.3555 1.42237e-05
0.356 1.4325e-05
0.3565 1.44269e-05
0.357 1.45295e-05
0.3575 1.46326e-05
0.358 1.47363e-05
0.3585 1.48406e-05
0.359 1.49455e-05
0.3595 1.5051e-05
0.36 1.51572e-05
0.3605 1.52639e-05
0.361 1.53712e-05
0.3615 1.54792e-05
0.362 1.55878e-05
0.3625 1.5697e-05
0.363 1.58069e-05
0.3635 1.59174e-05
0.364 1.60285e-05
0.3645 1.61402e-05
0.365 1.62526e-05
0.3655 1.63657e-05
0.366 1.64794e-05
0.3665 1.65938e-05
0.367 1.67088e-05
0.3675 1.68244e-05
0.368 1.69408e-05
0.3685 1.70578e-05
0.369 1.71755e-05
0.3695 1.72938e-05
0.37 1.74129e-05
0.3705 1.75326e-05
0.371 1.7653e-05
0.3715 1.77741e-05
0.372 1.78959e-05
0.3725 1.80184e-05
0.373 1.81416e-05
0.3735 1.82655e-05
0.374 1.83901e-05
0.3745 1.85154e-05
0.375 1.86415e-05
0.3755 1.87683e-05
0.376 1.88958e-05
0.3765 1.9024e-05
0.377 1.9153e-05
0.3775 1.92827e-05
0.378 1.94131e-05
0.3785 1.95443e-05
0.379 1.96763e-05
0.3795 1.9809e-05
0.38 1.99424e-05
0.3805 2.00767e-05
0.381 2.02117e-05
0.3815 2.03475e-05
0.382 2.0484e-05
0.3825 2.06214e-05
0.383 2.07595e-05
0.3835 2.08984e-05
0.384 2.10381e-05
0.3845 2.11786e-05
0.385 2.132e-05
0.3855 2.14621e-05
0.386 2.1605e-05
0.3865 2.17488e-05
0.387 2.18934e-05
0.3875 2.20388e-05
0.388 2.21851e-05
0.3885 2.23322e-05
0.389 2.24801e-05
0.3895 2.26289e-05
0.39 2.27785e-05
0.3905 2.2929e-05
0.391 2.30804e-05
0.3915 2.32326e-05
0.392 2.33857e-05
0.3925 2.35397e-05
0.393 2.36946e-05
0.3935 2.38504e-05
0.394 2.4007e-05
0.3945 2.41646e-05
0.395 2.4323e-05
0.3955 2.44824e-05
0.396 2.46427e-05
0.3965 2.48039e-05
0.397 2.4966e-05
0.3975 2.5129e-05
0.398 2.5293e-05
0.3985 2.5458e-05
0.399 2.56239e-05
0.3995 2.57907e-05
0.4 2.59585e-05
0.4005 2.61273e-05
0.401 2.6297e-05
0.4015 2.64677e-05
0.402 2.66394e-05
0.4025 2.68121e-05
0.403 2.69858e-05
0.4035 2.71605e-05
0.404 2.73362e-05
0.4045 2.75129e-05
0.405 2.76906e-05
0.4055 2.78693e-05
0.406 2.80491e-05
0.4065 2.82299e-05
0.407 2.84118e-05
0.4075 2.85947e-05
0.408 2.87786e-05
0.4085 2.89636e-05
0.409 2.91497e-05
0.4095 2.93369e-05
0.41 2.95252e-05
0.4105 2.97145e-05
0.411 2.99049e-05
0.4115 3.00965e-05
0.412 3.02891e-05
0.4125 3.04828e-05
0.413 3.06777e-05
0.4135 3.08737e-05
0.414 3.10709e-05
0.4145 3.12709e-05
0.415 3.14726e-05
0.4155 3.16756e-05
0.416 3.18797e-05
0.4165 3.2085e-05
0.417 3.22915e-05
0.4175 3.24992e-05
0.418 3.27079e-05
0.4185 3.2918e-05
0.419 3.31293e-05
0.4195 3.33418e-05
0.42 3.35555e-05
0.4205 3.37705e-05
0.421 3.39867e-05
0.4215 3.42041e-05
0.422 3.44228e-05
0.4225 3.46428e-05
0.423 3.4864e-05
0.4235 3.50865e-05
0.424 3.53103e-05
0.4245 3.55355e-05
0.425 3.57619e-05
0.4255 3.59896e-05
0.426 3.62187e-05
0.4265 3.6449e-05
0.427 3.66807e-05
0.4275 3.69138e-05
0.428 3.71482e-05
0.4285 3.7384e-05
0.429 3.76212e-05
0.4295 3.78596e-05
0.43 3.84062e-05
0.4305 3.86818e-05
0.431 3.89608e-05
0.4315 3.92429e-05
0.432 3.95284e-05
0.4325 3.98171e-05
0.433 4.01092e-05
0.4335 4.04047e-05
0.434 4.07036e-05
0.4345 4.10059e-05
0.435 4.13118e-05
0.4355 4.1621e-05
0.436 4.19338e-05
0.4365 4.22502e-05
0.437 4.25703e-05
0.4375 4.28939e-05
0.438 4.32212e-05
0.4385 4.35522e-05
0.439 4.3887e-05
0.4395 4.42254e-05
0.44 4.45677e-05
0.4405 4.49139e-05
0.441 4.52639e-05
0.4415 4.56179e-05
0.442 4.59758e-05
0.4425 4.63376e-05
0.443 4.67035e-05
0.4435 4.70734e-05
0.444 4.74475e-05
0.4445 4.78256e-05
0.445 4.8208e-05
0.4455 4.85946e-05
0.446 4.89853e-05
0.4465 4.93805e-05
0.447 4.97799e-05
0.4475 5.01837e-05
0.448 5.05919e-05
0.4485 5.10046e-05
0.449 5.14218e-05
0.4495 5.18435e-05
0.45 5.22698e-05
0.4505 5.27008e-05
0.451 5.31363e-05
0.4515 5.35767e-05
0.452 5.40218e-05
0.4525 5.44717e-05
0.453 5.49264e-05
0.4535 5.53861e-05
0.454 5.58507e-05
0.4545 5.63202e-05
0.455 5.67949e-05
0.4555 5.72746e-05
0.456 5.77595e-05
0.4565 5.82495e-05
0.457 5.87448e-05
0.4575 5.92455e-05
0.458 5.97514e-05
0.4585 6.02627e-05
0.459 6.07795e-05
0.4595 6.13017e-05
0.46 6.18295e-05
0.4605 6.2363e-05
0.461 6.29021e-05
0.4615 6.34469e-05
0.462 6.39975e-05
0.4625 6.45539e-05
0.463 6.51161e-05
0.4635 6.56844e-05
0.464 6.62586e-05
0.4645 6.68389e-05
0.465 6.74253e-05
0.4655 6.80179e-05
0.466 6.86168e-05
0.4665 6.92219e-05
0.467 6.98334e-05
0.4675 7.04513e-05
0.468 7.10757e-05
0.4685 7.17067e-05
0.469 7.23443e-05
0.4695 7.29886e-05
0.47 7.36396e-05
0.4705 7.42975e-05
0.471 7.49622e-05
0.4715 7.56339e-05
0.472 7.63127e-05
0.4725 7.69985e-05
0.473 7.76915e-05
0.4735 7.83918e-05
0.474 7.90993e-05
0.4745 7.98143e-05
0.475 8.05366e-05
0.4755 8.12666e-05
0.476 8.20041e-05
0.4765 8.27494e-05
0.477 8.35023e-05
0.4775 8.42631e-05
0.478 8.50319e-05
0.4785 8.58087e-05
0.479 8.65935e-05
0.4795 8.73866e-05
0.48 8.81879e-05
0.4805 8.89975e-05
0.481 8.98155e-05
0.4815 9.06421e-05
0.482 9.14771e-05
0.4825 9.2321e-05
0.483 9.31735e-05
0.4835 9.40349e-05
0.484 9.49054e-05
0.4845 9.57848e-05
0.485 9.66734e-05
0.4855 9.75711e-05
0.486 9.84782e-05
0.4865 9.93948e-05
0.487 0.000100321
0.4875 0.000101256
0.488 0.000102202
0.4885 0.000103157
0.489 0.000104122
0.4895 0.000105097
0.49 0.000106083
0.4905 0.000107078
0.491 0.000108084
0.4915 0.0001091
0.492 0.000110127
0.4925 0.000111164
0.493 0.000112213
0.4935 0.000113272
0.494 0.000114342
0.4945 0.000115423
0.495 0.000116516
0.4955 0.000117619
0.496 0.000118735
0.4965 0.000119862
0.497 0.000121
0.4975 0.000122151
0.498 0.000123313
0.4985 0.000124487
0.499 0.000125674
0.4995 0.000126873
0.5 0.000128085
0.5005 0.000129309
0.501 0.000130546
0.5015 0.000131795
0.502 0.000133058
0.5025 0.000134334
0.503 0.000135623
0.5035 0.000136926
0.504 0.000138242
0.5045 0.000139572
0.505 0.000140916
0.5055 0.000142274
0.506 0.000143646
0.5065 0.000145032
0.507 0.000146433
0.5075 0.000147848
0.508 0.000149279
0.5085 0.000150724
0.509 0.000152184
0.5095 0.00015366
0.51 0.000155151
0.5105 0.000156657
0.511 0.00015818
0.5115 0.000159718
0.512 0.000161272
0.5125 0.000162843
0.513 0.000164431
0.5135 0.000166035
0.514 0.000167655
0.5145 0.000169294
0.515 0.000170949
0.5155 0.000172621
0.516 0.00017431
0.5165 0.000176018
0.517 0.000177744
0.5175 0.000179488
0.518 0.000181251
0.5185 0.000183031
0.519 0.000184831
0.5195 0.000186649
0.52 0.000188488
0.5205 0.000190344
0.521 0.000192222
0.5215 0.000194118
0.522 0.000196035
0.5225 0.000197973
0.523 0.00019993
0.5235 0.000201908
0.524 0.000203908
0.5245 0.000205928
0.525 0.00020797
0.5255 0.000210034
0.526 0.00021212
0.5265 0.000214227
0.527 0.000216358
0.5275 0.00021851
0.528 0.000220686
0.5285 0.000222886
0.529 0.000225108
0.5295 0.000227353
0.53 0.000229624
0.5305 0.000231918
0.531 0.000234237
0.5315 0.000236581
0.532 0.000238951
0.5325 0.000241344
0.533 0.000243764
0.5335 0.00024621
0.534 0.000248682
0.5345 0.000251181
0.535 0.000253707
0.5355 0.000256259
0.536 0.000258839
0.5365 0.000261448
0.537 0.000264084
0.5375 0.000266748
0.538 0.000269441
0.5385 0.000272164
0.539 0.000274915
0.5395 0.000277697
0.54 0.000280509
0.5405 0.000283351
0.541 0.000286224
0.5415 0.000289128
0.542 0.000292064
0.5425 0.000295031
0.543 0.000298032
0.5435 0.000301064
0.544 0.00030413
0.5445 0.000307228
0.545 0.000310361
0.5455 0.000313528
0.546 0.000316729
0.5465 0.000319966
0.547 0.000323238
0.5475 0.000326546
0.548 0.00032989
0.5485 0.000333271
0.549 0.000336689
0.5495 0.000340145
0.55 0.000343637
0.5505 0.00034717
0.551 0.000350741
0.5515 0.000354351
0.552 0.000358001
0.5525 0.000361692
0.553 0.000365422
0.5535 0.000369195
0.554 0.00037301
0.5545 0.000376867
0.555 0.000380766
0.5555 0.000384709
0.556 0.000388695
0.5565 0.000392725
0.557 0.000396802
0.5575 0.000400923
0.558 0.00040509
0.5585 0.000409304
0.559 0.000413564
0.5595 0.000417874
0.56 0.00042223
0.5605 0.000426636
0.561 0.000431091
0.5615 0.000435596
0.562 0.000440151
0.5625 0.000444759
0.563 0.000449418
0.5635 0.000454129
0.564 0.000458894
0.5645 0.000463712
0.565 0.000468586
0.5655 0.000473514
0.566 0.000478497
0.5665 0.000483538
0.567 0.000488636
0.5675 0.000493791
0.568 0.000499006
0.5685 0.00050428
0.569 0.000509614
0.5695 0.000515009
0.57 0.000520466
0.5705 0.000525984
0.571 0.000531566
0.5715 0.000537213
0.572 0.000542924
0.5725 0.0005487
0.573 0.000554544
0.5735 0.000560454
0.574 0.000566432
0.5745 0.00057248
0.575 0.000578597
0.5755 0.000584785
0.576 0.000591045
0.5765 0.000597377
0.577 0.000603783
0.5775 0.000610263
0.578 0.00061682
0.5785 0.000623451
0.579 0.000630161
0.5795 0.000636948
0.58 0.000643815
0.5805 0.000650763
0.581 0.000657792
0.5815 0.000664903
0.582 0.000672098
0.5825 0.000679378
0.583 0.000686743
0.5835 0.000694195
0.584 0.000701735
0.5845 0.000709364
0.585 0.000717083
0.5855 0.000724893
0.586 0.000732797
0.5865 0.000740795
0.587 0.000748887
0.5875 0.000757075
0.588 0.000765362
0.5885 0.000773747
0.589 0.000782233
0.5895 0.00079082
0.59 0.00079951
0.5905 0.000808304
0.591 0.000817204
0.5915 0.000826211
0.592 0.000835327
0.5925 0.000844552
0.593 0.000853889
0.5935 0.00086334
0.594 0.000872904
0.5945 0.000882585
0.595 0.000892383
0.5955 0.0009023
0.596 0.000912338
0.5965 0.000922498
0.597 0.000932783
0.5975 0.000943194
0.598 0.000953732
0.5985 0.000964399
0.599 0.000975198
0.5995 0.000986129
0.6 0.000997195
0.6005 0.0010084
0.601 0.00101974
0.6015 0.00103122
0.602 0.00104284
0.6025 0.00105461
0.603 0.00106653
0.6035 0.00107859
0.604 0.0010908
0.6045 0.00110317
0.605 0.00111569
0.6055 0.00112836
0.606 0.0011412
0.6065 0.0011542
0.607 0.00116736
0.6075 0.00118069
0.608 0.00119418
0.6085 0.00120785
0.609 0.00122169
0.6095 0.0012357
0.61 0.00124989
0.6105 0.00126427
0.611 0.00127882
0.6115 0.00129357
0.612 0.0013085
0.6125 0.00132362
0.613 0.00133894
0.6135 0.00135445
0.614 0.00137016
0.6145 0.00138608
0.615 0.0014022
0.6155 0.00141853
0.616 0.00143507
0.6165 0.00145183
0.617 0.0014688
0.6175 0.001486
0.618 0.00150342
0.6185 0.00152107
0.619 0.00153895
0.6195 0.00155707
0.62 0.00157542
0.6205 0.00159401
0.621 0.00161285
0.6215 0.00163194
0.622 0.00165128
0.6225 0.00167088
0.623 0.00169075
0.6235 0.00171086
0.624 0.00173126
0.6245 0.00175192
0.625 0.00177287
0.6255 0.00179409
0.626 0.0018156
0.6265 0.0018374
0.627 0.00185949
0.6275 0.00188188
0.628 0.00190458
0.6285 0.00192759
0.629 0.0019509
0.6295 0.00197453
0.63 0.0019985
0.6305 0.00202277
0.631 0.0020474
0.6315 0.00207235
0.632 0.00209765
0.6325 0.0021233
0.633 0.00214931
0.6335 0.00217568
0.634 0.00220241
0.6345 0.00222951
0.635 0.00225699
0.6355 0.00228486
0.636 0.00231312
0.6365 0.00234177
0.637 0.00237083
0.6375 0.00240029
0.638 0.00243018
0.6385 0.00246048
0.639 0.00249122
0.6395 0.00252239
0.64 0.00255402
0.6405 0.00258608
0.641 0.00261861
0.6415 0.00265161
0.642 0.00268508
0.6425 0.00271903
0.643 0.00275348
0.6435 0.00278843
0.644 0.00282388
0.6445 0.00285985
0.645 0.00289634
0.6455 0.00293337
0.646 0.00297093
0.6465 0.00300906
0.647 0.00304774
0.6475 0.003087
0.648 0.00312684
0.6485 0.00316727
0.649 0.0032083
0.6495 0.00324995
0.65 0.00329221
0.6505 0.00333511
0.651 0.00337866
0.6515 0.00342285
0.652 0.00346773
0.6525 0.00351328
0.653 0.00355952
0.6535 0.00360647
0.654 0.00365413
0.6545 0.00370252
0.655 0.00375166
0.6555 0.00380156
0.656 0.00385222
0.6565 0.00390367
0.657 0.00395592
0.6575 0.00400898
0.658 0.00406287
0.6585 0.0041176
0.659 0.0041732
0.6595 0.00422966
0.66 0.00428702
0.6605 0.00434529
0.661 0.00440448
0.6615 0.00446462
0.662 0.00452571
0.6625 0.00458779
0.663 0.00465086
0.6635 0.00471496
0.664 0.00478008
0.6645 0.00484626
0.665 0.00491352
0.6655 0.00498187
0.666 0.00505135
0.6665 0.00512196
0.667 0.00519374
0.6675 0.0052667
0.668 0.00534087
0.6685 0.00541628
0.669 0.00549294
0.6695 0.00557088
0.67 0.00565014
0.6705 0.00573072
0.671 0.00581267
0.6715 0.00589601
0.672 0.00598076
0.6725 0.00606696
0.673 0.00615464
0.6735 0.00624382
0.674 0.00633454
0.6745 0.00642684
0.675 0.00652072
0.6755 0.00661626
0.676 0.00671345
0.6765 0.00681235
0.677 0.006913
0.6775 0.00701541
0.678 0.00711966
0.6785 0.00722574
0.679 0.00733373
0.6795 0.00744365
0.68 0.00755555
0.6805 0.00766946
0.681 0.00778545
0.6815 0.00790355
0.682 0.00802379
0.6825 0.00814624
0.683 0.00827096
0.6835 0.00839797
0.684 0.00852734
0.6845 0.00865911
0.685 0.00879335
0.6855 0.00893011
0.686 0.00906945
0.6865 0.00921143
0.687 0.00935609
0.6875 0.00950353
0.688 0.00965378
0.6885 0.00980692
0.689 0.00996302
0.6895 0.0101221
0.69 0.0102844
0.6905 0.0104498
0.691 0.0106184
0.6915 0.0107904
0.692 0.0109658
0.6925 0.0111447
0.693 0.0113271
0.6935 0.0115132
0.694 0.0117031
0.6945 0.0118968
0.695 0.0120945
0.6955 0.0122962
0.696 0.012502
0.6965 0.0127122
0.697 0.0129266
0.6975 0.0131456
0.698 0.0133691
0.6985 0.0135973
0.699 0.0138303
0.6995 0.0140683
0.7 0.0143114
0.7005 0.0145596
0.701 0.0148133
0.7015 0.0150724
0.702 0.0153372
0.7025 0.0156078
0.703 0.0158843
0.7035 0.016167
0.704 0.0164558
0.7045 0.0167513
0.705 0.0170533
0.7055 0.0173622
0.706 0.017678
0.7065 0.0180011
0.707 0.0183316
0.7075 0.0186698
0.708 0.0190157
0.7085 0.0193698
0.709 0.0197322
0.7095 0.0201032
0.71 0.0204829
0.7105 0.0208718
0.711 0.02127
0.7115 0.0216778
0.712 0.0220955
0.7125 0.0225234
0.713 0.0229619
0.7135 0.0234113
0.714 0.0238719
0.7145 0.0243439
0.715 0.024828
0.7155 0.0253243
0.716 0.0258333
0.7165 0.0263555
0.717 0.0268911
0.7175 0.0274407
0.718 0.0280048
0.7185 0.0285837
0.719 0.0291781
0.7195 0.0297883
0.72 0.030415
0.7205 0.0310588
0.721 0.0317201
0.7215 0.0323997
0.722 0.0330981
0.7225 0.033816
0.723 0.0345542
0.7235 0.0353132
0.724 0.036094
0.7245 0.0368972
0.725 0.0377237
0.7255 0.0385744
0.726 0.0394501
0.7265 0.0403518
0.727 0.0412804
0.7275 0.0422372
0.728 0.043223
0.7285 0.0442389
0.729 0.0452864
0.7295 0.0463664
0.73 0.0474803
0.7305 0.0486295
0.731 0.0498155
0.7315 0.0510398
0.732 0.0523038
0.7325 0.0536094
0.733 0.0549581
0.7335 0.0563519
0.734 0.0577927
0.7345 0.0592826
0.735 0.0608236
0.7355 0.0624182
0.736 0.0640685
0.7365 0.0657771
0.737 0.0675468
0.7375 0.0693803
0.738 0.0712807
0.7385 0.0732509
0.739 0.0752944
0.7395 0.0774147
0.74 0.0796155
0.7405 0.0819007
0.741 0.0842746
0.7415 0.0867416
0.742 0.0893065
0.7425 0.0919743
0.743 0.0947504
0.7435 0.0976403
0.744 0.10065
0.7445 0.103787
0.745 0.107057
0.7455 0.110467
0.746 0.114027
0.7465 0.117743
0.747 0.121626
0.7475 0.125684
0.748 0.129928
0.7485 0.13437
0.749 0.139023
0.7495 0.143896
0.75 0.149006
0.7505 0.154367
0.751 0.159995
0.7515 0.165908
0.752 0.172124
0.7525 0.178664
0.753 0.185551
0.7535 0.192807
0.754 0.20046
0.7545 0.208538
0.755 0.217071
0.7555 0.226093
0.756 0.235641
0.7565 0.245756
0.757 0.256483
0.7575 0.267867
0.758 0.279965
0.7585 0.292835
0.759 0.30654
0.7595 0.321153
0.76 0.336755
0.7605 0.35343
0.761 0.37128
0.7615 0.39041
0.762 0.410944
0.7625 0.433018
0.763 0.456781
0.7635 0.482409
0.764 0.510091
0.7645 0.540046
0.765 0.57252
0.7655 0.607792
0.766 0.646181
0.7665 0.68805
0.767 0.733814
0.7675 0.78395
0.768 0.839006
0.7685 0.89962
0.769 0.966525
0.7695 1.04057
0.77 1.12276
0.7705 1.21427
0.771 1.31645
0.7715 1.43092
0.772 1.55958
0.7725 1.70468
0.773 1.86888
0.7735 2.05534
0.774 2.26782
0.7745 2.51076
0.775 2.78937
0.7755 3.10978
0.776 3.47904
0.7765 3.9051
0.777 4.39665
0.7775 4.96251
0.778 5.61068
0.7785 6.34644
0.779 7.16942
0.7795 8.06917
0.78 9.01997
0.7805 9.97563
0.781 10.8677
0.7815 11.6111
0.782 12.1191
0.7825 12.3267
0.783 12.2106
0.7835 11.7969
0.784 11.1499
0.7845 10.3519
0.785 9.482
0.7855 8.60351
0.786 7.75985
0.7865 6.97647
0.787 6.26522
0.7875 5.6289
0.788 5.0648
0.7885 4.56737
0.789 4.1299
0.7895 3.74541
0.79 3.40726
0.7905 3.10943
0.791 2.8465
0.7915 2.61382
0.792 2.40731
0.7925 2.22349
0.793 2.05935
0.7935 1.91236
0.794 1.78032
0.7945 1.66137
0.795 1.55389
0.7955 1.4565
0.796 1.36802
0.7965 1.28743
0.797 1.21384
0.7975 1.14648
0.798 1.08467
0.7985 1.02784
0.799 0.975477
0.7995 0.927123
0.8 0.882387
0.8005 0.842886
0.801 0.806186
0.8015 0.772027
0.802 0.740183
0.8025 0.710445
0.803 0.682634
0.8035 0.656586
0.804 0.632155
0.8045 0.609206
0.805 0.587625
0.8055 0.567303
0.806 0.548142
0.8065 0.530057
0.807 0.512966
0.8075 0.496796
0.808 0.481483
0.8085 0.466967
0.809 0.453191
0.8095 0.440107
0.81 0.427667
0.8105 0.41583
0.811 0.404557
0.8115 0.393811
0.812 0.38356
0.8125 0.373773
0.813 0.364422
0.8135 0.355481
0.814 0.346926
0.8145 0.338735
0.815 0.330886
0.8155 0.323361
0.816 0.316142
0.8165 0.309212
0.817 0.302554
0.8175 0.296156
0.818 0.290003
0.8185 0.284083
0.819 0.278382
0.8195 0.272892
0.82 0.267601
0.8205 0.262498
0.821 0.257576
0.8215 0.252825
0.822 0.248238
0.8225 0.243807
0.823 0.239523
0.8235 0.235382
0.824 0.231376
0.8245 0.2275
0.825 0.223746
0.8255 0.220112
0.826 0.216591
0.8265 0.213178
0.827 0.209868
0.8275 0.206658
0.828 0.203544
0.8285 0.20052
0.829 0.197585
0.8295 0.194734
0.83 0.191964
0.8305 0.189272
0.831 0.186654
0.8315 0.184109
0.832 0.181634
0.8325 0.179224
0.833 0.176878
0.8335 0.174595
0.834 0.172372
0.8345 0.170205
0.835 0.168094
0.8355 0.166037
0.836 0.16403
0.8365 0.162074
0.837 0.160166
0.8375 0.158304
0.838 0.156486
0.8385 0.154713
0.839 0.152982
0.8395 0.15129
0.84 0.149639
0.8405 0.148025
0.841 0.146448
0.8415 0.144906
0.842 0.1434
0.8425 0.141926
0.843 0.140485
0.8435 0.139075
0.844 0.137696
0.8445 0.136347
0.845 0.135025
0.8455 0.133732
0.846 0.132466
0.8465 0.131226
0.847 0.130012
0.8475 0.128822
0.848 0.127656
0.8485 0.126514
0.849 0.125395
0.8495 0.124297
0.85 0.123223
0.8505 0.122167
0.851 0.121133
0.8515 0.120118
0.852 0.119123
0.8525 0.118147
0.853 0.117189
0.8535 0.116248
0.854 0.115325
0.8545 0.114419
0.855 0.11353
0.8555 0.112656
0.856 0.111799
0.8565 0.110956
0.857 0.110129
0.8575 0.109317
0.858 0.108519
0.8585 0.107734
0.859 0.106963
0.8595 0.106206
0.86 0.105461
0.8605 0.10473
0.861 0.10401
0.8615 0.103303
0.862 0.102608
0.8625 0.101924
0.863 0.101251
0.8635 0.10059
0.864 0.0999397
0.8645 0.0992999
0.865 0.0986706
0.8655 0.0980515
0.866 0.0974423
0.8665 0.096843
0.867 0.0962533
0.8675 0.095673
0.868 0.095102
0.8685 0.0945399
0.869 0.0939868
0.8695 0.0934423
0.87 0.0929064
0.8705 0.0923789
0.871 0.0918596
0.8715 0.0913484
0.872 0.0908451
0.8725 0.0903496
0.873 0.0898618
0.8735 0.0893815
0.874 0.0889085
0.8745 0.0884429
0.875 0.0879844
0.8755 0.0875329
0.876 0.0870884
0.8765 0.0866506
0.877 0.0862195
0.8775 0.0857951
0.878 0.0853771
0.8785 0.0849655
0.879 0.0845601
0.8795 0.084161
0.88 0.0837679
0.8805 0.0833809
0.881 0.0829998
0.8815 0.0826246
0.882 0.0822551
0.8825 0.0818913
0.883 0.0815332
0.8835 0.0811805
0.884 0.0808334
0.8845 0.0804916
0.885 0.0801552
0.8855 0.079824
0.886 0.0794981
0.8865 0.0791773
0.887 0.0788615
0.8875 0.0785508
0.888 0.0782451
0.8885 0.0779443
0.889 0.0776482
0.8895 0.0773571
0.89 0.0770707
0.8905 0.076109
0.891 0.0759702
0.8915 0.0758335
0.892 0.0756989
0.8925 0.0755662
0.893 0.0754357
0.8935 0.0753073
0.894 0.075181
0.8945 0.0750567
0.895 0.0749346
0.8955 0.0748146
0.896 0.0746967
0.8965 0.074581
0.897 0.0744675
0.8975 0.074356
0.898 0.0742469
0.8985 0.0741398
0.899 0.0740351
0.8995 0.0739325
0.9 0.0738322
0.9005 0.0737341
0.901 0.0736383
0.9015 0.0735446
0.902 0.0734533
0.9025 0.0733641
0.903 0.0732771
0.9035 0.0731923
0.904 0.0731097
0.9045 0.0730292
0.905 0.0729508
0.9055 0.0728747
0.906 0.0728007
0.9065 0.0727287
0.907 0.0726589
0.9075 0.0725912
0.908 0.0725255
0.9085 0.0724619
0.909 0.0724004
0.9095 0.072341
0.91 0.0722836
0.9105 0.0722283
0.911 0.072175
0.9115 0.0721237
0.912 0.0720744
0.9125 0.0720271
0.913 0.0719818
0.9135 0.0719385
0.914 0.0718971
0.9145 0.0718577
0.915 0.0718202
0.9155 0.0717847
0.916 0.0717511
0.9165 0.0717195
0.917 0.0716897
0.9175 0.0716619
0.918 0.071636
0.9185 0.0716119
0.919 0.0715897
0.9195 0.0715694
0.92 0.071551
0.9205 0.0715344
0.921 0.0715196
0.9215 0.0715068
0.922 0.0714956
0.9225 0.0714863
0.923 0.0714789
0.9235 0.0714732
0.924 0.0714693
0.9245 0.0714672
0.925 0.0714669
0.9255 0.0714684
0.926 0.0714716
0.9265 0.0714765
0.927 0.0714832
0.9275 0.0714916
0.928 0.0715017
0.9285 0.0715136
0.929 0.0715271
0.9295 0.0715424
0.93 0.0715593
0.9305 0.0715779
0.931 0.0715982
0.9315 0.0716202
0.932 0.0716438
0.9325 0.071669
0.933 0.0716958
0.9335 0.0717244
0.934 0.0717546
0.9345 0.0717862
0.935 0.0718196
0.9355 0.0718546
0.936 0.071891
0.9365 0.0719292
0.937 0.0719689
0.9375 0.0720101
0.938 0.0720529
0.9385 0.0720972
0.939 0.0721431
0.9395 0.0721905
0.94 0.0722394
0.9405 0.0722898
0.941 0.0723417
0.9415 0.0723951
0.942 0.07245
0.9425 0.0725064
0.943 0.0725642
0.9435 0.0726235
0.944 0.0726842
0.9445 0.0727464
0.945 0.07281
0.9455 0.072875
0.946 0.0729414
0.9465 0.0730092
0.947 0.0730784
0.9475 0.073149
0.948 0.073221
0.9485 0.0732943
0.949 0.0733691
0.9495 0.073445
0.95 0.0735225
0.9505 0.0736011
0.951 0.0736812
0.9515 0.0737625
0.952 0.0738451
0.9525 0.073929
0.953 0.0740142
0.9535 0.0741006
0.954 0.0741884
0.9545 0.0742773
0.955 0.0743675
0.9555 0.0744589
0.956 0.0745516
0.9565 0.0746455
0.957 0.0747405
0.9575 0.0748367
0.958 0.0749341
0.9585 0.0750326
0.959 0.0751324
0.9595 0.0752332
0.96 0.0753353
0.9605 0.0754384
0.961 0.0755426
0.9615 0.0756479
0.962 0.0757543
0.9625 0.0758619
0.963 0.0759704
0.9635 0.07608
0.964 0.0761906
0.9645 0.0763023
0.965 0.076415
0.9655 0.0765288
0.966 0.0766435
0.9665 0.0767592
0.967 0.0768758
0.9675 0.0769934
0.968 0.077112
0.9685 0.0772315
0.969 0.077352
0.9695 0.0774733
0.97 0.0775955
0.9705 0.0777186
0.971 0.0778426
0.9715 0.0779674
0.972 0.0780931
0.9725 0.0782195
0.973 0.0783469
0.9735 0.078475
0.974 0.078604
0.9745 0.0787337
0.975 0.0788641
0.9755 0.0789953
0.976 0.0791272
0.9765 0.0792598
0.977 0.0793933
0.9775 0.0795273
0.978 0.079662
0.9785 0.0797974
0.979 0.0799335
0.9795 0.0800701
0.98 0.0802074
0.9805 0.0803453
0.981 0.0804838
0.9815 0.0806228
0.982 0.0807624
0.9825 0.0809025
0.983 0.0810433
0.9835 0.0811844
0.984 0.0813261
0.9845 0.0814682
0.985 0.0816108
0.9855 0.0817539
0.986 0.0818973
0.9865 0.0820412
0.987 0.0821854
0.9875 0.0823301
0.988 0.0824751
0.9885 0.0826204
0.989 0.0827661
0.9895 0.0829121
0.99 0.0830583
0.9905 0.0832048
0.991 0.0833516
0.9915 0.0834987
0.992 0.0836459
0.9925 0.0837933
0.993 0.0839409
0.9935 0.0840887
0.994 0.0842366
0.9945 0.0843846
0.995 0.0845327
0.9955 0.0846809
0.996 0.0848291
0.9965 0.0849775
0.997 0.0851258
0.9975 0.0852742
0.998 0.0854225
0.9985 0.0855709
0.999 0.0857191
0.9995 0.0858673
1 0.0860153
1.0005 0.0861633
1.001 0.086311
1.0015 0.0864588
1.002 0.0866064
1.0025 0.0867538
1.003 0.0869011
1.0035 0.0870482
1.004 0.0871953
1.0045 0.0873421
1.005 0.0874888
1.0055 0.0876353
1.006 0.0877817
1.0065 0.0879279
1.007 0.088074
1.0075 0.0882198
1.008 0.0883655
1.0085 0.088511
1.009 0.0886563
1.0095 0.0888014
1.01 0.0889462
1.0105 0.089091
1.011 0.0892354
1.0115 0.0893797
1.012 0.0895238
1.0125 0.0896677
1.013 0.0898113
1.0135 0.0899547
1.014 0.0900978
1.0145 0.0902408
1.015 0.0903836
1.0155 0.090526
1.016 0.0906682
1.0165 0.0908102
1.017 0.090952
1.0175 0.0910934
1.018 0.0912346
1.0185 0.0913756
1.019 0.0915163
1.0195 0.0916566
1.02 0.0917967
1.0205 0.0919366
1.021 0.0920763
1.0215 0.0922155
1.022 0.0923545
1.0225 0.0924932
1.023 0.0926316
1.0235 0.0927697
1.024 0.0929075
1.0245 0.0930451
1.025 0.0931822
1.0255 0.0933191
1.026 0.0934557
1.0265 0.093592
1.027 0.0937279
1.0275 0.0938635
1.028 0.0939988
1.0285 0.0941337
1.029 0.0942683
1.0295 0.0944026
1.03 0.0945365
1.0305 0.0946701
1.031 0.0948033
1.0315 0.0949362
1.032 0.0950687
1.0325 0.0952009
1.033 0.0953327
1.0335 0.0954641
1.034 0.0955952
1.0345 0.095726
1.035 0.0958563
1.0355 0.0959862
1.036 0.0961158
1.0365 0.096245
1.037 0.0963738
1.0375 0.0965022
1.038 0.0966303
1.0385 0.0967579
1.039 0.0968852
1.0395 0.097012
1.04 0.0971385
1.0405 0.0972645
1.041 0.0973901
1.0415 0.0975154
1.042 0.0976402
1.0425 0.0977646
1.043 0.0978885
1.0435 0.0980121
1.044 0.0981353
1.0445 0.098258
1.045 0.0983803
1.0455 0.0985022
1.046 0.0986236
1.0465 0.0987446
1.047 0.0988652
1.0475 0.0989853
1.048 0.099105
1.0485 0.0992242
1.049 0.099343
1.0495 0.0994614
1.05 0.0995792
1.0505 0.0996966
1.051 0.0998136
1.0515 0.0999301
1.052 0.100046
1.0525 0.100162
1.053 0.100277
1.0535 0.100392
1.054 0.100506
1.0545 0.100619
1.055 0.100733
1.0555 0.100845
1.056 0.100958
1.0565 0.101069
1.057 0.101181
1.0575 0.101292
1.058 0.101402
1.0585 0.101513
1.059 0.101621
1.0595 0.101731
1.06 0.101839
1.0605 0.101947
1.061 0.102055
1.0615 0.102161
1.062 0.102268
1.0625 0.102374
1.063 0.102479
1.0635 0.102584
1.064 0.102689
1.0645 0.102792
1.065 0.102896
1.0655 0.102999
1.066 0.103102
1.0665 0.103203
1.067 0.103305
1.0675 0.103406
1.068 0.103505
1.0685 0.103605
1.069 0.103705
1.0695 0.103804
1.07 0.103902
1.0705 0.104
1.071 0.104097
1.0715 0.104194
1.072 0.104289
1.0725 0.104385
1.073 0.10448
1.0735 0.104575
1.074 0.10467
1.0745 0.104762
1.075 0.104855
1.0755 0.104948
1.076 0.10504
1.0765 0.105132
1.077 0.105223
1.0775 0.105312
1.078 0.105402
1.0785 0.105492
1.079 0.10558
1.0795 0.105669
1.08 0.105756
1.0805 0.105843
1.081 0.105929
1.0815 0.106015
1.082 0.106101
1.0825 0.106186
1.083 0.10627
1.0835 0.106354
1.084 0.106438
1.0845 0.10652
1.085 0.106603
1.0855 0.106683
1.086 0.106764
1.0865 0.106845
1.087 0.106925
1.0875 0.107004
1.088 0.107083
1.0885 0.107162
1.089 0.107239
1.0895 0.107317
1.09 0.107393
1.0905 0.107469
1.091 0.107545
1.0915 0.10762
1.092 0.107694
1.0925 0.107768
1.093 0.107842
1.0935 0.107914
1.094 0.107987
1.0945 0.108058
1.095 0.108129
1.0955 0.1082
1.096 0.10827
1.0965 0.108339
1.097 0.108408
1.0975 0.108476
1.098 0.108544
1.0985 0.108611
1.099 0.108678
1.0995 0.108744
1.1 0.108809
1.1005 0.108874
1.101 0.108939
1.1015 0.109002
1.102 0.109066
1.1025 0.109129
1.103 0.109191
1.1035 0.109252
1.104 0.109314
1.1045 0.109375
1.105 0.109435
1.1055 0.109495
1.106 0.109554
1.1065 0.109612
1.107 0.10967
1.1075 0.109727
1.108 0.109784
1.1085 0.109841
1.109 0.109897
1.1095 0.109953
1.11 0.110008
1.1105 0.110062
1.111 0.110116
1.1115 0.11017
1.112 0.110223
1.1125 0.110275
1.113 0.110328
1.1135 0.110379
1.114 0.11043
1.1145 0.110481
1.115 0.110531
1.1155 0.110581
1.116 0.11063
1.1165 0.110679
1.117 0.110728
1.1175 0.110775
1.118 0.110823
1.1185 0.11087
1.119 0.110917
1.1195 0.110963
1.12 0.111009
1.1205 0.111054
1.121 0.111099
1.1215 0.111143
1.122 0.111188
1.1225 0.111232
1.123 0.111275
1.1235 0.111317
1.124 0.111361
1.1245 0.111403
1.125 0.111444
1.1255 0.111485
1.126 0.111526
1.1265 0.111568
1.127 0.111608
1.1275 0.111647
1.128 0.111687
1.1285 0.111727
1.129 0.111765
1.1295 0.111803
1.13 0.111841
1.1305 0.11188
1.131 0.111917
1.1315 0.111954
1.132 0.111991
1.1325 0.112028
1.133 0.112064
1.1335 0.1121
1.134 0.112135
1.1345 0.112171
1.135 0.112206
1.1355 0.11224
1.136 0.112275
1.1365 0.112309
1.137 0.112343
1.1375 0.112376
1.138 0.11241
1.1385 0.112443
1.139 0.112476
1.1395 0.112509
1.14 0.112541
1.1405 0.112573
1.141 0.112606
1.1415 0.112637
1.142 0.112668
1.1425 0.1127
1.143 0.112731
1.1435 0.112762
1.144 0.112793
1.1445 0.112823
1.145 0.112853
1.1455 0.112884
1.146 0.112913
1.1465 0.112943
1.147 0.112973
1.1475 0.113002
1.148 0.113031
1.1485 0.113061
1.149 0.113089
1.1495 0.113118
1.15 0.113147
1.1505 0.113175
1.151 0.113203
1.1515 0.113232
1.152 0.11326
1.1525 0.113288
1.153 0.113316
1.1535 0.113344
1.154 0.113372
1.1545 0.1134
1.155 0.113427
1.1555 0.113455
1.156 0.113483
1.1565 0.11351
1.157 0.113538
1.1575 0.113565
1.158 0.113593
1.1585 0.11362
1.159 0.113646
1.1595 0.113674
1.16 0.113701
1.1605 0.113729
1.161 0.113756
1.1615 0.113783
1.162 0.113811
1.1625 0.113838
1.163 0.113865
1.1635 0.113892
1.164 0.113919
1.1645 0.113947
1.165 0.113974
1.1655 0.114003
1.166 0.11403
1.1665 0.114058
1.167 0.114085
1.1675 0.114113
1.168 0.114141
1.1685 0.114169
1.169 0.114197
1.1695 0.114225
1.17 0.114254
1.1705 0.114282
1.171 0.114311
1.1715 0.11434
1.172 0.114368
1.1725 0.114398
1.173 0.114426
1.1735 0.114456
1.174 0.114485
1.1745 0.114515
1.175 0.114545
1.1755 0.114575
1.176 0.114605
1.1765 0.114636
1.177 0.114666
1.1775 0.114697
1.178 0.114729
1.1785 0.114759
1.179 0.114792
1.1795 0.114823
1.18 0.114856
1.1805 0.114887
1.181 0.114921
1.1815 0.114953
1.182 0.114987
1.1825 0.11502
1.183 0.115054
1.1835 0.115088
1.184 0.115123
1.1845 0.115157
1.185 0.115192
1.1855 0.115227
1.186 0.115264
1.1865 0.115299
1.187 0.115336
1.1875 0.115372
1.188 0.11541
1.1885 0.115447
1.189 0.115486
1.1895 0.115523
1.19 0.115563
1.1905 0.115601
1.191 0.115641
1.1915 0.115681
1.192 0.115722
1.1925 0.115762
1.193 0.115804
1.1935 0.115845
1.194 0.115888
1.1945 0.11593
1.195 0.115974
1.1955 0.116017
1.196 0.116062
1.1965 0.116107
1.197 0.116152
1.1975 0.116198
1.198 0.116244
1.1985 0.116291
1.199 0.116338
1.1995 0.116386
1.2 0.116434
1.2005 0.116484
1.201 0.116533
1.2015 0.116584
1.202 0.116634
1.2025 0.116686
1.203 0.116738
1.2035 0.11679
1.204 0.116843
1.2045 0.116896
1.205 0.11695
1.2055 0.117004
1.206 0.117059
1.2065 0.117114
1.207 0.11717
1.2075 0.117227
1.208 0.117283
1.2085 0.117341
1.209 0.117398
1.2095 0.117457
1.21 0.117515
1.2105 0.117574
1.211 0.117634
1.2115 0.117693
1.212 0.117754
1.2125 0.117814
1.213 0.117876
1.2135 0.117937
1.214 0.117999
1.2145 0.118061
1.215 0.118123
1.2155 0.118187
1.216 0.118249
1.2165 0.118313
1.217 0.118377
1.2175 0.118441
1.218 0.118506
1.2185 0.11857
1.219 0.118636
1.2195 0.1187
1.22 0.118767
1.2205 0.118833
1.221 0.118899
1.2215 0.118965
1.222 0.119031
1.2225 0.119099
1.223 0.119166
1.2235 0.119233
1.224 0.119301
1.2245 0.119368
1.225 0.119437
1.2255 0.119505
1.226 0.119573
1.2265 0.119642
1.227 0.119711
1.2275 0.119779
1.228 0.119849
1.2285 0.119917
1.229 0.119987
1.2295 0.120057
1.23 0.120126
1.2305 0.120196
1.231 0.120265
1.2315 0.120335
1.232 0.120405
1.2325 0.120474
1.233 0.120545
1.2335 0.120615
1.234 0.120685
1.2345 0.120755
1.235 0.120824
1.2355 0.120895
1.236 0.120965
1.2365 0.121035
1.237 0.121105
1.2375 0.121176
1.238 0.121245
1.2385 0.121316
1.239 0.121386
1.2395 0.121455
1.24 0.121525
1.2405 0.121594
1.241 0.121664
1.2415 0.121734
1.242 0.121803
1.2425 0.121873
1.243 0.121942
1.2435 0.122011
1.244 0.12208
1.2445 0.122149
1.245 0.122217
1.2455 0.122286
1.246 0.122354
1.2465 0.122421
1.247 0.12249
1.2475 0.122558
1.248 0.122624
1.2485 0.122692
1.249 0.122759
1.2495 0.122825
1.25 0.122892
1.2505 0.122957
1.251 0.123023
1.2515 0.123089
1.252 0.123153
1.2525 0.123219
1.253 0.123283
1.2535 0.123347
1.254 0.123411
1.2545 0.123475
1.255 0.123537
1.2555 0.1236
1.256 0.123663
1.2565 0.123724
1.257 0.123786
1.2575 0.123848
1.258 0.123909
1.2585 0.123968
1.259 0.124028
1.2595 0.124088
1.26 0.124146
1.2605 0.124205
1.261 0.124263
1.2615 0.12432
1.262 0.124377
1.2625 0.124433
1.263 0.124489
1.2635 0.124544
1.264 0.124599
1.2645 0.124652
1.265 0.124706
1.2655 0.12476
1.266 0.124811
1.2665 0.124863
1.267 0.124915
1.2675 0.124964
1.268 0.125014
1.2685 0.125064
1.269 0.125113
1.2695 0.12516
1.27 0.125207
1.2705 0.125254
1.271 0.125299
1.2715 0.125344
1.272 0.125389
1.2725 0.125431
1.273 0.125474
1.2735 0.125517
1.274 0.125558
1.2745 0.125598
1.275 0.125638
1.2755 0.125677
1.276 0.125714
1.2765 0.125751
1.277 0.125788
1.2775 0.125823
1.278 0.125858
1.2785 0.125891
1.279 0.125924
1.2795 0.125956
1.28 0.125987
1.2805 0.126017
1.281 0.126045
1.2815 0.126074
1.282 0.126101
1.2825 0.126128
1.283 0.126152
1.2835 0.126177
1.284 0.1262
1.2845 0.126222
1.285 0.126243
1.2855 0.126263
1.286 0.126283
1.2865 0.1263
1.287 0.126317
1.2875 0.126333
1.288 0.126347
1.2885 0.126361
1.289 0.126374
1.2895 0.126385
1.29 0.126395
1.2905 0.126404
1.291 0.126412
1.2915 0.126419
1.292 0.126424
1.2925 0.126429
1.293 0.126432
1.2935 0.126433
1.294 0.126434
1.2945 0.126434
1.295 0.126432
1.2955 0.126428
1.296 0.126424
1.2965 0.126418
1.297 0.126412
1.2975 0.126402
1.298 0.126393
1.2985 0.126382
1.299 0.12637
1.2995 0.126355
1.3 0.126341
1.3005 0.126324
1.301 0.126307
1.3015 0.126287
1.302 0.126266
1.3025 0.126244
1.303 0.12622
1.3035 0.126196
1.304 0.12617
1.3045 0.126143
1.305 0.126113
1.3055 0.126084
1.306 0.126052
1.3065 0.12602
1.307 0.125985
1.3075 0.12595
1.308 0.125914
1.3085 0.125877
1.309 0.125837
1.3095 0.125797
1.31 0.125756
1.3105 0.125713
1.311 0.125668
1.3115 0.125623
1.312 0.125577
1.3125 0.12553
1.313 0.12548
1.3135 0.12543
1.314 0.12538
1.3145 0.125327
1.315 0.125274
1.3155 0.125219
1.316 0.125163
1.3165 0.125106
1.317 0.125048
1.3175 0.124988
1.318 0.124928
1.3185 0.124867
1.319 0.124805
1.3195 0.12474
1.32 0.124676
1.3205 0.12461
1.321 0.124544
1.3215 0.124475
1.322 0.124406
1.3225 0.124337
1.323 0.124266
1.3235 0.124193
1.324 0.12412
1.3245 0.124046
1.325 0.123971
1.3255 0.123896
1.326 0.123818
1.3265 0.12374
1.327 0.123661
1.3275 0.123582
1.328 0.1235
1.3285 0.123419
1.329 0.123336
1.3295 0.123253
1.33 0.123169
1.3305 0.123082
1.331 0.122996
1.3315 0.122909
1.332 0.122822
1.3325 0.122732
1.333 0.122642
1.3335 0.122552
1.334 0.122461
1.3345 0.122368
1.335 0.122275
1.3355 0.122181
1.336 0.122087
1.3365 0.121992
1.337 0.121895
1.3375 0.121798
1.338 0.1217
1.3385 0.121602
1.339 0.121503
1.3395 0.121402
1.34 0.121302
1.3405 0.121201
1.341 0.121099
1.3415 0.120995
1.342 0.120892
1.3425 0.120788
1.343 0.120683
1.3435 0.120578
1.344 0.120471
1.3445 0.120365
1.345 0.120257
1.3455 0.12015
1.346 0.120041
1.3465 0.119931
1.347 0.119822
1.3475 0.119712
1.348 0.119601
1.3485 0.119489
1.349 0.119377
1.3495 0.119264
1.35 0.119151
1.3505 0.119038
1.351 0.118923
1.3515 0.118808
1.352 0.118693
1.3525 0.118578
1.353 0.118462
1.3535 0.118345
1.354 0.118228
1.3545 0.11811
1.355 0.117993
1.3555 0.117874
1.356 0.117755
1.3565 0.117636
1.357 0.117516
1.3575 0.117397
1.358 0.117276
1.3585 0.117155
1.359 0.117034
1.3595 0.116913
1.36 0.116791
1.3605 0.116669
1.361 0.116546
1.3615 0.116423
1.362 0.1163
1.3625 0.116177
1.363 0.116054
1.3635 0.11593
1.364 0.115805
1.3645 0.11568
1.365 0.115556
1.3655 0.115431
1.366 0.115306
1.3665 0.11518
1.367 0.115054
1.3675 0.114929
1.368 0.114803
1.3685 0.114677
1.369 0.11455
1.3695 0.114423
1.37 0.114297
1.3705 0.11417
1.371 0.114044
1.3715 0.113916
1.372 0.113789
1.3725 0.113661
1.373 0.113534
1.3735 0.113407
1.374 0.11328
1.3745 0.113151
1.375 0.113024
1.3755 0.112896
1.376 0.112768
1.3765 0.112641
1.377 0.112512
1.3775 0.112384
1.378 0.112257
1.3785 0.112129
1.379 0.112001
1.3795 0.111874
1.38 0.111745
1.3805 0.111618
1.381 0.11149
1.3815 0.111363
1.382 0.111235
1.3825 0.111107
1.383 0.11098
1.3835 0.110853
1.384 0.110726
1.3845 0.110599
1.385 0.110472
1.3855 0.110345
1.386 0.110218
1.3865 0.110092
1.387 0.109966
1.3875 0.10984
1.388 0.109713
1.3885 0.109587
1.389 0.109462
1.3895 0.109337
1.39 0.109212
1.3905 0.109087
1.391 0.108962
1.3915 0.108837
1.392 0.108713
1.3925 0.10859
1.393 0.108466
1.3935 0.108343
1.394 0.108219
1.3945 0.108097
1.395 0.107974
1.3955 0.107853
1.396 0.107731
1.3965 0.10761
1.397 0.107488
1.3975 0.107367
1.398 0.107247
1.3985 0.107127
1.399 0.107008
1.3995 0.106889
1.4 0.106769
1.4005 0.106651
1.401 0.106533
1.4015 0.106416
1.402 0.106299
1.4025 0.106183
1.403 0.106066
1.4035 0.10595
1.404 0.105836
1.4045 0.105721
1.405 0.105608
1.4055 0.105494
1.406 0.105381
1.4065 0.105269
1.407 0.105158
1.4075 0.105047
1.408 0.104937
1.4085 0.104828
1.409 0.104718
1.4095 0.10461
1.41 0.104503
1.4105 0.104397
1.411 0.104291
1.4115 0.104187
1.412 0.104083
1.4125 0.103978
1.413 0.103876
1.4135 0.103775
1.414 0.103674
1.4145 0.103574
1.415 0.103476
1.4155 0.103377
1.416 0.10328
1.4165 0.103184
1.417 0.103089
1.4175 0.102995
1.418 0.102902
1.4185 0.102809
1.419 0.102718
1.4195 0.102628
1.42 0.10254
1.4205 0.102452
1.421 0.102366
1.4215 0.10228
1.422 0.102195
1.4225 0.102112
1.423 0.10203
1.4235 0.101949
1.424 0.10187
1.4245 0.101792
1.425 0.101714
1.4255 0.101638
1.426 0.101563
1.4265 0.10149
1.427 0.101419
1.4275 0.101348
1.428 0.101279
1.4285 0.10121
1.429 0.101144
1.4295 0.101079
1.43 0.101016
1.4305 0.100953
1.431 0.100893
1.4315 0.100834
1.432 0.100775
1.4325 0.100719
1.433 0.100665
1.4335 0.100612
1.434 0.10056
1.4345 0.10051
1.435 0.100462
1.4355 0.100414
1.436 0.10037
1.4365 0.100326
1.437 0.100285
1.4375 0.100245
1.438 0.100206
1.4385 0.10017
1.439 0.100135
1.4395 0.100102
1.44 0.10007
1.4405 0.100041
1.441 0.100013
1.4415 0.0999872
1.442 0.0999632
1.4425 0.0999411
1.443 0.0999209
1.4435 0.0999026
1.444 0.0998864
1.4445 0.0998719
1.445 0.0998596
1.4455 0.0998491
1.446 0.0998408
1.4465 0.0998345
1.447 0.0998301
1.4475 0.0998279
1.448 0.0998278
1.4485 0.0998298
1.449 0.099834
1.4495 0.0998402
1.45 0.0998487
1.4505 0.0998593
1.451 0.0998722
1.4515 0.0998874
1.452 0.0999047
1.4525 0.0999244
1.453 0.0999464
1.4535 0.0999706
1.454 0.0999972
1.4545 0.100026
1.455 0.100058
1.4555 0.100091
1.456 0.100127
1.4565 0.100167
1.457 0.100207
1.4575 0.100251
1.458 0.100297
1.4585 0.100346
1.459 0.100397
1.4595 0.100451
1.46 0.100507
1.4605 0.100566
1.461 0.100627
1.4615 0.100692
1.462 0.100759
1.4625 0.100829
1.463 0.100902
1.4635 0.100977
1.464 0.101055
1.4645 0.101135
1.465 0.101219
1.4655 0.101306
1.466 0.101395
1.4665 0.101488
1.467 0.101583
1.4675 0.101682
1.468 0.101782
1.4685 0.101887
1.469 0.101994
1.4695 0.102105
1.47 0.102218
1.4705 0.102335
1.471 0.102455
1.4715 0.102578
1.472 0.102704
1.4725 0.102833
1.473 0.102966
1.4735 0.103102
1.474 0.103242
1.4745 0.103384
1.475 0.10353
1.4755 0.10368
1.476 0.103832
1.4765 0.103988
1.477 0.104148
1.4775 0.104312
1.478 0.104479
1.4785 0.10465
1.479 0.104824
1.4795 0.105002
1.48 0.105182
1.4805 0.105367
1.481 0.105556
1.4815 0.105749
1.482 0.105946
1.4825 0.106146
1.483 0.106351
1.4835 0.106559
1.484 0.10677
1.4845 0.106986
1.485 0.107206
1.4855 0.10743
1.486 0.107659
1.4865 0.107891
1.487 0.108128
1.4875 0.108368
1.488 0.108612
1.4885 0.108862
1.489 0.109115
1.4895 0.109373
1.49 0.109635
1.4905 0.109902
1.491 0.110173
1.4915 0.110449
1.492 0.110728
1.4925 0.111013
1.493 0.111302
1.4935 0.111596
1.494 0.111895
1.4945 0.112198
1.495 0.112507
1.4955 0.11282
1.496 0.113138
1.4965 0.11346
1.497 0.113788
1.4975 0.114121
1.498 0.114458
1.4985 0.114802
1.499 0.11515
1.4995 0.115503
1.5 0.115862
1.5005 0.11613
1.501 0.116404
1.5015 0.116683
1.502 0.116966
1.5025 0.117254
1.503 0.117546
1.5035 0.117842
1.504 0.118143
1.5045 0.118448
1.505 0.118758
1.5055 0.11907
1.506 0.119388
1.5065 0.11971
1.507 0.120036
1.5075 0.120366
1.508 0.1207
1.5085 0.121038
1.509 0.12138
1.5095 0.121726
1.51 0.122076
1.5105 0.122428
1.511 0.122785
1.5115 0.123146
1.512 0.123511
1.5125 0.123879
1.513 0.12425
1.5135 0.124625
1.514 0.125004
1.5145 0.125386
1.515 0.125771
1.5155 0.126159
1.516 0.126551
1.5165 0.126946
1.517 0.127344
1.5175 0.127746
1.518 0.12815
1.5185 0.128558
1.519 0.128968
1.5195 0.129382
1.52 0.129798
1.5205 0.130216
1.521 0.130638
1.5215 0.131062
1.522 0.13149
1.5225 0.131919
1.523 0.132352
1.5235 0.132787
1.524 0.133224
1.5245 0.133664
1.525 0.134106
1.5255 0.13455
1.526 0.134996
1.5265 0.135445
1.527 0.135896
1.5275 0.136349
1.528 0.136804
1.5285 0.137261
1.529 0.13772
1.5295 0.138181
1.53 0.138644
1.5305 0.139108
1.531 0.139573
1.5315 0.14004
1.532 0.14051
1.5325 0.14098
1.533 0.141452
1.5335 0.141926
1.534 0.1424
1.5345 0.142876
1.535 0.143354
1.5355 0.143832
1.536 0.14431
1.5365 0.14479
1.537 0.145272
1.5375 0.145754
1.538 0.146237
1.5385 0.14672
1.539 0.147205
1.5395 0.14769
1.54 0.148175
1.5405 0.148661
1.541 0.149148
1.5415 0.149633
1.542 0.15012
1.5425 0.150607
1.543 0.151095
1.5435 0.151582
1.544 0.152069
1.5445 0.152557
1.545 0.153044
1.5455 0.153531
1.546 0.154017
1.5465 0.154503
1.547 0.154988
1.5475 0.155474
1.548 0.155958
1.5485 0.156442
1.549 0.156926
1.5495 0.157408
1.55 0.15789
1.5505 0.158371
1.551 0.15885
1.5515 0.159329
1.552 0.159806
1.5525 0.160281
1.553 0.160756
1.5535 0.161229
1.554 0.161701
1.5545 0.162172
1.555 0.16264
1.5555 0.163107
1.556 0.163572
1.5565 0.164036
1.557 0.164497
1.5575 0.164956
1.558 0.165412
1.5585 0.165867
1.559 0.16632
1.5595 0.16677
1.56 0.167218
1.5605 0.167663
1.561 0.168106
1.5615 0.168545
1.562 0.168983
1.5625 0.169417
1.563 0.169848
1.5635 0.170277
1.564 0.170701
1.5645 0.171123
1.565 0.171542
1.5655 0.171957
1.566 0.172369
1.5665 0.172777
1.567 0.173182
1.5675 0.173583
1.568 0.17398
1.5685 0.174374
1.569 0.174763
1.5695 0.175147
1.57 0.175528
1.5705 0.175905
1.571 0.176278
1.5715 0.176646
1.572 0.17701
1.5725 0.177369
1.573 0.177724
1.5735 0.178074
1.574 0.178419
1.5745 0.178759
1.575 0.179094
1.5755 0.179423
1.576 0.179748
1.5765 0.180067
1.577 0.180381
1.5775 0.18069
1.578 0.180993
1.5785 0.181291
1.579 0.181583
1.5795 0.181869
1.58 0.182149
1.5805 0.182423
1.581 0.182692
1.5815 0.182953
1.582 0.183209
1.5825 0.183458
1.583 0.183701
1.5835 0.183938
1.584 0.184168
1.5845 0.184392
1.585 0.184608
1.5855 0.184818
1.586 0.185021
1.5865 0.185217
1.587 0.185406
1.5875 0.185587
1.588 0.185762
1.5885 0.185929
1.589 0.186088
1.5895 0.186241
1.59 0.186385
1.5905 0.186522
1.591 0.186652
1.5915 0.186773
1.592 0.186887
1.5925 0.186992
1.593 0.18709
1.5935 0.187179
1.594 0.187259
1.5945 0.187332
1.595 0.187397
1.5955 0.187453
1.596 0.1875
1.5965 0.187539
1.597 0.187569
1.5975 0.18759
1.598 0.187603
1.5985 0.187607
1.599 0.187601
1.5995 0.187587
1.6 0.187562
1.6005 0.187529
1.601 0.187487
1.6015 0.187436
1.602 0.187376
1.6025 0.187307
1.603 0.187229
1.6035 0.187143
1.604 0.187047
1.6045 0.186943
1.605 0.18683
1.6055 0.186709
1.606 0.186579
1.6065 0.18644
1.607 0.186294
1.6075 0.186139
1.608 0.185976
1.6085 0.185805
1.609 0.185626
1.6095 0.185438
1.61 0.185243
1.6105 0.18504
1.611 0.18483
1.6115 0.184611
1.612 0.184385
1.6125 0.184152
1.613 0.18391
1.6135 0.183662
1.614 0.183406
1.6145 0.183143
1.615 0.182873
1.6155 0.182596
1.616 0.182312
1.6165 0.182021
1.617 0.181723
1.6175 0.181418
1.618 0.181107
1.6185 0.180788
1.619 0.180464
1.6195 0.180133
1.62 0.179794
1.6205 0.179451
1.621 0.179101
1.6215 0.178745
1.622 0.178383
1.6225 0.178014
1.623 0.17764
1.6235 0.17726
1.624 0.176875
1.6245 0.176483
1.625 0.176087
1.6255 0.175684
1.626 0.175276
1.6265 0.174862
1.627 0.174444
1.6275 0.17402
1.628 0.173591
1.6285 0.173157
1.629 0.172718
1.6295 0.172275
1.63 0.171826
1.6305 0.171373
1.631 0.170915
1.6315 0.170453
1.632 0.169986
1.6325 0.169515
1.633 0.169039
1.6335 0.168558
1.634 0.168074
1.6345 0.167586
1.635 0.167094
1.6355 0.166667
1.636 0.166667
1.6365 0.166667
1.637 0.166667
1.6375 0.166667
1.638 0.166667
1.6385 0.166667
1.639 0.166667
1.6395 0.166667
1.64 0.166667
1.6405 0.166667
1.641 0.166667
1.6415 0.166667
1.642 0.166667
1.6425 0.166667
1.643 0.166667
1.6435 0.166667
1.644 0.166667
1.6445 0.166667
1.645 0.166667
1.6455 0.166667
1.646 0.166667
1.6465 0.166667
1.647 0.166667
1.6475 0.166667
1.648 0.166667
1.6485 0.166667
1.649 0.166667
1.6495 0.166667
1.65 0.166667
1.6505 0.166667
1.651 0.166667
1.6515 0.166667
1.652 0.166667
1.6525 0.166667
1.653 0.166667
1.6535 0.166667
1.654 0.166667
1.6545 0.166667
1.655 0.166667
1.6555 0.166667
1.656 0.166667
1.6565 0.166667
1.657 0.166667
1.6575 0.166667
1.658 0.166667
1.6585 0.166667
1.659 0.166667
1.6595 0.166667
1.66 0.166667
1.6605 0.166667
1.661 0.166667
1.6615 0.166667
1.662 0.166667
1.6625 0.166667
1.663 0.166667
1.6635 0.166667
1.664 0.166667
1.6645 0.166667
1.665 0.166667
1.6655 0.166667
1.666 0.166667
1.6665 0.166667
1.667 0.166667
1.6675 0.166667
1.668 0.166667
1.6685 0.166667
1.669 0.166667
1.6695 0.166667
1.67 0.166667
1.6705 0.166667
1.671 0.166667
1.6715 0.166667
1.672 0.166667
1.6725 0.166667
1.673 0.166667
1.6735 0.166667
1.674 0.166667
1.6745 0.166667
1.675 0.166667
1.6755 0.166667
1.676 0.166667
1.6765 0.166667
1.677 0.166667
1.6775 0.166667
1.678 0.166667
1.6785 0.166667
1.679 0.166667
1.6795 0.166667
1.68 0.166667
1.6805 0.166667
1.681 0.166667
1.6815 0.166667
1.682 0.166667
1.6825 0.166667
1.683 0.166667
1.6835 0.166667
1.684 0.166667
1.6845 0.166667
1.685 0.166667
1.6855 0.166667
1.686 0.166667
1.6865 0.166667
1.687 0.166667
1.6875 0.166667
1.688 0.166667
1.6885 0.166667
1.689 0.166667
1.6895 0.166667
1.69 0.166667
1.6905 0.166667
1.691 0.166667
1.6915 0.166667
1.692 0.166667
1.6925 0.166667
1.693 0.166667
1.6935 0.166667
1.694 0.166667
1.6945 0.166667
1.695 0.166667
1.6955 0.166667
1.696 0.166667
1.6965 0.166667
1.697 0.166667
1.6975 0.166667
1.698 0.166667
1.6985 0.166667
1.699 0.166667
1.6995 0.166667
1.7 0.166667
1.7005 0.166667
1.701 0.166667
1.7015 0.166667
1.702 0.166667
1.7025 0.166667
1.703 0.166667
1.7035 0.166667
1.704 0.166667
1.7045 0.166667
1.705 0.166667
1.7055 0.166667
1.706 0.166667
1.7065 0.166667
1.707 0.166667
1.7075 0.166667
1.708 0.166667
1.7085 0.166667
1.709 0.166667
1.7095 0.166667
1.71 0.166667
1.7105 0.166667
1.711 0.166667
1.7115 0.166667
1.712 0.166667
1.7125 0.166667
1.713 0.166667
1.7135 0.166667
1.714 0.166667
1.7145 0.166667
1.715 0.166667
1.7155 0.166667
1.716 0.166667
1.7165 0.166667
1.717 0.166667
1.7175 0.166667
1.718 0.166667
1.7185 0.166667
1.719 0.166667
1.7195 0.166667
1.72 0.166667
1.7205 0.166667
1.721 0.166667
1.7215 0.166667
1.722 0.166667
1.7225 0.166667
1.723 0.166667
1.7235 0.166667
1.724 0.166667
1.7245 0.166667
1.725 0.166667
1.7255 0.166667
1.726 0.166667
1.7265 0.166667
1.727 0.166667
1.7275 0.166667
1.728 0.166667
1.7285 0.166667
1.729 0.166667
1.7295 0.166667
1.73 0.166667
1.7305 0.166667
1.731 0.166667
1.7315 0.166667
1.732 0.166667
1.7325 0.166667
1.733 0.166667
1.7335 0.166667
1.734 0.166667
1.7345 0.166667
1.735 0.166667
1.7355 0.166667
1.736 0.166667
1.7365 0.166667
1.737 0.166667
1.7375 0.166667
1.738 0.166667
1.7385 0.166667
1.739 0.166667
1.7395 0.166667
1.74 0.166667
1.7405 0.166667
1.741 0.166667
1.7415 0.166667
1.742 0.166667
1.7425 0.166667
1.743 0.166667
1.7435 0.166667
1.744 0.166667
1.7445 0.166667
1.745 0.166667
1.7455 0.166667
1.746 0.166667
1.7465 0.166667
1.747 0.166667
1.7475 0.166667
1.748 0.166667
1.7485 0.166667
1.749 0.166667
1.7495 0.166667
1.75 0.166667
1.7505 0.166667
1.751 0.166667
1.7515 0.166667
1.752 0.166667
1.7525 0.166667
1.753 0.166667
1.7535 0.166667
1.754 0.166667
1.7545 0.166667
1.755 0.166667
1.7555 0.166667
1.756 0.166667
1.7565 0.166667
1.757 0.166667
1.7575 0.166667
1.758 0.166667
1.7585 0.166667
1.759 0.166667
1.7595 0.166667
1.76 0.166667
1.7605 0.166667
1.761 0.166667
1.7615 0.166667
1.762 0.166667
1.7625 0.166667
1.763 0.166667
1.7635 0.166667
1.764 0.166667
1.7645 0.166667
1.765 0.166667
1.7655 0.166667
1.766 0.166667
1.7665 0.166667
1.767 0.166667
1.7675 0.166667
1.768 0.166667
1.7685 0.166667
1.769 0.166667
1.7695 0.166667
1.77 0.166667
1.7705 0.166667
1.771 0.166667
1.7715 0.166667
1.772 0.166667
1.7725 0.166667
1.773 0.166667
1.7735 0.166667
1.774 0.166667
1.7745 0.166667
1.775 0.166667
1.7755 0.166667
1.776 0.166667
1.7765 0.166667
1.777 0.166667
1.7775 0.166667
1.778 0.166667
1.7785 0.166667
1.779 0.166667
1.7795 0.166667
1.78 0.166667
1.7805 0.166667
1.781 0.166667
1.7815 0.166667
1.782 0.166667
1.7825 0.166667
1.783 0.166667
1.7835 0.166667
1.784 0.166667
1.7845 0.166667
1.785 0.166667
1.7855 0.166667
1.786 0.166667
1.7865 0.166667
1.787 0.166667
1.7875 0.166667
1.788 0.166667
1.7885 0.166667
1.789 0.166667
1.7895 0.166667
1.79 0.166667
1.7905 0.166667
1.791 0.166667
1.7915 0.166667
1.792 0.166667
1.7925 0.166667
1.793 0.166667
1.7935 0.166667
1.794 0.166667
1.7945 0.166667
1.795 0.166667
1.7955 0.166667
1.796 0.166667
1.7965 0.166667
1.797 0.166667
1.7975 0.166667
1.798 0.166667
1.7985 0.166667
1.799 0.166667
1.7995 0.166667
1.8 0.166667
1.8005 0.166667
1.801 0.166667
1.8015 0.166667
1.802 0.166667
1.8025 0.166667
1.803 0.166667
1.8035 0.166667
1.804 0.166667
1.8045 0.166667
1.805 0.166667
1.8055 0.166667
1.806 0.166667
1.8065 0.166667
1.807 0.166667
1.8075 0.166667
1.808 0.166667
1.8085 0.166667
1.809 0.166667
1.8095 0.166667
1.81 0.166667
1.8105 0.166667
1.811 0.166667
1.8115 0.166667
1.812 0.166667
1.8125 0.166667
1.813 0.166667
1.8135 0.166667
1.814 0.166667
1.8145 0.166667
1.815 0.166667
1.8155 0.166667
1.816 0.166667
1.8165 0.166667
1.817 0.166667
1.8175 0.166667
1.818 0.166667
1.8185 0.166667
1.819 0.166667
1.8195 0.166667
1.82 0.166667
1.8205 0.166667
1.821 0.166667
1.8215 0.166667
1.822 0.166667
1.8225 0.166667
1.823 0.166667
1.8235 0.166667
1.824 0.166667
1.8245 0.166667
1.825 0.166667
1.8255 0.166667
1.826 0.166667
1.8265 0.166667
1.827 0.166667
1.8275 0.166667
1.828 0.166667
1.8285 0.166667
1.829 0.166667
1.8295 0.166667
1.83 0.166667
1.8305 0.166667
1.831 0.166667
1.8315 0.166667
1.832 0.166667
1.8325 0.166667
1.833 0.166667
1.8335 0.166667
1.834 0.166667
1.8345 0.166667
1.835 0.166667
1.8355 0.166667
1.836 0.166667
1.8365 0.166667
1.837 0.166667
1.8375 0.166667
1.838 0.166667
1.8385 0.166667
1.839 0.166667
1.8395 0.166667
1.84 0.166667
1.8405 0.166667
1.841 0.166667
1.8415 0.166667
1.842 0.166667
1.8425 0.166667
1.843 0.166667
1.8435 0.166667
1.844 0.166667
1.8445 0.166667
1.845 0.166667
1.8455 0.166667
1.846 0.166667
1.8465 0.166667
1.847 0.166667
1.8475 0.166667
1.848 0.166667
1.8485 0.166667
1.849 0.166667
1.8495 0.166667
1.85 0.166667
1.8505 0.166667
1.851 0.166667
1.8515 0.166667
1.852 0.166667
1.8525 0.166667
1.853 0.166667
1.8535 0.166667
1.854 0.166667
1.8545 0.166667
1.855 0.166667
1.8555 0.166667
1.856 0.166667
1.8565 0.166667
1.857 0.166667
1.8575 0.166667
1.858 0.166667
1.8585 0.166667
1.859 0.166667
1.8595 0.166667
1.86 0.166667
1.8605 0.166667
1.861 0.166667
1.8615 0.166667
1.862 0.166667
1.8625 0.166667
1.863 0.166667
1.8635 0.166667
1.864 0.166667
1.8645 0.166667
1.865 0.166667
1.8655 0.166667
1.866 0.166667
1.8665 0.166667
1.867 0.166667
1.8675 0.166667
1.868 0.166667
1.8685 0.166667
1.869 0.166667
1.8695 0.166667
1.87 0.166667
1.8705 0.166667
1.871 0.166667
1.8715 0.166667
1.872 0.166667
1.8725 0.166667
1.873 0.166667
1.8735 0.166667
1.874 0.166667
1.8745 0.166667
1.875 0.166667
1.8755 0.166667
1.876 0.166667
1.8765 0.166667
1.877 0.166667
1.8775 0.166667
1.878 0.166667
1.8785 0.166667
1.879 0.166667
1.8795 0.166667
1.88 0.166667
1.8805 0.166667
1.881 0.166667
1.8815 0.166667
1.882 0.166667
1.8825 0.166667
1.883 0.166667
1.8835 0.166667
1.884 0.166667
1.8845 0.166667
1.885 0.166667
1.8855 0.166667
1.886 0.166667
1.8865 0.166667
1.887 0.166667
1.8875 0.166667
1.888 0.166667
1.8885 0.166667
1.889 0.166667
1.8895 0.166667
1.89 0.166667
1.8905 0.166667
1.891 0.166667
1.8915 0.166667
1.892 0.166667
1.8925 0.166667
1.893 0.166667
1.8935 0.166667
1.894 0.166667
1.8945 0.166667
1.895 0.166667
1.8955 0.166667
1.896 0.166667
1.8965 0.166667
1.897 0.166667
1.8975 0.166667
1.898 0.166667
1.8985 0.166667
1.899 0.166667
1.8995 0.166667
1.9 0.166667
1.9005 0.166667
1.901 0.166667
1.9015 0.166667
1.902 0.166667
1.9025 0.166667
1.903 0.166667
1.9035 0.166667
1.904 0.166667
1.9045 0.166667
1.905 0.166667
1.9055 0.166667
1.906 0.166667
1.9065 0.166667
1.907 0.166667
1.9075 0.166667
1.908 0.166667
1.9085 0.166667
1.909 0.166667
1.9095 0.166667
1.91 0.166667
1.9105 0.166667
1.911 0.166667
1.9115 0.166667
1.912 0.166667
1.9125 0.166667
1.913 0.166667
1.9135 0.166667
1.914 0.166667
1.9145 0.166667
1.915 0.166667
1.9155 0.166667
1.916 0.166667
1.9165 0.166667
1.917 0.166667
1.9175 0.166667
1.918 0.166667
1.9185 0.166667
1.919 0.166667
1.9195 0.166667
1.92 0.166667
1.9205 0.166667
1.921 0.166667
1.9215 0.166667
1.922 0.166667
1.9225 0.166667
1.923 0.166667
1.9235 0.166667
1.924 0.166667
1.9245 0.166667
1.925 0.166667
1.9255 0.166667
1.926 0.166667
1.9265 0.166667
1.927 0.166667
1.9275 0.166667
1.928 0.166667
1.9285 0.166667
1.929 0.166667
1.9295 0.166667
1.93 0.166667
1.9305 0.166667
1.931 0.166667
1.9315 0.166667
1.932 0.166667
1.9325 0.166667
1.933 0.166667
1.9335 0.166667
1.934 0.166667
1.9345 0.166667
1.935 0.166667
1.9355 0.166667
1.936 0.166667
1.9365 0.166667
1.937 0.166667
1.9375 0.166667
1.938 0.166667
1.9385 0.166667
1.939 0.166667
1.9395 0.166667
1.94 0.166667
1.9405 0.166667
1.941 0.166667
1.9415 0.166667
1.942 0.166667
1.9425 0.166667
1.943 0.166667
1.9435 0.166667
1.944 0.166667
1.9445 0.166667
1.945 0.166667
1.9455 0.166667
1.946 0.166667
1.9465 0.166667
1.947 0.166667
1.9475 0.166667
1.948 0.166667
1.9485 0.166667
1.949 0.166667
1.9495 0.166667
1.95 0.166667
1.9505 0.166667
1.951 0.166667
1.9515 0.166667
1.952 0.166667
1.9525 0.166667
1.953 0.166667
1.9535 0.166667
1.954 0.166667
1.9545 0.166667
1.955 0.166667
1.9555 0.166667
1.956 0.166667
1.9565 0.166667
1.957 0.166667
1.9575 0.166667
1.958 0.166667
1.9585 0.166667
1.959 0.166667
1.9595 0.166667
1.96 0.166667
1.9605 0.166667
1.961 0.166667
1.9615 0.166667
1.962 0.166667
1.9625 0.166667
1.963 0.166667
1.9635 0.166667
1.964 0.166667
1.9645 0.166667
1.965 0.166667
1.9655 0.166667
1.966 0.166667
1.9665 0.166667
1.967 0.166667
1.9675 0.166667
1.968 0.166667
1.9685 0.166667
1.969 0.166667
1.9695 0.166667
1.97 0.166667
1.9705 0.166667
1.971 0.166667
1.9715 0.166667
1.972 0.166667
1.9725 0.166667
1.973 0.166667
1.9735 0.166667
1.974 0.166667
1.9745 0.166667
1.975 0.166667
1.9755 0.166667
1.976 0.166667
1.9765 0.166667
1.977 0.166667
1.9775 0.166667
1.978 0.166667
1.9785 0.166667
1.979 0.166667
1.9795 0.166667
1.98 0.166667
1.9805 0.166667
1.981 0.166667
1.9815 0.166667
1.982 0.166667
1.9825 0.166667
1.983 0.166667
1.9835 0.166667
1.984 0.166667
1.9845 0.166667
1.985 0.166667
1.9855 0.166667
1.986 0.166667
1.9865 0.166667
1.987 0.166667
1.9875 0.166667
1.988 0.166667
1.9885 0.166667
1.989 0.166667
1.9895 0.166667
1.99 0.166667
1.9905 0.166667
1.991 0.166667
1.9915 0.166667
1.992 0.166667
1.9925 0.166667
1.993 0.166667
1.9935 0.166667
1.994 0.166667
1.9945 0.166667
1.995 0.166667
1.9955 0.166667
1.996 0.166667
1.9965 0.166667
1.997 0.166667
1.9975 0.166667
1.998 0.166667
1.9985 0.166667
1.999 0.166667
1.9995 0.166667
2 0.166667
