0.1355 0
0.136 0
0.1365 0
0.137 0
0.1375 0
0.138 0
0.1385 0
0.139 0
0.1395 0
0.14 0
0.1405 0
0.141 0
0.1415 0
0.142 0
0.1425 0
0.143 0
0.1435 0
0.144 0
0.1445 0
0.145 0
0.1455 0
0.146 0
0.1465 0
0.147 0
0.1475 0
0.148 0
0.1485 0
0.149 0
0.1495 0
0.15 0
0.1505 0
0.151 0
0.1515 0
0.152 0
0.1525 0
0.153 0
0.1535 0
0.154 0
0.1545 0
0.155 0
0.1555 0
0.156 0
0.1565 0
0.157 0
0.1575 0
0.158 0
0.1585 0
0.159 0
0.1595 0
0.16 0
0.1605 0
0.161 0
0.1615 0
0.162 0
0.1625 0
0.163 0
0.1635 0
0.164 0
0.1645 0
0.165 0
0.1655 0
0.166 0
0.1665 0
0.167 0
0.1675 0
0.168 0
0.1685 0
0.169 0
0.1695 0
0.17 0
0.1705 0
0.171 0
0.1715 0
0.172 0
0.1725 0
0.173 0
0.1735 0
0.174 0
0.1745 0
0.175 0
0.1755 0
0.176 0
0.1765 0
0.177 0
0.1775 0
0.178 0
0.1785 0
0.179 0
0.1795 0
0.18 0
0.1805 0
0.181 0
0.1815 0
0.182 0
0.1825 0
0.183 0
0.1835 0
0.184 0
0.1845 0
0.185 0
0.1855 0
0.186 0
0.1865 0
0.187 0
0.1875 0
0.188 0
0.1885 0
0.189 0
0.1895 0
0.19 0
0.1905 0
0.191 0
0.1915 0
0.192 0
0.1925 0
0.193 0
0.1935 0
0.194 0
0.1945 0
0.195 0
0.1955 0
0.196 0
0.1965 0
0.197 0
0.1975 0
0.198 0
0.1985 0
0.199 0
0.1995 0
0.2 0
0.2005 0
0.201 0
0.2015 0
0.202 0
0.2025 0
0.203 0
0.2035 0
0.204 0
0.2045 0
0.205 0
0.2055 0
0.206 0
0.2065 0
0.207 0
0.2075 0
0.208 0
0.2085 0
0.209 0
0.2095 0
0.21 0
0.2105 0
0.211 0
0.2115 0
0.212 0
0.2125 0
0.213 0
0.2135 0
0.214 0
0.2145 0
0.215 0
0.2155 0
0.216 0
0.2165 0
0.217 0
0.2175 0
0.218 0
0.2185 0
0.219 0
0.2195 0
0.22 0
0.2205 0
0.221 0
0.2215 0
0.222 0
0.2225 0
0.223 0
0.2235 0
0.224 0
0.2245 0
0.225 0
0.2255 0
0.226 0
0.2265 0
0.227 0
0.2275 0
0.228 0
0.2285 0
0.229 0
0.2295 0
0.23 0
0.2305 0
0.231 0
0.2315 0
0.232 0
0.2325 0
0.233 0
0.2335 0
0.234 0
0.2345 0
0.235 0
0.2355 0
0.236 0
0.2365 0
0.237 0
0.2375 0
0.238 0
0.2385 0
0.239 0
0.2395 0
0.24 0
0.2405 0
0.241 0
0.2415 0
0.242 0
0.2425 0
0.243 0
0.2435 0
0.244 0
0.2445 0
0.245 0
0.2455 0
0.246 0
0.2465 0
0.247 0
0.2475 0
0.248 0
0.2485 0
0.249 0
0.2495 0
0.25 0
0.2505 0
0.251 0
0.2515 0
0.252 0
0.2525 0
0.253 0
0.2535 0
0.254 0
0.2545 0
0.255 0
0.2555 0
0.256 0
0.2565 0
0.257 0
0.2575 0
0.258 0
0.2585 0
0.259 0
0.2595 0
0.26 0
0.2605 0
0.261 0
0.2615 0
0.262 0
0.2625 0
0.263 0
0.2635 0
0.264 0
0.2645 0
0.265 0
0.2655 0
0.266 0
0.2665 0
0.267 0
0.2675 0
0.268 0
0.2685 0
0.269 0
0.2695 0
0.27 0
0.2705 0
0.271 0
0.2715 0
0.272 0
0.2725 0
0.273 0
0.2735 0
0.274 0
0.2745 0
0.275 0
0.2755 0
0.276 0
0.2765 0
0.277 0
0.2775 0
0.278 0
0.2785 0
0.279 0
0.2795 0
0.28 0
0.2805 0
0.281 0
0.2815 0
0.282 0
0.2825 0
0.283 0
0.2835 0
0.284 0
0.2845 0
0.285 0
0.2855 0
0.286 0
0.2865 0
0.287 0
0.2875 0
0.288 0
0.2885 0
0.289 0
0.2895 0
0.29 0
0.2905 0
0.291 0
0.2915 0
0.292 0
0.2925 0
0.293 0
0.2935 0
0.294 0
0.2945 0
0.295 0
0.2955 0
0.296 0
0.2965 0
0.297 0
0.2975 0
0.298 0
0.2985 0
0.299 0
0.2995 0
0.3 0
0.3005 0
0.301 0
0.3015 0
0.302 0
0.3025 0
0.303 0
0.3035 0
0.304 0
0.3045 0
0.305 0
0.3055 0
0.306 0
0.3065 0
0.307 0
0.3075 0
0.308 0
0.3085 0
0.309 0
0.3095 0
0.31 0
0.3105 0
0.311 0
0.3115 0
0.312 0
0.3125 0
0.313 0
0.3135 0
0.314 0
0.3145 0
0.315 0
0.3155 0
0.316 0
0.3165 0
0.317 0
0.3175 0
0.318 0
0.3185 0
0.319 0
0.3195 0
0.32 0
0.3205 0
0.321 0
0.3215 0
0.322 0
0.3225 0
0.323 0
0.3235 0
0.324 0
0.3245 0
0.325 0
0.3255 0
0.326 0
0.3265 0
0.327 0
0.3275 0
0.328 0
0.3285 0
0.329 0
0.3295 0
0.33 0
0.3305 0
0.331 0
0.3315 0
0.332 0
0.3325 0
0.333 0
0.3335 0
0.334 0
0.3345 0
0.335 0
0.3355 0
0.336 0
0.3365 0
0.337 0
0.3375 0
0.338 0
0.3385 0
0.339 0
0.3395 0
0.34 0
0.3405 0
0.341 0
0.3415 0
0.342 0
0.3425 0
0.343 0
0.3435 0
0.344 0
0.3445 0
0.345 0
0.3455 0
0.346 0
0.3465 0
0.347 0
0.3475 0
0.348 0
0.3485 0
0.349 0
0.3495 0
0.35 0
0.3505 0
0.351 0
0.3515 0
0.352 0
0.3525 0
0.353 0
0.3535 0
0.354 0
0.3545 0
0.355 0
0.3555 0
0.356 0
0.3565 0
0.357 0
0.3575 0
0.358 0
0.3585 0
0.359 0
0.3595 0
0.36 0
0.3605 0
0.361 0
0.3615 0
0.362 0
0.3625 0
0.363 0
0.3635 0
0.364 0
0.3645 0
0.365 0
0.3655 0
0.366 0
0.3665 0
0.367 0
0.3675 0
0.368 0
0.3685 0
0.369 0
0.3695 0
0.37 0
0.3705 0
0.371 0
0.3715 0
0.372 0
0.3725 0
0.373 0
0.3735 0
0.374 0
0.3745 0
0.375 0
0.3755 0
0.376 0
0.3765 0
0.377 0
0.3775 0
0.378 0
0.3785 0
0.379 0
0.3795 0
0.38 0
0.3805 0
0.381 0
0.3815 0
0.382 0
0.3825 0
0.383 0
0.3835 0
0.384 0
0.3845 0
0.385 0
0.3855 0
0.386 0
0.3865 0
0.387 0
0.3875 0
0.388 0
0.3885 0
0.389 0
0.3895 0
0.39 0
0.3905 0
0.391 0
0.3915 0
0.392 0
0.3925 0
0.393 0
0.3935 0
0.394 0
0.3945 0
0.395 0
0.3955 0
0.396 0
0.3965 0
0.397 0
0.3975 0
0.398 0
0.3985 0
0.399 0
0.3995 0
0.4 0
0.4005 0
0.401 0
0.4015 0
0.402 0
0.4025 0
0.403 0
0.4035 0
0.404 0
0.4045 0
0.405 0
0.4055 0
0.406 0
0.4065 0
0.407 0
0.4075 0
0.408 0
0.4085 0
0.409 0
0.4095 0
0.41 0
0.4105 0
0.411 0
0.4115 0
0.412 0
0.4125 0
0.413 0
0.4135 0
0.414 0
0.4145 3.22493e-11
0.415 7.696e-11
0.4155 1.21578e-10
0.416 1.66104e-10
0.4165 2.10539e-10
0.417 2.54882e-10
0.4175 2.99135e-10
0.418 3.43298e-10
0.4185 3.87371e-10
0.419 4.31356e-10
0.4195 4.75251e-10
0.42 5.19059e-10
0.4205 5.62779e-10
0.421 6.06412e-10
0.4215 6.49959e-10
0.422 6.93419e-10
0.4225 7.36794e-10
0.423 7.80084e-10
0.4235 8.23289e-10
0.424 8.6641e-10
0.4245 9.09447e-10
0.425 9.52402e-10
0.4255 9.95273e-10
0.426 1.03806e-09
0.4265 1.08077e-09
0.427 1.1234e-09
0.4275 1.16594e-09
0.428 1.20841e-09
0.4285 1.2508e-09
0.429 1.2931e-09
0.4295 1.33533e-09
0.43 6.90539e-09
0.4305 7.55575e-09
0.431 8.23647e-09
0.4315 8.94775e-09
0.432 9.68977e-09
0.4325 1.04627e-08
0.433 1.12668e-08
0.4335 1.21022e-08
0.434 1.29691e-08
0.4345 1.38678e-08
0.435 1.47983e-08
0.4355 1.5761e-08
0.436 1.6756e-08
0.4365 1.77835e-08
0.437 1.88438e-08
0.4375 1.99369e-08
0.438 2.10633e-08
0.4385 2.2223e-08
0.439 2.34163e-08
0.4395 2.46433e-08
0.44 2.59044e-08
0.4405 2.71997e-08
0.441 2.85295e-08
0.4415 2.98939e-08
0.442 3.12932e-08
0.4425 3.27277e-08
0.443 3.41975e-08
0.4435 3.57029e-08
0.444 3.72441e-08
0.4445 3.88214e-08
0.445 4.0435e-08
0.4455 4.20852e-08
0.446 4.37721e-08
0.4465 4.5496e-08
0.447 4.72572e-08
0.4475 4.90559e-08
0.448 5.08924e-08
0.4485 5.2767e-08
0.449 5.46798e-08
0.4495 5.66311e-08
0.45 5.86212e-08
0.4505 6.06504e-08
0.451 6.27189e-08
0.4515 6.4827e-08
0.452 6.6975e-08
0.4525 6.91631e-08
0.453 7.13916e-08
0.4535 7.36608e-08
0.454 7.5971e-08
0.4545 7.83224e-08
0.455 8.07153e-08
0.4555 8.315e-08
0.456 8.56269e-08
0.4565 8.81461e-08
0.457 9.0708e-08
0.4575 9.33129e-08
0.458 9.59611e-08
0.4585 9.86529e-08
0.459 1.01389e-07
0.4595 1.04168e-07
0.46 1.06993e-07
0.4605 1.09862e-07
0.461 1.12776e-07
0.4615 1.15736e-07
0.462 1.18742e-07
0.4625 1.21793e-07
0.463 1.24891e-07
0.4635 1.28036e-07
0.464 1.31228e-07
0.4645 1.34468e-07
0.465 1.37755e-07
0.4655 1.4109e-07
0.466 1.44474e-07
0.4665 1.47906e-07
0.467 1.51388e-07
0.4675 1.54919e-07
0.468 1.585e-07
0.4685 1.62131e-07
0.469 1.65813e-07
0.4695 1.69545e-07
0.47 1.73329e-07
0.4705 1.77165e-07
0.471 1.81053e-07
0.4715 1.84993e-07
0.472 1.88986e-07
0.4725 1.93032e-07
0.473 1.97132e-07
0.4735 2.01286e-07
0.474 2.05494e-07
0.4745 2.09757e-07
0.475 2.14075e-07
0.4755 2.18449e-07
0.476 2.22879e-07
0.4765 2.27365e-07
0.477 2.31908e-07
0.4775 2.36508e-07
0.478 2.41166e-07
0.4785 2.45882e-07
0.479 2.50657e-07
0.4795 2.5549e-07
0.48 2.60383e-07
0.4805 2.65336e-07
0.481 2.70349e-07
0.4815 2.75423e-07
0.482 2.80558e-07
0.4825 2.85754e-07
0.483 2.91013e-07
0.4835 2.96334e-07
0.484 3.01719e-07
0.4845 3.07166e-07
0.485 3.12678e-07
0.4855 3.18255e-07
0.486 3.23896e-07
0.4865 3.29603e-07
0.487 3.35375e-07
0.4875 3.41214e-07
0.488 3.4712e-07
0.4885 3.53094e-07
0.489 3.59135e-07
0.4895 3.65245e-07
0.49 3.71424e-07
0.4905 3.77673e-07
0.491 3.83991e-07
0.4915 3.9038e-07
0.492 3.96841e-07
0.4925 4.03372e-07
0.493 4.09976e-07
0.4935 4.16653e-07
0.494 4.23403e-07
0.4945 4.30227e-07
0.495 4.37126e-07
0.4955 4.44099e-07
0.496 4.51148e-07
0.4965 4.58273e-07
0.497 4.65475e-07
0.4975 4.72754e-07
0.498 4.80111e-07
0.4985 4.87547e-07
0.499 4.95061e-07
0.4995 5.02656e-07
0.5 5.10331e-07
0.5005 5.18086e-07
0.501 5.25924e-07
0.5015 5.33843e-07
0.502 5.41845e-07
0.5025 5.49931e-07
0.503 5.58101e-07
0.5035 5.66356e-07
0.504 5.74696e-07
0.5045 5.83122e-07
0.505 5.91635e-07
0.5055 6.00236e-07
0.506 6.08924e-07
0.5065 6.17702e-07
0.507 6.26568e-07
0.5075 6.35525e-07
0.508 6.44573e-07
0.5085 6.53712e-07
0.509 6.62944e-07
0.5095 6.72269e-07
0.51 6.81687e-07
0.5105 6.912e-07
0.511 7.00808e-07
0.5115 7.10512e-07
0.512 7.20312e-07
0.5125 7.3021e-07
0.513 7.40207e-07
0.5135 7.50302e-07
0.514 7.60497e-07
0.5145 7.70792e-07
0.515 7.81189e-07
0.5155 7.91687e-07
0.516 8.02289e-07
0.5165 8.12994e-07
0.517 8.23804e-07
0.5175 8.34719e-07
0.518 8.4574e-07
0.5185 8.56868e-07
0.519 8.68104e-07
0.5195 8.79448e-07
0.52 8.90902e-07
0.5205 9.02467e-07
0.521 9.14142e-07
0.5215 9.2593e-07
0.522 9.3783e-07
0.5225 9.49845e-07
0.523 9.61974e-07
0.5235 9.74218e-07
0.524 9.86579e-07
0.5245 9.99058e-07
0.525 1.01166e-06
0.5255 1.02437e-06
0.526 1.03721e-06
0.5265 1.05017e-06
0.527 1.06325e-06
0.5275 1.07645e-06
0.528 1.08978e-06
0.5285 1.10323e-06
0.529 1.11681e-06
0.5295 1.13051e-06
0.53 1.14434e-06
0.5305 1.1583e-06
0.531 1.1724e-06
0.5315 1.18662e-06
0.532 1.20097e-06
0.5325 1.21546e-06
0.533 1.23009e-06
0.5335 1.24484e-06
0.534 1.25974e-06
0.5345 1.27477e-06
0.535 1.28994e-06
0.5355 1.30525e-06
0.536 1.3207e-06
0.5365 1.33629e-06
0.537 1.35202e-06
0.5375 1.3679e-06
0.538 1.38392e-06
0.5385 1.40009e-06
0.539 1.41641e-06
0.5395 1.43287e-06
0.54 1.44949e-06
0.5405 1.46625e-06
0.541 1.48317e-06
0.5415 1.50024e-06
0.542 1.51747e-06
0.5425 1.53485e-06
0.543 1.55239e-06
0.5435 1.57009e-06
0.544 1.58794e-06
0.5445 1.60596e-06
0.545 1.62414e-06
0.5455 1.64248e-06
0.546 1.66099e-06
0.5465 1.67966e-06
0.547 1.6985e-06
0.5475 1.7175e-06
0.548 1.73668e-06
0.5485 1.75603e-06
0.549 1.77555e-06
0.5495 1.79525e-06
0.55 1.81512e-06
0.5505 1.83516e-06
0.551 1.85539e-06
0.5515 1.87579e-06
0.552 1.89637e-06
0.5525 1.91714e-06
0.553 1.93809e-06
0.5535 1.95923e-06
0.554 1.98055e-06
0.5545 2.00206e-06
0.555 2.02376e-06
0.5555 2.04565e-06
0.556 2.06773e-06
0.5565 2.09001e-06
0.557 2.11248e-06
0.5575 2.13515e-06
0.558 2.15801e-06
0.5585 2.18108e-06
0.559 2.20435e-06
0.5595 2.22783e-06
0.56 2.2515e-06
0.5605 2.27539e-06
0.561 2.29948e-06
0.5615 2.32378e-06
0.562 2.3483e-06
0.5625 2.37303e-06
0.563 2.39797e-06
0.5635 2.42313e-06
0.564 2.4485e-06
0.5645 2.4741e-06
0.565 2.49992e-06
0.5655 2.52596e-06
0.566 2.55223e-06
0.5665 2.57872e-06
0.567 2.60545e-06
0.5675 2.6324e-06
0.568 2.65959e-06
0.5685 2.68701e-06
0.569 2.71466e-06
0.5695 2.74256e-06
0.57 2.77069e-06
0.5705 2.79907e-06
0.571 2.82769e-06
0.5715 2.85655e-06
0.572 2.88567e-06
0.5725 2.91503e-06
0.573 2.94464e-06
0.5735 2.97451e-06
0.574 3.00463e-06
0.5745 3.03501e-06
0.575 3.06565e-06
0.5755 3.09655e-06
0.576 3.12771e-06
0.5765 3.15914e-06
0.577 3.19084e-06
0.5775 3.22281e-06
0.578 3.25505e-06
0.5785 3.28756e-06
0.579 3.32035e-06
0.5795 3.35342e-06
0.58 3.38677e-06
0.5805 3.4204e-06
0.581 3.45432e-06
0.5815 3.48852e-06
0.582 3.52301e-06
0.5825 3.5578e-06
0.583 3.59288e-06
0.5835 3.62825e-06
0.584 3.66393e-06
0.5845 3.6999e-06
0.585 3.73618e-06
0.5855 3.77277e-06
0.586 3.80966e-06
0.5865 3.84687e-06
0.587 3.88439e-06
0.5875 3.92222e-06
0.588 3.96037e-06
0.5885 3.99884e-06
0.589 4.03764e-06
0.5895 4.07676e-06
0.59 4.11621e-06
0.5905 4.15599e-06
0.591 4.19611e-06
0.5915 4.23656e-06
0.592 4.27735e-06
0.5925 4.31848e-06
0.593 4.35995e-06
0.5935 4.40178e-06
0.594 4.44395e-06
0.5945 4.48647e-06
0.595 4.52935e-06
0.5955 4.57259e-06
0.596 4.61619e-06
0.5965 4.66015e-06
0.597 4.70448e-06
0.5975 4.74918e-06
0.598 4.79425e-06
0.5985 4.83969e-06
0.599 4.88552e-06
0.5995 4.93172e-06
0.6 4.97831e-06
0.6005 5.02529e-06
0.601 5.07266e-06
0.6015 5.12042e-06
0.602 5.16857e-06
0.6025 5.21713e-06
0.603 5.26609e-06
0.6035 5.31545e-06
0.604 5.36523e-06
0.6045 5.41542e-06
0.605 5.46602e-06
0.6055 5.51704e-06
0.606 5.56849e-06
0.6065 5.62036e-06
0.607 5.67265e-06
0.6075 5.72539e-06
0.608 5.77855e-06
0.6085 5.83216e-06
0.609 5.88621e-06
0.6095 5.9407e-06
0.61 5.99565e-06
0.6105 6.05105e-06
0.611 6.1069e-06
0.6115 6.16322e-06
0.612 6.22e-06
0.6125 6.27724e-06
0.613 6.33496e-06
0.6135 6.39316e-06
0.614 6.45183e-06
0.6145 6.51098e-06
0.615 6.57063e-06
0.6155 6.63076e-06
0.616 6.69139e-06
0.6165 6.75251e-06
0.617 6.81414e-06
0.6175 6.87627e-06
0.618 6.93892e-06
0.6185 7.00208e-06
0.619 7.06575e-06
0.6195 7.12995e-06
0.62 7.19468e-06
0.6205 7.25993e-06
0.621 7.32572e-06
0.6215 7.39205e-06
0.622 7.45893e-06
0.6225 7.52635e-06
0.623 7.59432e-06
0.6235 7.66285e-06
0.624 7.73194e-06
0.6245 7.8016e-06
0.625 7.87182e-06
0.6255 7.94262e-06
0.626 8.014e-06
0.6265 8.08596e-06
0.627 8.15851e-06
0.6275 8.23166e-06
0.628 8.3054e-06
0.6285 8.37974e-06
0.629 8.45469e-06
0.6295 8.53025e-06
0.63 8.60643e-06
0.6305 8.68323e-06
0.631 8.76066e-06
0.6315 8.83872e-06
0.632 8.91741e-06
0.6325 8.99675e-06
0.633 9.07673e-06
0.6335 9.15737e-06
0.634 9.23866e-06
0.6345 9.32061e-06
0.635 9.40324e-06
0.6355 9.48653e-06
0.636 9.5705e-06
0.6365 9.65516e-06
0.637 9.74051e-06
0.6375 9.82655e-06
0.638 9.91329e-06
0.6385 1.00007e-05
0.639 1.00889e-05
0.6395 1.01778e-05
0.64 1.02674e-05
0.6405 1.03577e-05
0.641 1.04488e-05
0.6415 1.05406e-05
0.642 1.06331e-05
0.6425 1.07264e-05
0.643 1.08205e-05
0.6435 1.09153e-05
0.644 1.10109e-05
0.6445 1.11072e-05
0.645 1.12044e-05
0.6455 1.13023e-05
0.646 1.14011e-05
0.6465 1.15006e-05
0.647 1.1601e-05
0.6475 1.17021e-05
0.648 1.18041e-05
0.6485 1.19069e-05
0.649 1.20105e-05
0.6495 1.2115e-05
0.65 1.22204e-05
0.6505 1.23266e-05
0.651 1.24336e-05
0.6515 1.25415e-05
0.652 1.26503e-05
0.6525 1.276e-05
0.653 1.28705e-05
0.6535 1.2982e-05
0.654 1.30944e-05
0.6545 1.32077e-05
0.655 1.33218e-05
0.6555 1.3437e-05
0.656 1.3553e-05
0.6565 1.367e-05
0.657 1.3788e-05
0.6575 1.39069e-05
0.658 1.40267e-05
0.6585 1.41476e-05
0.659 1.42694e-05
0.6595 1.43922e-05
0.66 1.4516e-05
0.6605 1.46408e-05
0.661 1.47666e-05
0.6615 1.48934e-05
0.662 1.50213e-05
0.6625 1.51502e-05
0.663 1.52801e-05
0.6635 1.54111e-05
0.664 1.55432e-05
0.6645 1.56763e-05
0.665 1.58105e-05
0.6655 1.59458e-05
0.666 1.60822e-05
0.6665 1.62197e-05
0.667 1.63583e-05
0.6675 1.64981e-05
0.668 1.6639e-05
0.6685 1.6781e-05
0.669 1.69241e-05
0.6695 1.70685e-05
0.67 1.7214e-05
0.6705 1.73606e-05
0.671 1.75085e-05
0.6715 1.76576e-05
0.672 1.78078e-05
0.6725 1.79593e-05
0.673 1.81121e-05
0.6735 1.8266e-05
0.674 1.84212e-05
0.6745 1.85777e-05
0.675 1.87355e-05
0.6755 1.88945e-05
0.676 1.90548e-05
0.6765 1.92164e-05
0.677 1.93793e-05
0.6775 1.95436e-05
0.678 1.97092e-05
0.6785 1.98761e-05
0.679 2.00444e-05
0.6795 2.0214e-05
0.68 2.03851e-05
0.6805 2.05575e-05
0.681 2.07313e-05
0.6815 2.09065e-05
0.682 2.10832e-05
0.6825 2.12613e-05
0.683 2.14408e-05
0.6835 2.16218e-05
0.684 2.18043e-05
0.6845 2.19882e-05
0.685 2.21737e-05
0.6855 2.23607e-05
0.686 2.25491e-05
0.6865 2.27392e-05
0.687 2.29307e-05
0.6875 2.31239e-05
0.688 2.33186e-05
0.6885 2.35148e-05
0.689 2.37127e-05
0.6895 2.39122e-05
0.69 2.41133e-05
0.6905 2.43161e-05
0.691 2.45205e-05
0.6915 2.47266e-05
0.692 2.49343e-05
0.6925 2.51438e-05
0.693 2.5355e-05
0.6935 2.55679e-05
0.694 2.57825e-05
0.6945 2.59989e-05
0.695 2.6217e-05
0.6955 2.64369e-05
0.696 2.66587e-05
0.6965 2.68822e-05
0.697 2.71076e-05
0.6975 2.73348e-05
0.698 2.75638e-05
0.6985 2.77948e-05
0.699 2.80276e-05
0.6995 2.82623e-05
0.7 2.8499e-05
0.7005 2.87376e-05
0.701 2.89781e-05
0.7015 2.92206e-05
0.702 2.94651e-05
0.7025 2.97117e-05
0.703 2.99602e-05
0.7035 3.02108e-05
0.704 3.04634e-05
0.7045 3.07181e-05
0.705 3.09749e-05
0.7055 3.12338e-05
0.706 3.14948e-05
0.7065 3.1758e-05
0.707 3.20233e-05
0.7075 3.22908e-05
0.708 3.25606e-05
0.7085 3.28325e-05
0.709 3.31067e-05
0.7095 3.33831e-05
0.71 3.36618e-05
0.7105 3.39428e-05
0.711 3.42262e-05
0.7115 3.45118e-05
0.712 3.47998e-05
0.7125 3.50902e-05
0.713 3.5383e-05
0.7135 3.56782e-05
0.714 3.59759e-05
0.7145 3.6276e-05
0.715 3.65786e-05
0.7155 3.68837e-05
0.716 3.71913e-05
0.7165 3.75014e-05
0.717 3.78142e-05
0.7175 3.81295e-05
0.718 3.84474e-05
0.7185 3.8768e-05
0.719 3.90912e-05
0.7195 3.94171e-05
0.72 3.97457e-05
0.7205 4.00771e-05
0.721 4.04112e-05
0.7215 4.0748e-05
0.722 4.10877e-05
0.7225 4.14302e-05
0.723 4.17756e-05
0.7235 4.21238e-05
0.724 4.24749e-05
0.7245 4.2829e-05
0.725 4.3186e-05
0.7255 4.35459e-05
0.726 4.39089e-05
0.7265 4.42749e-05
0.727 4.4644e-05
0.7275 4.50162e-05
0.728 4.53914e-05
0.7285 4.57699e-05
0.729 4.61514e-05
0.7295 4.65362e-05
0.73 4.69242e-05
0.7305 4.73154e-05
0.731 4.771e-05
0.7315 4.81078e-05
0.732 4.8509e-05
0.7325 4.89135e-05
0.733 4.93215e-05
0.7335 4.97329e-05
0.734 5.01477e-05
0.7345 5.0566e-05
0.735 5.09879e-05
0.7355 5.14133e-05
0.736 5.18423e-05
0.7365 5.22749e-05
0.737 5.27112e-05
0.7375 5.31511e-05
0.738 5.35948e-05
0.7385 5.40422e-05
0.739 5.44935e-05
0.7395 5.49485e-05
0.74 5.54074e-05
0.7405 5.58702e-05
0.741 5.63369e-05
0.7415 5.68075e-05
0.742 5.72822e-05
0.7425 5.77609e-05
0.743 5.82436e-05
0.7435 5.87305e-05
0.744 5.92215e-05
0.7445 5.97167e-05
0.745 6.02161e-05
0.7455 6.07198e-05
0.746 6.12278e-05
0.7465 6.17401e-05
0.747 6.22568e-05
0.7475 6.27779e-05
0.748 6.33035e-05
0.7485 6.38335e-05
0.749 6.43681e-05
0.7495 6.49073e-05
0.75 6.54512e-05
0.7505 6.59997e-05
0.751 6.65529e-05
0.7515 6.71108e-05
0.752 6.76736e-05
0.7525 6.82412e-05
0.753 6.88137e-05
0.7535 6.93912e-05
0.754 6.99736e-05
0.7545 7.0561e-05
0.755 7.11536e-05
0.7555 7.17512e-05
0.756 7.23541e-05
0.7565 7.29621e-05
0.757 7.35754e-05
0.7575 7.41941e-05
0.758 7.48181e-05
0.7585 7.54475e-05
0.759 7.60825e-05
0.7595 7.67229e-05
0.76 7.73689e-05
0.7605 7.80205e-05
0.761 7.86779e-05
0.7615 7.93409e-05
0.762 8.00098e-05
0.7625 8.06845e-05
0.763 8.13651e-05
0.7635 8.20517e-05
0.764 8.27443e-05
0.7645 8.3443e-05
0.765 8.41478e-05
0.7655 8.48588e-05
0.766 8.5576e-05
0.7665 8.62996e-05
0.767 8.70295e-05
0.7675 8.77659e-05
0.768 8.85088e-05
0.7685 8.92582e-05
0.769 9.00143e-05
0.7695 9.0777e-05
0.77 9.15466e-05
0.7705 9.23229e-05
0.771 9.31061e-05
0.7715 9.38963e-05
0.772 9.46935e-05
0.7725 9.54978e-05
0.773 9.63092e-05
0.7735 9.71279e-05
0.774 9.79539e-05
0.7745 9.87873e-05
0.775 9.96281e-05
0.7755 0.000100476
0.776 0.000101332
0.7765 0.000102196
0.777 0.000103067
0.7775 0.000103947
0.778 0.000104834
0.7785 0.000105729
0.779 0.000106632
0.7795 0.000107543
0.78 0.000108463
0.7805 0.000109391
0.781 0.000110327
0.7815 0.000111271
0.782 0.000112225
0.7825 0.000113187
0.783 0.000114157
0.7835 0.000115137
0.784 0.000116125
0.7845 0.000117123
0.785 0.000118129
0.7855 0.000119145
0.786 0.00012017
0.7865 0.000121204
0.787 0.000122248
0.7875 0.000123301
0.788 0.000124364
0.7885 0.000125437
0.789 0.00012652
0.7895 0.000127613
0.79 0.000128715
0.7905 0.000129828
0.791 0.000130951
0.7915 0.000132085
0.792 0.000133229
0.7925 0.000134384
0.793 0.000135549
0.7935 0.000136726
0.794 0.000137913
0.7945 0.000139111
0.795 0.000140321
0.7955 0.000141541
0.796 0.000142774
0.7965 0.000144017
0.797 0.000145273
0.7975 0.00014654
0.798 0.000147819
0.7985 0.00014911
0.799 0.000150413
0.7995 0.000151729
0.8 0.000153057
0.8005 0.000154397
0.801 0.000155751
0.8015 0.000157117
0.802 0.000158496
0.8025 0.000159888
0.803 0.000161293
0.8035 0.000162712
0.804 0.000164144
0.8045 0.00016559
0.805 0.00016705
0.8055 0.000168524
0.806 0.000170012
0.8065 0.000171514
0.807 0.000173031
0.8075 0.000174562
0.808 0.000176108
0.8085 0.000177669
0.809 0.000179245
0.8095 0.000180837
0.81 0.000182443
0.8105 0.000184066
0.811 0.000185704
0.8115 0.000187358
0.812 0.000189028
0.8125 0.000190715
0.813 0.000192418
0.8135 0.000194138
0.814 0.000195874
0.8145 0.000197628
0.815 0.000199399
0.8155 0.000201187
0.816 0.000202993
0.8165 0.000204817
0.817 0.000206659
0.8175 0.000208519
0.818 0.000210397
0.8185 0.000212295
0.819 0.000214211
0.8195 0.000216146
0.82 0.0002181
0.8205 0.000220075
0.821 0.000222068
0.8215 0.000224082
0.822 0.000226116
0.8225 0.000228171
0.823 0.000230246
0.8235 0.000232342
0.824 0.00023446
0.8245 0.000236599
0.825 0.000238759
0.8255 0.000240942
0.826 0.000243147
0.8265 0.000245374
0.827 0.000247624
0.8275 0.000249897
0.828 0.000252193
0.8285 0.000254513
0.829 0.000256856
0.8295 0.000259224
0.83 0.000261616
0.8305 0.000264033
0.831 0.000266475
0.8315 0.000268942
0.832 0.000271435
0.8325 0.000273954
0.833 0.000276499
0.8335 0.000279071
0.834 0.000281669
0.8345 0.000284295
0.835 0.000286948
0.8355 0.000289629
0.836 0.000292339
0.8365 0.000295077
0.837 0.000297844
0.8375 0.00030064
0.838 0.000303466
0.8385 0.000306322
0.839 0.000309208
0.8395 0.000312125
0.84 0.000315074
0.8405 0.000318053
0.841 0.000321065
0.8415 0.00032411
0.842 0.000327187
0.8425 0.000330297
0.843 0.000333441
0.8435 0.000336619
0.844 0.000339831
0.8445 0.000343078
0.845 0.000346361
0.8455 0.00034968
0.846 0.000353034
0.8465 0.000356426
0.847 0.000359855
0.8475 0.000363322
0.848 0.000366826
0.8485 0.00037037
0.849 0.000373953
0.8495 0.000377575
0.85 0.000381238
0.8505 0.000384942
0.851 0.000388687
0.8515 0.000392474
0.852 0.000396303
0.8525 0.000400175
0.853 0.000404091
0.8535 0.000408052
0.854 0.000412056
0.8545 0.000416107
0.855 0.000420203
0.8555 0.000424346
0.856 0.000428536
0.8565 0.000432774
0.857 0.000437061
0.8575 0.000441397
0.858 0.000445782
0.8585 0.000450219
0.859 0.000454706
0.8595 0.000459246
0.86 0.000463838
0.8605 0.000468484
0.861 0.000473184
0.8615 0.000477939
0.862 0.000482749
0.8625 0.000487617
0.863 0.000492541
0.8635 0.000497524
0.864 0.000502565
0.8645 0.000507666
0.865 0.000512828
0.8655 0.000518052
0.866 0.000523338
0.8665 0.000528687
0.867 0.0005341
0.8675 0.000539578
0.868 0.000545123
0.8685 0.000550735
0.869 0.000556414
0.8695 0.000562163
0.87 0.000567981
0.8705 0.000573871
0.871 0.000579833
0.8715 0.000585868
0.872 0.000591977
0.8725 0.000598162
0.873 0.000604423
0.8735 0.000610762
0.874 0.00061718
0.8745 0.000623677
0.875 0.000630256
0.8755 0.000636917
0.876 0.000643663
0.8765 0.000650493
0.877 0.000657409
0.8775 0.000664413
0.878 0.000671506
0.8785 0.00067869
0.879 0.000685965
0.8795 0.000693333
0.88 0.000700796
0.8805 0.000708355
0.881 0.000716012
0.8815 0.000723768
0.882 0.000731625
0.8825 0.000739584
0.883 0.000747647
0.8835 0.000755816
0.884 0.000764092
0.8845 0.000772477
0.885 0.000780973
0.8855 0.000789582
0.886 0.000798305
0.8865 0.000807144
0.887 0.000816102
0.8875 0.00082518
0.888 0.00083438
0.8885 0.000843704
0.889 0.000853155
0.8895 0.000862734
0.89 0.000872443
0.8905 0.000874013
0.891 0.000885574
0.8915 0.000897288
0.892 0.000909159
0.8925 0.00092119
0.893 0.000933382
0.8935 0.000945739
0.894 0.000958263
0.8945 0.000970957
0.895 0.000983824
0.8955 0.000996867
0.896 0.00101009
0.8965 0.00102349
0.897 0.00103708
0.8975 0.00105086
0.898 0.00106483
0.8985 0.00107899
0.899 0.00109335
0.8995 0.00110792
0.9 0.00112269
0.9005 0.00113766
0.901 0.00115285
0.9015 0.00116826
0.902 0.00118389
0.9025 0.00119974
0.903 0.00121582
0.9035 0.00123213
0.904 0.00124868
0.9045 0.00126547
0.905 0.0012825
0.9055 0.00129978
0.906 0.00131732
0.9065 0.00133512
0.907 0.00135318
0.9075 0.00137151
0.908 0.00139011
0.9085 0.001409
0.909 0.00142816
0.9095 0.00144762
0.91 0.00146737
0.9105 0.00148743
0.911 0.00150779
0.9115 0.00152846
0.912 0.00154945
0.9125 0.00157076
0.913 0.00159241
0.9135 0.0016144
0.914 0.00163672
0.9145 0.00165941
0.915 0.00168244
0.9155 0.00170585
0.916 0.00172963
0.9165 0.00175378
0.917 0.00177833
0.9175 0.00180327
0.918 0.00182862
0.9185 0.00185438
0.919 0.00188056
0.9195 0.00190717
0.92 0.00193422
0.9205 0.00196171
0.921 0.00198967
0.9215 0.00201809
0.922 0.00204699
0.9225 0.00207637
0.923 0.00210626
0.9235 0.00213665
0.924 0.00216757
0.9245 0.00219901
0.925 0.002231
0.9255 0.00226354
0.926 0.00229665
0.9265 0.00233034
0.927 0.00236463
0.9275 0.00239952
0.928 0.00243503
0.9285 0.00247117
0.929 0.00250796
0.9295 0.00254542
0.93 0.00258356
0.9305 0.00262239
0.931 0.00266193
0.9315 0.0027022
0.932 0.00274322
0.9325 0.002785
0.933 0.00282756
0.9335 0.00287092
0.934 0.0029151
0.9345 0.00296012
0.935 0.003006
0.9355 0.00305277
0.936 0.00310043
0.9365 0.00314902
0.937 0.00319856
0.9375 0.00324908
0.938 0.00330059
0.9385 0.00335312
0.939 0.00340671
0.9395 0.00346137
0.94 0.00351713
0.9405 0.00357403
0.941 0.0036321
0.9415 0.00369135
0.942 0.00375184
0.9425 0.00381358
0.943 0.00387662
0.9435 0.00394098
0.944 0.00400671
0.9445 0.00407384
0.945 0.00414241
0.9455 0.00421246
0.946 0.00428404
0.9465 0.00435718
0.947 0.00443193
0.9475 0.00450834
0.948 0.00458645
0.9485 0.00466632
0.949 0.00474799
0.9495 0.00483152
0.95 0.00491696
0.9505 0.00500437
0.951 0.00509382
0.9515 0.00518535
0.952 0.00527904
0.9525 0.00537495
0.953 0.00547315
0.9535 0.00557372
0.954 0.00567671
0.9545 0.00578223
0.955 0.00589033
0.9555 0.00600111
0.956 0.00611466
0.9565 0.00623106
0.957 0.0063504
0.9575 0.0064728
0.958 0.00659834
0.9585 0.00672713
0.959 0.00685928
0.9595 0.00699492
0.96 0.00713415
0.9605 0.00727711
0.961 0.00742393
0.9615 0.00757473
0.962 0.00772967
0.9625 0.0078889
0.963 0.00805256
0.9635 0.00822083
0.964 0.00839387
0.9645 0.00857185
0.965 0.00875498
0.9655 0.00894344
0.966 0.00913743
0.9665 0.00933718
0.967 0.0095429
0.9675 0.00975483
0.968 0.00997322
0.9685 0.0101983
0.969 0.0104304
0.9695 0.0106698
0.97 0.0109168
0.9705 0.0111716
0.971 0.0114347
0.9715 0.0117064
0.972 0.011987
0.9725 0.0122769
0.973 0.0125767
0.9735 0.0128866
0.974 0.0132071
0.9745 0.0135388
0.975 0.0138821
0.9755 0.0142376
0.976 0.0146059
0.9765 0.0149875
0.977 0.0153832
0.9775 0.0157935
0.978 0.0162192
0.9785 0.0166612
0.979 0.0171201
0.9795 0.0175969
0.98 0.0180926
0.9805 0.018608
0.981 0.0191442
0.9815 0.0197024
0.982 0.0202838
0.9825 0.0208896
0.983 0.0215212
0.9835 0.0221801
0.984 0.0228678
0.9845 0.0235861
0.985 0.0243367
0.9855 0.0251215
0.986 0.0259428
0.9865 0.0268027
0.987 0.0277037
0.9875 0.0286483
0.988 0.0296395
0.9885 0.0306802
0.989 0.0317737
0.9895 0.0329237
0.99 0.0341341
0.9905 0.0373278
0.991 0.0395153
0.9915 0.0419743
0.992 0.0447354
0.9925 0.0478321
0.993 0.0513017
0.9935 0.0551849
0.994 0.0595273
0.9945 0.064379
0.995 0.0697958
0.9955 0.0758393
0.996 0.0825787
0.9965 0.0900907
0.997 0.0984616
0.9975 0.107788
0.998 0.118178
0.9985 0.129754
0.999 0.142655
0.9995 0.157037
1 0.173079
1.0005 0.190984
1.001 0.210985
1.0015 0.233349
1.002 0.258384
1.0025 0.286447
1.003 0.31795
1.0035 0.353375
1.004 0.393286
1.0045 0.438347
1.005 0.489339
1.0055 0.547192
1.006 0.613018
1.0065 0.688146
1.007 0.774183
1.0075 0.873084
1.008 0.987235
1.0085 1.11958
1.009 1.27377
1.0095 1.45437
1.01 1.66716
1.0105 1.91946
1.011 2.22076
1.0115 2.5833
1.012 3.02324
1.0125 3.56202
1.013 4.22843
1.0135 5.06164
1.014 6.11535
1.0145 7.46383
1.015 9.21003
1.0155 11.4954
1.016 14.5089
1.0165 18.4839
1.017 23.6544
1.0175 30.1061
1.018 37.4367
1.0185 44.3022
1.019 48.4763
1.0195 48.2286
1.02 43.9483
1.0205 37.663
1.021 31.2554
1.0215 25.6658
1.022 21.121
1.0225 17.5293
1.023 14.711
1.0235 12.4921
1.024 10.7304
1.0245 9.31671
1.025 8.16941
1.0255 7.22783
1.026 6.44678
1.0265 5.79235
1.027 5.23886
1.0275 4.76668
1.028 4.36063
1.0285 4.00891
1.029 3.70215
1.0295 3.43294
1.03 3.19532
1.0305 2.98446
1.031 2.79643
1.0315 2.62798
1.032 2.47643
1.0325 2.33955
1.033 2.21545
1.0335 2.10257
1.034 1.99954
1.0345 1.90524
1.035 1.81866
1.0355 1.73898
1.036 1.66546
1.0365 1.59745
1.037 1.53441
1.0375 1.47586
1.038 1.42136
1.0385 1.37053
1.039 1.32307
1.0395 1.27864
1.04 1.23702
1.0405 1.19795
1.041 1.16121
1.0415 1.12665
1.042 1.09408
1.0425 1.06334
1.043 1.0343
1.0435 1.00684
1.044 0.980837
1.0445 0.956199
1.045 0.932826
1.0455 0.910636
1.046 0.889548
1.0465 0.869492
1.047 0.850402
1.0475 0.832219
1.048 0.814885
1.0485 0.798351
1.049 0.782569
1.0495 0.767495
1.05 0.753088
1.0505 0.739314
1.051 0.726133
1.0515 0.713517
1.052 0.701434
1.0525 0.689857
1.053 0.678759
1.0535 0.668115
1.054 0.657903
1.0545 0.648102
1.055 0.638691
1.0555 0.629651
1.056 0.620966
1.0565 0.612618
1.057 0.604592
1.0575 0.596873
1.058 0.589447
1.0585 0.582302
1.059 0.575423
1.0595 0.568801
1.06 0.562424
1.0605 0.556281
1.061 0.550362
1.0615 0.544659
1.062 0.539161
1.0625 0.533861
1.063 0.52875
1.0635 0.523822
1.064 0.519066
1.0645 0.514479
1.065 0.510051
1.0655 0.505778
1.066 0.501652
1.0665 0.497669
1.067 0.493821
1.0675 0.490105
1.068 0.486514
1.0685 0.483044
1.069 0.479689
1.0695 0.476446
1.07 0.473309
1.0705 0.470275
1.071 0.467338
1.0715 0.464496
1.072 0.461743
1.0725 0.459078
1.073 0.456496
1.0735 0.453992
1.074 0.451565
1.0745 0.449209
1.075 0.446923
1.0755 0.444703
1.076 0.442546
1.0765 0.440449
1.077 0.438409
1.0775 0.436423
1.078 0.434488
1.0785 0.432602
1.079 0.430762
1.0795 0.428965
1.08 0.427209
1.0805 0.425491
1.081 0.423809
1.0815 0.42216
1.082 0.420542
1.0825 0.418953
1.083 0.417389
1.0835 0.41585
1.084 0.414332
1.0845 0.412834
1.085 0.411354
1.0855 0.409888
1.086 0.408435
1.0865 0.406993
1.087 0.40556
1.0875 0.404135
1.088 0.402713
1.0885 0.401295
1.089 0.399879
1.0895 0.398465
1.09 0.397052
1.0905 0.39564
1.091 0.394229
1.0915 0.392818
1.092 0.391406
1.0925 0.389995
1.093 0.388583
1.0935 0.387169
1.094 0.385755
1.0945 0.384339
1.095 0.382922
1.0955 0.381503
1.096 0.380082
1.0965 0.378659
1.097 0.377234
1.0975 0.375806
1.098 0.374377
1.0985 0.372946
1.099 0.371512
1.0995 0.370075
1.1 0.368636
1.1005 0.367195
1.101 0.365752
1.1015 0.364306
1.102 0.362859
1.1025 0.36141
1.103 0.359957
1.1035 0.358503
1.104 0.357048
1.1045 0.355591
1.105 0.354132
1.1055 0.352673
1.106 0.351212
1.1065 0.349749
1.107 0.348286
1.1075 0.346823
1.108 0.345359
1.1085 0.343895
1.109 0.34243
1.1095 0.340967
1.11 0.339503
1.1105 0.338041
1.111 0.336579
1.1115 0.335119
1.112 0.333661
1.1125 0.332204
1.113 0.33075
1.1135 0.329298
1.114 0.327848
1.1145 0.326402
1.115 0.32496
1.1155 0.323521
1.116 0.322086
1.1165 0.320656
1.117 0.31923
1.1175 0.317809
1.118 0.316395
1.1185 0.314985
1.119 0.313583
1.1195 0.312186
1.12 0.310796
1.1205 0.309414
1.121 0.308039
1.1215 0.306674
1.122 0.305316
1.1225 0.303966
1.123 0.302626
1.1235 0.301297
1.124 0.299977
1.1245 0.298666
1.125 0.297368
1.1255 0.296081
1.126 0.294805
1.1265 0.293542
1.127 0.29229
1.1275 0.291053
1.128 0.289828
1.1285 0.288617
1.129 0.28742
1.1295 0.286239
1.13 0.285072
1.1305 0.283921
1.131 0.282785
1.1315 0.281667
1.132 0.280565
1.1325 0.279481
1.133 0.278414
1.1335 0.277366
1.134 0.276336
1.1345 0.275325
1.135 0.274335
1.1355 0.273364
1.136 0.272414
1.1365 0.271486
1.137 0.270577
1.1375 0.269692
1.138 0.268829
1.1385 0.267989
1.139 0.267172
1.1395 0.266376
1.14 0.265604
1.1405 0.264852
1.141 0.264122
1.1415 0.263414
1.142 0.262725
1.1425 0.262058
1.143 0.261411
1.1435 0.260785
1.144 0.260177
1.1445 0.25959
1.145 0.259021
1.1455 0.258472
1.146 0.25794
1.1465 0.257428
1.147 0.256933
1.1475 0.256456
1.148 0.255996
1.1485 0.255553
1.149 0.255128
1.1495 0.254719
1.15 0.254326
1.1505 0.25395
1.151 0.253588
1.1515 0.253243
1.152 0.252913
1.1525 0.252599
1.153 0.252298
1.1535 0.252012
1.154 0.251741
1.1545 0.251483
1.155 0.251238
1.1555 0.251008
1.156 0.25079
1.1565 0.250585
1.157 0.250392
1.1575 0.250212
1.158 0.250045
1.1585 0.249888
1.159 0.249743
1.1595 0.249609
1.16 0.249486
1.1605 0.249373
1.161 0.249271
1.1615 0.24918
1.162 0.249097
1.1625 0.249024
1.163 0.248961
1.1635 0.248907
1.164 0.248861
1.1645 0.248823
1.165 0.248794
1.1655 0.248772
1.166 0.248758
1.1665 0.248751
1.167 0.248752
1.1675 0.248759
1.168 0.248771
1.1685 0.24879
1.169 0.248816
1.1695 0.248846
1.17 0.248881
1.1705 0.248922
1.171 0.248967
1.1715 0.249017
1.172 0.24907
1.1725 0.249128
1.173 0.249188
1.1735 0.249251
1.174 0.249318
1.1745 0.249387
1.175 0.249457
1.1755 0.249531
1.176 0.249604
1.1765 0.24968
1.177 0.249756
1.1775 0.249833
1.178 0.24991
1.1785 0.249987
1.179 0.250065
1.1795 0.25014
1.18 0.250215
1.1805 0.250288
1.181 0.250361
1.1815 0.250429
1.182 0.250497
1.1825 0.250561
1.183 0.250623
1.1835 0.25068
1.184 0.250734
1.1845 0.250784
1.185 0.250831
1.1855 0.250871
1.186 0.250906
1.1865 0.250937
1.187 0.250961
1.1875 0.250978
1.188 0.25099
1.1885 0.250995
1.189 0.250993
1.1895 0.250984
1.19 0.250968
1.1905 0.250946
1.191 0.250917
1.1915 0.250881
1.192 0.250841
1.1925 0.250793
1.193 0.250739
1.1935 0.250679
1.194 0.250614
1.1945 0.250542
1.195 0.250464
1.1955 0.250382
1.196 0.250293
1.1965 0.2502
1.197 0.2501
1.1975 0.249996
1.198 0.249886
1.1985 0.249772
1.199 0.249652
1.1995 0.249528
1.2 0.249399
1.2005 0.249265
1.201 0.249128
1.2015 0.248985
1.202 0.248839
1.2025 0.248689
1.203 0.248533
1.2035 0.248375
1.204 0.248213
1.2045 0.248047
1.205 0.247878
1.2055 0.247705
1.206 0.247529
1.2065 0.247349
1.207 0.247167
1.2075 0.246981
1.208 0.246793
1.2085 0.246602
1.209 0.246409
1.2095 0.246213
1.21 0.246016
1.2105 0.245815
1.211 0.245612
1.2115 0.245409
1.212 0.245203
1.2125 0.244995
1.213 0.244786
1.2135 0.244576
1.214 0.244363
1.2145 0.244151
1.215 0.243937
1.2155 0.243722
1.216 0.243507
1.2165 0.243291
1.217 0.243074
1.2175 0.242858
1.218 0.24264
1.2185 0.242423
1.219 0.242206
1.2195 0.24199
1.22 0.241774
1.2205 0.241558
1.221 0.241343
1.2215 0.241129
1.222 0.240915
1.2225 0.240703
1.223 0.240492
1.2235 0.240282
1.224 0.240074
1.2245 0.239868
1.225 0.239663
1.2255 0.23946
1.226 0.239259
1.2265 0.239061
1.227 0.238864
1.2275 0.238671
1.228 0.23848
1.2285 0.238292
1.229 0.238108
1.2295 0.237926
1.23 0.237747
1.2305 0.237572
1.231 0.2374
1.2315 0.237232
1.232 0.237068
1.2325 0.236908
1.233 0.236752
1.2335 0.236601
1.234 0.236454
1.2345 0.236311
1.235 0.236173
1.2355 0.236041
1.236 0.235914
1.2365 0.235791
1.237 0.235675
1.2375 0.235563
1.238 0.235458
1.2385 0.235358
1.239 0.235265
1.2395 0.235176
1.24 0.235094
1.2405 0.235016
1.241 0.234945
1.2415 0.234879
1.242 0.234817
1.2425 0.234761
1.243 0.23471
1.2435 0.234664
1.244 0.234622
1.2445 0.234585
1.245 0.234553
1.2455 0.234525
1.246 0.234501
1.2465 0.234482
1.247 0.234466
1.2475 0.234454
1.248 0.234447
1.2485 0.234443
1.249 0.234443
1.2495 0.234447
1.25 0.234454
1.2505 0.234464
1.251 0.234477
1.2515 0.234494
1.252 0.234513
1.2525 0.234535
1.253 0.23456
1.2535 0.234589
1.254 0.234619
1.2545 0.234652
1.255 0.234688
1.2555 0.234725
1.256 0.234764
1.2565 0.234806
1.257 0.234848
1.2575 0.234893
1.258 0.23494
1.2585 0.234988
1.259 0.235037
1.2595 0.235088
1.26 0.23514
1.2605 0.235192
1.261 0.235246
1.2615 0.2353
1.262 0.235356
1.2625 0.235411
1.263 0.235467
1.2635 0.235524
1.264 0.23558
1.2645 0.235637
1.265 0.235693
1.2655 0.235749
1.266 0.235805
1.2665 0.235861
1.267 0.235916
1.2675 0.235969
1.268 0.236023
1.2685 0.236075
1.269 0.236127
1.2695 0.236177
1.27 0.236225
1.2705 0.236272
1.271 0.236317
1.2715 0.236361
1.272 0.236403
1.2725 0.236443
1.273 0.236481
1.2735 0.236516
1.274 0.236549
1.2745 0.23658
1.275 0.236608
1.2755 0.236633
1.276 0.236655
1.2765 0.236674
1.277 0.23669
1.2775 0.236703
1.278 0.236712
1.2785 0.236717
1.279 0.236719
1.2795 0.236716
1.28 0.23671
1.2805 0.236699
1.281 0.236686
1.2815 0.236666
1.282 0.236642
1.2825 0.236614
1.283 0.236581
1.2835 0.236543
1.284 0.236499
1.2845 0.236451
1.285 0.236397
1.2855 0.236337
1.286 0.236272
1.2865 0.236201
1.287 0.236124
1.2875 0.236041
1.288 0.235951
1.2885 0.235856
1.289 0.235754
1.2895 0.235646
1.29 0.235532
1.2905 0.235411
1.291 0.235286
1.2915 0.235154
1.292 0.235017
1.2925 0.234874
1.293 0.234726
1.2935 0.234572
1.294 0.234414
1.2945 0.23425
1.295 0.234082
1.2955 0.233908
1.296 0.23373
1.2965 0.233547
1.297 0.23336
1.2975 0.233168
1.298 0.232972
1.2985 0.232771
1.299 0.232567
1.2995 0.232359
1.3 0.232148
1.3005 0.231931
1.301 0.231712
1.3015 0.23149
1.302 0.231263
1.3025 0.231034
1.303 0.230802
1.3035 0.230566
1.304 0.230327
1.3045 0.230086
1.305 0.229843
1.3055 0.229597
1.306 0.229348
1.3065 0.229097
1.307 0.228843
1.3075 0.228588
1.308 0.228331
1.3085 0.228072
1.309 0.227812
1.3095 0.22755
1.31 0.227286
1.3105 0.227021
1.311 0.226754
1.3115 0.226487
1.312 0.226219
1.3125 0.22595
1.313 0.22568
1.3135 0.22541
1.314 0.225139
1.3145 0.224867
1.315 0.224596
1.3155 0.224324
1.316 0.224053
1.3165 0.223781
1.317 0.22351
1.3175 0.223239
1.318 0.222968
1.3185 0.222699
1.319 0.22243
1.3195 0.222162
1.32 0.221895
1.3205 0.221629
1.321 0.221364
1.3215 0.2211
1.322 0.220838
1.3225 0.220577
1.323 0.220318
1.3235 0.220062
1.324 0.219807
1.3245 0.219554
1.325 0.219303
1.3255 0.219054
1.326 0.218808
1.3265 0.218566
1.327 0.218325
1.3275 0.218087
1.328 0.217852
1.3285 0.217621
1.329 0.217392
1.3295 0.217166
1.33 0.216944
1.3305 0.216726
1.331 0.216511
1.3315 0.2163
1.332 0.216093
1.3325 0.215891
1.333 0.215692
1.3335 0.215497
1.334 0.215308
1.3345 0.215122
1.335 0.214941
1.3355 0.214766
1.336 0.214595
1.3365 0.214429
1.337 0.214269
1.3375 0.214113
1.338 0.213962
1.3385 0.213819
1.339 0.213679
1.3395 0.213546
1.34 0.213418
1.3405 0.213295
1.341 0.213177
1.3415 0.213064
1.342 0.212957
1.3425 0.212854
1.343 0.212755
1.3435 0.212662
1.344 0.212573
1.3445 0.212489
1.345 0.212409
1.3455 0.212334
1.346 0.212263
1.3465 0.212196
1.347 0.212133
1.3475 0.212075
1.348 0.212019
1.3485 0.211969
1.349 0.211921
1.3495 0.211878
1.35 0.211838
1.3505 0.211802
1.351 0.211768
1.3515 0.211739
1.352 0.211712
1.3525 0.211689
1.353 0.211669
1.3535 0.211651
1.354 0.211637
1.3545 0.211625
1.355 0.211617
1.3555 0.21161
1.356 0.211607
1.3565 0.211606
1.357 0.211606
1.3575 0.21161
1.358 0.211616
1.3585 0.211623
1.359 0.211633
1.3595 0.211644
1.36 0.211658
1.3605 0.211673
1.361 0.211689
1.3615 0.211708
1.362 0.211728
1.3625 0.211748
1.363 0.211771
1.3635 0.211795
1.364 0.211819
1.3645 0.211845
1.365 0.211871
1.3655 0.211899
1.366 0.211926
1.3665 0.211955
1.367 0.211985
1.3675 0.212014
1.368 0.212044
1.3685 0.212074
1.369 0.212105
1.3695 0.212135
1.37 0.212165
1.3705 0.212196
1.371 0.212226
1.3715 0.212255
1.372 0.212284
1.3725 0.212313
1.373 0.212342
1.3735 0.212369
1.374 0.212395
1.3745 0.212421
1.375 0.212446
1.3755 0.212469
1.376 0.212492
1.3765 0.212512
1.377 0.212532
1.3775 0.21255
1.378 0.212567
1.3785 0.212582
1.379 0.212595
1.3795 0.212605
1.38 0.212615
1.3805 0.212622
1.381 0.212627
1.3815 0.212629
1.382 0.21263
1.3825 0.212627
1.383 0.212622
1.3835 0.212614
1.384 0.212604
1.3845 0.21259
1.385 0.212574
1.3855 0.212555
1.386 0.212532
1.3865 0.212506
1.387 0.212477
1.3875 0.212444
1.388 0.212406
1.3885 0.212366
1.389 0.212322
1.3895 0.212274
1.39 0.212223
1.3905 0.212169
1.391 0.21211
1.3915 0.212049
1.392 0.211984
1.3925 0.211915
1.393 0.211843
1.3935 0.211768
1.394 0.21169
1.3945 0.211608
1.395 0.211523
1.3955 0.211436
1.396 0.211345
1.3965 0.211251
1.397 0.211154
1.3975 0.211054
1.398 0.210951
1.3985 0.210846
1.399 0.210737
1.3995 0.210626
1.4 0.210513
1.4005 0.212237
1.401 0.212537
1.4015 0.212839
1.402 0.213141
1.4025 0.213446
1.403 0.213752
1.4035 0.21406
1.404 0.214368
1.4045 0.214678
1.405 0.214989
1.4055 0.215301
1.406 0.215615
1.4065 0.215928
1.407 0.216244
1.4075 0.216559
1.408 0.216875
1.4085 0.217194
1.409 0.217512
1.4095 0.21783
1.41 0.218148
1.4105 0.218467
1.411 0.218786
1.4115 0.219105
1.412 0.219424
1.4125 0.219743
1.413 0.220062
1.4135 0.220381
1.414 0.220701
1.4145 0.221019
1.415 0.221336
1.4155 0.221653
1.416 0.22197
1.4165 0.222286
1.417 0.222601
1.4175 0.222915
1.418 0.22323
1.4185 0.223542
1.419 0.223853
1.4195 0.224162
1.42 0.22447
1.4205 0.224777
1.421 0.225083
1.4215 0.225387
1.422 0.225689
1.4225 0.225989
1.423 0.226288
1.4235 0.226584
1.424 0.226879
1.4245 0.227171
1.425 0.22746
1.4255 0.227747
1.426 0.228033
1.4265 0.228315
1.427 0.228595
1.4275 0.228872
1.428 0.229147
1.4285 0.229418
1.429 0.229686
1.4295 0.229951
1.43 0.230212
1.4305 0.230471
1.431 0.230725
1.4315 0.230977
1.432 0.231225
1.4325 0.231468
1.433 0.231708
1.4335 0.231943
1.434 0.232176
1.4345 0.232404
1.435 0.232627
1.4355 0.232845
1.436 0.233061
1.4365 0.23327
1.437 0.233475
1.4375 0.233675
1.438 0.23387
1.4385 0.23406
1.439 0.234245
1.4395 0.234424
1.44 0.234599
1.4405 0.234767
1.441 0.234929
1.4415 0.235086
1.442 0.235236
1.4425 0.235378
1.443 0.235515
1.4435 0.235646
1.444 0.23577
1.4445 0.235886
1.445 0.235995
1.4455 0.236096
1.446 0.23619
1.4465 0.236275
1.447 0.236354
1.4475 0.236423
1.448 0.236485
1.4485 0.236539
1.449 0.236583
1.4495 0.236619
1.45 0.236646
1.4505 0.236663
1.451 0.236671
1.4515 0.236671
1.452 0.236662
1.4525 0.236644
1.453 0.23662
1.4535 0.236586
1.454 0.236544
1.4545 0.236495
1.455 0.236437
1.4555 0.236374
1.456 0.236303
1.4565 0.236225
1.457 0.23614
1.4575 0.236049
1.458 0.235952
1.4585 0.235848
1.459 0.235739
1.4595 0.235624
1.46 0.235505
1.4605 0.235378
1.461 0.235248
1.4615 0.235113
1.462 0.234972
1.4625 0.234828
1.463 0.23468
1.4635 0.234527
1.464 0.23437
1.4645 0.23421
1.465 0.234046
1.4655 0.23388
1.466 0.23371
1.4665 0.233538
1.467 0.233364
1.4675 0.233186
1.468 0.233008
1.4685 0.232826
1.469 0.232645
1.4695 0.23246
1.47 0.232274
1.4705 0.232089
1.471 0.231902
1.4715 0.231715
1.472 0.231527
1.4725 0.231338
1.473 0.231151
1.4735 0.230963
1.474 0.230778
1.4745 0.230592
1.475 0.230407
1.4755 0.230223
1.476 0.230041
1.4765 0.229861
1.477 0.229683
1.4775 0.229507
1.478 0.229334
1.4785 0.229163
1.479 0.228995
1.4795 0.22883
1.48 0.228669
1.4805 0.228511
1.481 0.228357
1.4815 0.228207
1.482 0.228061
1.4825 0.227921
1.483 0.227784
1.4835 0.227653
1.484 0.227528
1.4845 0.227408
1.485 0.227294
1.4855 0.227185
1.486 0.227083
1.4865 0.226987
1.487 0.226899
1.4875 0.226817
1.488 0.226743
1.4885 0.226676
1.489 0.226617
1.4895 0.226566
1.49 0.226523
1.4905 0.226489
1.491 0.226464
1.4915 0.226448
1.492 0.226441
1.4925 0.226443
1.493 0.226457
1.4935 0.22648
1.494 0.226513
1.4945 0.226557
1.495 0.226613
1.4955 0.226679
1.496 0.226758
1.4965 0.226847
1.497 0.22695
1.4975 0.227065
1.498 0.227193
1.4985 0.227333
1.499 0.227487
1.4995 0.227654
1.5 0.227835
1.5005 0.22803
1.501 0.228239
1.5015 0.228462
1.502 0.228698
1.5025 0.228949
1.503 0.229214
1.5035 0.229491
1.504 0.229781
1.5045 0.230087
1.505 0.230405
1.5055 0.230734
1.506 0.23108
1.5065 0.231436
1.507 0.231807
1.5075 0.232188
1.508 0.232582
1.5085 0.232992
1.509 0.233411
1.5095 0.233843
1.51 0.234288
1.5105 0.234745
1.511 0.235214
1.5115 0.235695
1.512 0.236187
1.5125 0.236692
1.513 0.237207
1.5135 0.237734
1.514 0.238274
1.5145 0.238824
1.515 0.239385
1.5155 0.239958
1.516 0.240541
1.5165 0.241136
1.517 0.24174
1.5175 0.242357
1.518 0.242983
1.5185 0.243618
1.519 0.244267
1.5195 0.244923
1.52 0.245592
1.5205 0.246268
1.521 0.246954
1.5215 0.247653
1.522 0.248358
1.5225 0.249075
1.523 0.2498
1.5235 0.250536
1.524 0.251279
1.5245 0.252032
1.525 0.252795
1.5255 0.253565
1.526 0.254346
1.5265 0.255133
1.527 0.25593
1.5275 0.256735
1.528 0.257548
1.5285 0.25837
1.529 0.2592
1.5295 0.260038
1.53 0.260882
1.5305 0.261736
1.531 0.262596
1.5315 0.263464
1.532 0.264339
1.5325 0.265222
1.533 0.266111
1.5335 0.267008
1.534 0.26791
1.5345 0.26882
1.535 0.269738
1.5355 0.27066
1.536 0.271589
1.5365 0.272525
1.537 0.273467
1.5375 0.274414
1.538 0.275367
1.5385 0.276327
1.539 0.277291
1.5395 0.278261
1.54 0.279237
1.5405 0.280217
1.541 0.281203
1.5415 0.282192
1.542 0.283188
1.5425 0.284187
1.543 0.285192
1.5435 0.286199
1.544 0.287212
1.5445 0.288228
1.545 0.289248
1.5455 0.290272
1.546 0.291299
1.5465 0.292329
1.547 0.293364
1.5475 0.2944
1.548 0.29544
1.5485 0.296482
1.549 0.297528
1.5495 0.298575
1.55 0.299626
1.5505 0.300677
1.551 0.301732
1.5515 0.302788
1.552 0.303845
1.5525 0.304907
1.553 0.305967
1.5535 0.307031
1.554 0.308095
1.5545 0.309162
1.555 0.310229
1.5555 0.311297
1.556 0.312367
1.5565 0.313437
1.557 0.314509
1.5575 0.315581
1.558 0.316655
1.5585 0.317728
1.559 0.318803
1.5595 0.319877
1.56 0.320953
1.5605 0.322028
1.561 0.323104
1.5615 0.324178
1.562 0.325254
1.5625 0.32633
1.563 0.327404
1.5635 0.328478
1.564 0.329552
1.5645 0.330626
1.565 0.331699
1.5655 0.33277
1.566 0.333841
1.5665 0.334912
1.567 0.335981
1.5675 0.337049
1.568 0.338116
1.5685 0.339181
1.569 0.340245
1.5695 0.341307
1.57 0.342367
1.5705 0.343426
1.571 0.344482
1.5715 0.345538
1.572 0.346589
1.5725 0.34764
1.573 0.348689
1.5735 0.349733
1.574 0.350777
1.5745 0.351817
1.575 0.352855
1.5755 0.353891
1.576 0.354921
1.5765 0.35595
1.577 0.356976
1.5775 0.357999
1.578 0.359018
1.5785 0.360033
1.579 0.361046
1.5795 0.362053
1.58 0.363058
1.5805 0.364058
1.581 0.365055
1.5815 0.366047
1.582 0.367034
1.5825 0.368019
1.583 0.368999
1.5835 0.369972
1.584 0.370943
1.5845 0.371908
1.585 0.372868
1.5855 0.373824
1.586 0.374774
1.5865 0.375718
1.587 0.376659
1.5875 0.377592
1.588 0.378522
1.5885 0.379444
1.589 0.380361
1.5895 0.381272
1.59 0.382175
1.5905 0.383074
1.591 0.383965
1.5915 0.384848
1.592 0.385723
1.5925 0.386591
1.593 0.387451
1.5935 0.388302
1.594 0.389146
1.5945 0.389979
1.595 0.390805
1.5955 0.391619
1.596 0.392425
1.5965 0.393221
1.597 0.394006
1.5975 0.394781
1.598 0.395546
1.5985 0.396298
1.599 0.397041
1.5995 0.397772
1.6 0.398489
1.6005 0.399195
1.601 0.39989
1.6015 0.400571
1.602 0.401241
1.6025 0.401898
1.603 0.402542
1.6035 0.403175
1.604 0.403795
1.6045 0.404402
1.605 0.404997
1.6055 0.405579
1.606 0.40615
1.6065 0.406706
1.607 0.407252
1.6075 0.407783
1.608 0.408302
1.6085 0.40881
1.609 0.409303
1.6095 0.409784
1.61 0.410253
1.6105 0.410708
1.611 0.411151
1.6115 0.411581
1.612 0.411997
1.6125 0.412401
1.613 0.412793
1.6135 0.41317
1.614 0.413535
1.6145 0.413888
1.615 0.414226
1.6155 0.414552
1.616 0.414864
1.6165 0.415164
1.617 0.41545
1.6175 0.415723
1.618 0.415984
1.6185 0.41623
1.619 0.416464
1.6195 0.416684
1.62 0.416891
1.6205 0.417085
1.621 0.417267
1.6215 0.417433
1.622 0.417588
1.6225 0.417728
1.623 0.417856
1.6235 0.41797
1.624 0.418071
1.6245 0.418159
1.625 0.418233
1.6255 0.418294
1.626 0.418343
1.6265 0.418376
1.627 0.418398
1.6275 0.418407
1.628 0.418402
1.6285 0.418383
1.629 0.418352
1.6295 0.418308
1.63 0.418249
1.6305 0.41818
1.631 0.418096
1.6315 0.417999
1.632 0.417888
1.6325 0.417766
1.633 0.417631
1.6335 0.417481
1.634 0.41732
1.6345 0.417147
1.635 0.41696
1.6355 0.416759
1.636 0.416547
1.6365 0.416323
1.637 0.416085
1.6375 0.415835
1.638 0.415573
1.6385 0.415299
1.639 0.415012
1.6395 0.414715
1.64 0.414407
1.6405 0.414089
1.641 0.41376
1.6415 0.413423
1.642 0.413077
1.6425 0.412723
1.643 0.412359
1.6435 0.41199
1.644 0.411614
1.6445 0.411232
1.645 0.410844
1.6455 0.410451
1.646 0.410053
1.6465 0.409651
1.647 0.409245
1.6475 0.408836
1.648 0.408425
1.6485 0.40801
1.649 0.407595
1.6495 0.407179
1.65 0.406762
1.6505 0.406344
1.651 0.405927
1.6515 0.405509
1.652 0.405092
1.6525 0.404673
1.653 0.404254
1.6535 0.403837
1.654 0.403419
1.6545 0.403
1.655 0.402582
1.6555 0.402164
1.656 0.401746
1.6565 0.401327
1.657 0.400909
1.6575 0.400491
1.658 0.400074
1.6585 0.399654
1.659 0.399236
1.6595 0.398818
1.66 0.398399
1.6605 0.397981
1.661 0.397562
1.6615 0.397143
1.662 0.396724
1.6625 0.396303
1.663 0.395884
1.6635 0.395464
1.664 0.395043
1.6645 0.394622
1.665 0.3942
1.6655 0.393777
1.666 0.393355
1.6665 0.39293
1.667 0.392505
1.6675 0.392079
1.668 0.391652
1.6685 0.391225
1.669 0.390794
1.6695 0.390364
1.67 0.389932
1.6705 0.389499
1.671 0.389064
1.6715 0.388626
1.672 0.388188
1.6725 0.387746
1.673 0.387304
1.6735 0.386857
1.674 0.38641
1.6745 0.38596
1.675 0.385507
1.6755 0.385052
1.676 0.384592
1.6765 0.38413
1.677 0.383664
1.6775 0.383196
1.678 0.382722
1.6785 0.382246
1.679 0.381767
1.6795 0.381283
1.68 0.380794
1.6805 0.3803
1.681 0.379802
1.6815 0.379299
1.682 0.378792
1.6825 0.378277
1.683 0.37776
1.6835 0.377235
1.684 0.376706
1.6845 0.376169
1.685 0.375627
1.6855 0.375078
1.686 0.374522
1.6865 0.373959
1.687 0.37339
1.6875 0.372812
1.688 0.372227
1.6885 0.371634
1.689 0.371033
1.6895 0.370424
1.69 0.369803
1.6905 0.369174
1.691 0.368534
1.6915 0.367882
1.692 0.367219
1.6925 0.366543
1.693 0.365855
1.6935 0.365152
1.694 0.364436
1.6945 0.363706
1.695 0.36296
1.6955 0.362198
1.696 0.36142
1.6965 0.360626
1.697 0.359814
1.6975 0.358984
1.698 0.358136
1.6985 0.357269
1.699 0.356383
1.6995 0.355477
1.7 0.354549
1.7005 0.353601
1.701 0.352633
1.7015 0.351644
1.702 0.350635
1.7025 0.349603
1.703 0.348554
1.7035 0.347485
1.704 0.346396
1.7045 0.345289
1.705 0.344161
1.7055 0.343016
1.706 0.341851
1.7065 0.340669
1.707 0.339469
1.7075 0.338251
1.708 0.337014
1.7085 0.335763
1.709 0.334493
1.7095 0.333333
1.71 0.333333
1.7105 0.333333
1.711 0.333333
1.7115 0.333333
1.712 0.333333
1.7125 0.333333
1.713 0.333333
1.7135 0.333333
1.714 0.333333
1.7145 0.333333
1.715 0.333333
1.7155 0.333333
1.716 0.333333
1.7165 0.333333
1.717 0.333333
1.7175 0.333333
1.718 0.333333
1.7185 0.333333
1.719 0.333333
1.7195 0.333333
1.72 0.333333
1.7205 0.333333
1.721 0.333333
1.7215 0.333333
1.722 0.333333
1.7225 0.333333
1.723 0.333333
1.7235 0.333333
1.724 0.333333
1.7245 0.333333
1.725 0.333333
1.7255 0.333333
1.726 0.333333
1.7265 0.333333
1.727 0.333333
1.7275 0.333333
1.728 0.333333
1.7285 0.333333
1.729 0.333333
1.7295 0.333333
1.73 0.333333
1.7305 0.333333
1.731 0.333333
1.7315 0.333333
1.732 0.333333
1.7325 0.333333
1.733 0.333333
1.7335 0.333333
1.734 0.333333
1.7345 0.333333
1.735 0.333333
1.7355 0.333333
1.736 0.333333
1.7365 0.333333
1.737 0.333333
1.7375 0.333333
1.738 0.333333
1.7385 0.333333
1.739 0.333333
1.7395 0.333333
1.74 0.333333
1.7405 0.333333
1.741 0.333333
1.7415 0.333333
1.742 0.333333
1.7425 0.333333
1.743 0.333333
1.7435 0.333333
1.744 0.333333
1.7445 0.333333
1.745 0.333333
1.7455 0.333333
1.746 0.333333
1.7465 0.333333
1.747 0.333333
1.7475 0.333333
1.748 0.333333
1.7485 0.333333
1.749 0.333333
1.7495 0.333333
1.75 0.333333
1.7505 0.333333
1.751 0.333333
1.7515 0.333333
1.752 0.333333
1.7525 0.333333
1.753 0.333333
1.7535 0.333333
1.754 0.333333
1.7545 0.333333
1.755 0.333333
1.7555 0.333333
1.756 0.333333
1.7565 0.333333
1.757 0.333333
1.7575 0.333333
1.758 0.333333
1.7585 0.333333
1.759 0.333333
1.7595 0.333333
1.76 0.333333
1.7605 0.333333
1.761 0.333333
1.7615 0.333333
1.762 0.333333
1.7625 0.333333
1.763 0.333333
1.7635 0.333333
1.764 0.333333
1.7645 0.333333
1.765 0.333333
1.7655 0.333333
1.766 0.333333
1.7665 0.333333
1.767 0.333333
1.7675 0.333333
1.768 0.333333
1.7685 0.333333
1.769 0.333333
1.7695 0.333333
1.77 0.333333
1.7705 0.333333
1.771 0.333333
1.7715 0.333333
1.772 0.333333
1.7725 0.333333
1.773 0.333333
1.7735 0.333333
1.774 0.333333
1.7745 0.333333
1.775 0.333333
1.7755 0.333333
1.776 0.333333
1.7765 0.333333
1.777 0.333333
1.7775 0.333333
1.778 0.333333
1.7785 0.333333
1.779 0.333333
1.7795 0.333333
1.78 0.333333
1.7805 0.333333
1.781 0.333333
1.7815 0.333333
1.782 0.333333
1.7825 0.333333
1.783 0.333333
1.7835 0.333333
1.784 0.333333
1.7845 0.333333
1.785 0.333333
1.7855 0.333333
1.786 0.333333
1.7865 0.333333
1.787 0.333333
1.7875 0.333333
1.788 0.333333
1.7885 0.333333
1.789 0.333333
1.7895 0.333333
1.79 0.333333
1.7905 0.333333
1.791 0.333333
1.7915 0.333333
1.792 0.333333
1.7925 0.333333
1.793 0.333333
1.7935 0.333333
1.794 0.333333
1.7945 0.333333
1.795 0.333333
1.7955 0.333333
1.796 0.333333
1.7965 0.333333
1.797 0.333333
1.7975 0.333333
1.798 0.333333
1.7985 0.333333
1.799 0.333333
1.7995 0.333333
1.8 0.333333
1.8005 0.333333
1.801 0.333333
1.8015 0.333333
1.802 0.333333
1.8025 0.333333
1.803 0.333333
1.8035 0.333333
1.804 0.333333
1.8045 0.333333
1.805 0.333333
1.8055 0.333333
1.806 0.333333
1.8065 0.333333
1.807 0.333333
1.8075 0.333333
1.808 0.333333
1.8085 0.333333
1.809 0.333333
1.8095 0.333333
1.81 0.333333
1.8105 0.333333
1.811 0.333333
1.8115 0.333333
1.812 0.333333
1.8125 0.333333
1.813 0.333333
1.8135 0.333333
1.814 0.333333
1.8145 0.333333
1.815 0.333333
1.8155 0.333333
1.816 0.333333
1.8165 0.333333
1.817 0.333333
1.8175 0.333333
1.818 0.333333
1.8185 0.333333
1.819 0.333333
1.8195 0.333333
1.82 0.333333
1.8205 0.333333
1.821 0.333333
1.8215 0.333333
1.822 0.333333
1.8225 0.333333
1.823 0.333333
1.8235 0.333333
1.824 0.333333
1.8245 0.333333
1.825 0.333333
1.8255 0.333333
1.826 0.333333
1.8265 0.333333
1.827 0.333333
1.8275 0.333333
1.828 0.333333
1.8285 0.333333
1.829 0.333333
1.8295 0.333333
1.83 0.333333
1.8305 0.333333
1.831 0.333333
1.8315 0.333333
1.832 0.333333
1.8325 0.333333
1.833 0.333333
1.8335 0.333333
1.834 0.333333
1.8345 0.333333
1.835 0.333333
1.8355 0.333333
1.836 0.333333
1.8365 0.333333
1.837 0.333333
1.8375 0.333333
1.838 0.333333
1.8385 0.333333
1.839 0.333333
1.8395 0.333333
1.84 0.333333
1.8405 0.333333
1.841 0.333333
1.8415 0.333333
1.842 0.333333
1.8425 0.333333
1.843 0.333333
1.8435 0.333333
1.844 0.333333
1.8445 0.333333
1.845 0.333333
1.8455 0.333333
1.846 0.333333
1.8465 0.333333
1.847 0.333333
1.8475 0.333333
1.848 0.333333
1.8485 0.333333
1.849 0.333333
1.8495 0.333333
1.85 0.333333
1.8505 0.333333
1.851 0.333333
1.8515 0.333333
1.852 0.333333
1.8525 0.333333
1.853 0.333333
1.8535 0.333333
1.854 0.333333
1.8545 0.333333
1.855 0.333333
1.8555 0.333333
1.856 0.333333
1.8565 0.333333
1.857 0.333333
1.8575 0.333333
1.858 0.333333
1.8585 0.333333
1.859 0.333333
1.8595 0.333333
1.86 0.333333
1.8605 0.333333
1.861 0.333333
1.8615 0.333333
1.862 0.333333
1.8625 0.333333
1.863 0.333333
1.8635 0.333333
1.864 0.333333
1.8645 0.333333
1.865 0.333333
1.8655 0.333333
1.866 0.333333
1.8665 0.333333
1.867 0.333333
1.8675 0.333333
1.868 0.333333
1.8685 0.333333
1.869 0.333333
1.8695 0.333333
1.87 0.333333
1.8705 0.333333
1.871 0.333333
1.8715 0.333333
1.872 0.333333
1.8725 0.333333
1.873 0.333333
1.8735 0.333333
1.874 0.333333
1.8745 0.333333
1.875 0.333333
1.8755 0.333333
1.876 0.333333
1.8765 0.333333
1.877 0.333333
1.8775 0.333333
1.878 0.333333
1.8785 0.333333
1.879 0.333333
1.8795 0.333333
1.88 0.333333
1.8805 0.333333
1.881 0.333333
1.8815 0.333333
1.882 0.333333
1.8825 0.333333
1.883 0.333333
1.8835 0.333333
1.884 0.333333
1.8845 0.333333
1.885 0.333333
1.8855 0.333333
1.886 0.333333
1.8865 0.333333
1.887 0.333333
1.8875 0.333333
1.888 0.333333
1.8885 0.333333
1.889 0.333333
1.8895 0.333333
1.89 0.333333
1.8905 0.333333
1.891 0.333333
1.8915 0.333333
1.892 0.333333
1.8925 0.333333
1.893 0.333333
1.8935 0.333333
1.894 0.333333
1.8945 0.333333
1.895 0.333333
1.8955 0.333333
1.896 0.333333
1.8965 0.333333
1.897 0.333333
1.8975 0.333333
1.898 0.333333
1.8985 0.333333
1.899 0.333333
1.8995 0.333333
1.9 0.333333
1.9005 0.333333
1.901 0.333333
1.9015 0.333333
1.902 0.333333
1.9025 0.333333
1.903 0.333333
1.9035 0.333333
1.904 0.333333
1.9045 0.333333
1.905 0.333333
1.9055 0.333333
1.906 0.333333
1.9065 0.333333
1.907 0.333333
1.9075 0.333333
1.908 0.333333
1.9085 0.333333
1.909 0.333333
1.9095 0.333333
1.91 0.333333
1.9105 0.333333
1.911 0.333333
1.9115 0.333333
1.912 0.333333
1.9125 0.333333
1.913 0.333333
1.9135 0.333333
1.914 0.333333
1.9145 0.333333
1.915 0.333333
1.9155 0.333333
1.916 0.333333
1.9165 0.333333
1.917 0.333333
1.9175 0.333333
1.918 0.333333
1.9185 0.333333
1.919 0.333333
1.9195 0.333333
1.92 0.333333
1.9205 0.333333
1.921 0.333333
1.9215 0.333333
1.922 0.333333
1.9225 0.333333
1.923 0.333333
1.9235 0.333333
1.924 0.333333
1.9245 0.333333
1.925 0.333333
1.9255 0.333333
1.926 0.333333
1.9265 0.333333
1.927 0.333333
1.9275 0.333333
1.928 0.333333
1.9285 0.333333
1.929 0.333333
1.9295 0.333333
1.93 0.333333
1.9305 0.333333
1.931 0.333333
1.9315 0.333333
1.932 0.333333
1.9325 0.333333
1.933 0.333333
1.9335 0.333333
1.934 0.333333
1.9345 0.333333
1.935 0.333333
1.9355 0.333333
1.936 0.333333
1.9365 0.333333
1.937 0.333333
1.9375 0.333333
1.938 0.333333
1.9385 0.333333
1.939 0.333333
1.9395 0.333333
1.94 0.333333
1.9405 0.333333
1.941 0.333333
1.9415 0.333333
1.942 0.333333
1.9425 0.333333
1.943 0.333333
1.9435 0.333333
1.944 0.333333
1.9445 0.333333
1.945 0.333333
1.9455 0.333333
1.946 0.333333
1.9465 0.333333
1.947 0.333333
1.9475 0.333333
1.948 0.333333
1.9485 0.333333
1.949 0.333333
1.9495 0.333333
1.95 0.333333
1.9505 0.333333
1.951 0.333333
1.9515 0.333333
1.952 0.333333
1.9525 0.333333
1.953 0.333333
1.9535 0.333333
1.954 0.333333
1.9545 0.333333
1.955 0.333333
1.9555 0.333333
1.956 0.333333
1.9565 0.333333
1.957 0.333333
1.9575 0.333333
1.958 0.333333
1.9585 0.333333
1.959 0.333333
1.9595 0.333333
1.96 0.333333
1.9605 0.333333
1.961 0.333333
1.9615 0.333333
1.962 0.333333
1.9625 0.333333
1.963 0.333333
1.9635 0.333333
1.964 0.333333
1.9645 0.333333
1.965 0.333333
1.9655 0.333333
1.966 0.333333
1.9665 0.333333
1.967 0.333333
1.9675 0.333333
1.968 0.333333
1.9685 0.333333
1.969 0.333333
1.9695 0.333333
1.97 0.333333
1.9705 0.333333
1.971 0.333333
1.9715 0.333333
1.972 0.333333
1.9725 0.333333
1.973 0.333333
1.9735 0.333333
1.974 0.333333
1.9745 0.333333
1.975 0.333333
1.9755 0.333333
1.976 0.333333
1.9765 0.333333
1.977 0.333333
1.9775 0.333333
1.978 0.333333
1.9785 0.333333
1.979 0.333333
1.9795 0.333333
1.98 0.333333
1.9805 0.333333
1.981 0.333333
1.9815 0.333333
1.982 0.333333
1.9825 0.333333
1.983 0.333333
1.9835 0.333333
1.984 0.333333
1.9845 0.333333
1.985 0.333333
1.9855 0.333333
1.986 0.333333
1.9865 0.333333
1.987 0.333333
1.9875 0.333333
1.988 0.333333
1.9885 0.333333
1.989 0.333333
1.9895 0.333333
1.99 0.333333
1.9905 0.333333
1.991 0.333333
1.9915 0.333333
1.992 0.333333
1.9925 0.333333
1.993 0.333333
1.9935 0.333333
1.994 0.333333
1.9945 0.333333
1.995 0.333333
1.9955 0.333333
1.996 0.333333
1.9965 0.333333
1.997 0.333333
1.9975 0.333333
1.998 0.333333
1.9985 0.333333
1.999 0.333333
1.9995 0.333333
2 0.333333
