0.1355 0
0.136 0
0.1365 0
0.137 0
0.1375 0
0.138 0
0.1385 0
0.139 0
0.1395 0
0.14 0
0.1405 0
0.141 0
0.1415 0
0.142 0
0.1425 0
0.143 0
0.1435 0
0.144 0
0.1445 0
0.145 0
0.1455 0
0.146 0
0.1465 0
0.147 0
0.1475 0
0.148 0
0.1485 0
0.149 0
0.1495 0
0.15 0
0.1505 0
0.151 0
0.1515 0
0.152 0
0.1525 0
0.153 0
0.1535 0
0.154 0
0.1545 0
0.155 0
0.1555 0
0.156 0
0.1565 0
0.157 0
0.1575 0
0.158 0
0.1585 0
0.159 0
0.1595 0
0.16 0
0.1605 0
0.161 0
0.1615 0
0.162 0
0.1625 0
0.163 0
0.1635 0
0.164 0
0.1645 0
0.165 0
0.1655 0
0.166 0
0.1665 0
0.167 0
0.1675 0
0.168 0
0.1685 0
0.169 0
0.1695 0
0.17 0
0.1705 0
0.171 0
0.1715 0
0.172 0
0.1725 0
0.173 0
0.1735 0
0.174 0
0.1745 0
0.175 0
0.1755 0
0.176 0
0.1765 0
0.177 0
0.1775 0
0.178 0
0.1785 0
0.179 0
0.1795 0
0.18 0
0.1805 0
0.181 0
0.1815 0
0.182 0
0.1825 0
0.183 0
0.1835 0
0.184 0
0.1845 0
0.185 0
0.1855 0
0.186 0
0.1865 0
0.187 0
0.1875 0
0.188 0
0.1885 0
0.189 0
0.1895 0
0.19 0
0.1905 0
0.191 0
0.1915 0
0.192 0
0.1925 0
0.193 0
0.1935 0
0.194 0
0.1945 0
0.195 0
0.1955 0
0.196 0
0.1965 0
0.197 0
0.1975 0
0.198 0
0.1985 0
0.199 0
0.1995 0
0.2 0
0.2005 0
0.201 0
0.2015 0
0.202 0
0.2025 0
0.203 0
0.2035 0
0.204 0
0.2045 0
0.205 0
0.2055 0
0.206 0
0.2065 0
0.207 0
0.2075 0
0.208 0
0.2085 0
0.209 0
0.2095 0
0.21 0
0.2105 0
0.211 0
0.2115 0
0.212 0
0.2125 0
0.213 0
0.2135 0
0.214 0
0.2145 0
0.215 0
0.2155 0
0.216 0
0.2165 0
0.217 0
0.2175 0
0.218 0
0.2185 0
0.219 0
0.2195 0
0.22 0
0.2205 0
0.221 0
0.2215 0
0.222 0
0.2225 0
0.223 0
0.2235 0
0.224 0
0.2245 0
0.225 0
0.2255 0
0.226 0
0.2265 0
0.227 0
0.2275 0
0.228 0
0.2285 0
0.229 0
0.2295 0
0.23 0
0.2305 0
0.231 0
0.2315 0
0.232 0
0.2325 0
0.233 0
0.2335 0
0.234 0
0.2345 0
0.235 0
0.2355 0
0.236 0
0.2365 0
0.237 0
0.2375 0
0.238 0
0.2385 0
0.239 0
0.2395 0
0.24 0
0.2405 0
0.241 0
0.2415 0
0.242 0
0.2425 0
0.243 0
0.2435 0
0.244 0
0.2445 0
0.245 0
0.2455 0
0.246 0
0.2465 0
0.247 0
0.2475 0
0.248 0
0.2485 0
0.249 0
0.2495 0
0.25 0
0.2505 0
0.251 0
0.2515 0
0.252 0
0.2525 0
0.253 0
0.2535 0
0.254 0
0.2545 0
0.255 0
0.2555 0
0.256 0
0.2565 0
0.257 0
0.2575 0
0.258 0
0.2585 0
0.259 0
0.2595 0
0.26 0
0.2605 0
0.261 0
0.2615 0
0.262 0
0.2625 0
0.263 0
0.2635 0
0.264 0
0.2645 0
0.265 0
0.2655 0
0.266 0
0.2665 0
0.267 0
0.2675 0
0.268 0
0.2685 0
0.269 0
0.2695 0
0.27 0
0.2705 0
0.271 0
0.2715 0
0.272 0
0.2725 0
0.273 0
0.2735 0
0.274 0
0.2745 0
0.275 0
0.2755 0
0.276 0
0.2765 0
0.277 0
0.2775 0
0.278 0
0.2785 0
0.279 0
0.2795 0
0.28 1.0899e-17
0.2805 6.90454e-05
0.281 0.000195228
0.2815 0.000358536
0.282 0.000551805
0.2825 0.000770882
0.283 0.00101295
0.2835 0.00127594
0.284 0.00155822
0.2845 0.00185851
0.285 0.00217569
0.2855 0.00250886
0.286 0.00285721
0.2865 0.00322003
0.287 0.00359671
0.2875 0.00398668
0.288 0.00438944
0.2885 0.00480453
0.289 0.00523151
0.2895 0.00567001
0.29 0.00611965
0.2905 0.0065801
0.291 0.00705105
0.2915 0.00753219
0.292 0.00802325
0.2925 0.00852397
0.293 0.00903409
0.2935 0.00955338
0.294 0.0100816
0.2945 0.0106186
0.295 0.011164
0.2955 0.0117178
0.296 0.0122798
0.2965 0.0128497
0.297 0.0134273
0.2975 0.0140126
0.298 0.0146053
0.2985 0.0152053
0.299 0.0158125
0.2995 0.0164267
0.3 0.0170477
0.3005 0.0176754
0.301 0.0183097
0.3015 0.0189505
0.302 0.0195976
0.3025 0.0202509
0.303 0.0209103
0.3035 0.0215756
0.304 0.0222469
0.3045 0.0229239
0.305 0.0236065
0.3055 0.0242947
0.306 0.0249883
0.3065 0.0256873
0.307 0.0263915
0.3075 0.0271008
0.308 0.0278153
0.3085 0.0285347
0.309 0.029259
0.3095 0.029988
0.31 0.0307218
0.3105 0.0314603
0.311 0.0322033
0.3115 0.0329507
0.312 0.0337026
0.3125 0.0344587
0.313 0.0352191
0.3135 0.0359837
0.314 0.0367524
0.3145 0.0375252
0.315 0.0383019
0.3155 0.0390825
0.316 0.0398669
0.3165 0.0406551
0.317 0.041447
0.3175 0.0422426
0.318 0.0430417
0.3185 0.0438444
0.319 0.0446505
0.3195 0.0454601
0.32 0.046273
0.3205 0.0470892
0.321 0.0479086
0.3215 0.0487313
0.322 0.0495571
0.3225 0.050386
0.323 0.0512179
0.3235 0.0520529
0.324 0.0528907
0.3245 0.0537315
0.325 0.0545752
0.3255 0.0554216
0.326 0.0562708
0.3265 0.0571228
0.327 0.0579774
0.3275 0.0588347
0.328 0.0596945
0.3285 0.0605569
0.329 0.0614219
0.3295 0.0622893
0.33 0.0631592
0.3305 0.0640314
0.331 0.0649061
0.3315 0.0657831
0.332 0.0666624
0.3325 0.0675439
0.333 0.0684277
0.3335 0.0693137
0.334 0.0702018
0.3345 0.0710921
0.335 0.0719845
0.3355 0.072879
0.336 0.0737756
0.3365 0.0746741
0.337 0.0755747
0.3375 0.0764772
0.338 0.0773816
0.3385 0.078288
0.339 0.0791962
0.3395 0.0801064
0.34 0.0810183
0.3405 0.0819321
0.341 0.0828477
0.3415 0.083765
0.342 0.0846841
0.3425 0.0856049
0.343 0.0865274
0.3435 0.0874516
0.344 0.0883775
0.3445 0.089305
0.345 0.0902341
0.3455 0.0911649
0.346 0.0920972
0.3465 0.0930312
0.347 0.0939666
0.3475 0.0949037
0.348 0.0958422
0.3485 0.0967823
0.349 0.0977238
0.3495 0.0986669
0.35 0.0996114
0.3505 0.100557
0.351 0.101505
0.3515 0.102454
0.352 0.103404
0.3525 0.104356
0.353 0.105309
0.3535 0.106263
0.354 0.107219
0.3545 0.108176
0.355 0.109135
0.3555 0.110094
0.356 0.111056
0.3565 0.112018
0.357 0.112982
0.3575 0.113947
0.358 0.114914
0.3585 0.115882
0.359 0.116851
0.3595 0.117821
0.36 0.118793
0.3605 0.119766
0.361 0.12074
0.3615 0.121716
0.362 0.122693
0.3625 0.123671
0.363 0.12465
0.3635 0.125631
0.364 0.126612
0.3645 0.127596
0.365 0.12858
0.3655 0.129566
0.366 0.130553
0.3665 0.131541
0.367 0.13253
0.3675 0.133521
0.368 0.134513
0.3685 0.135506
0.369 0.1365
0.3695 0.137496
0.37 0.138493
0.3705 0.139491
0.371 0.140491
0.3715 0.141492
0.372 0.142494
0.3725 0.143497
0.373 0.144502
0.3735 0.145508
0.374 0.146515
0.3745 0.147524
0.375 0.148534
0.3755 0.149545
0.376 0.150557
0.3765 0.151571
0.377 0.152586
0.3775 0.153603
0.378 0.154621
0.3785 0.15564
0.379 0.156661
0.3795 0.157683
0.38 0.158706
0.3805 0.159731
0.381 0.160757
0.3815 0.161785
0.382 0.162814
0.3825 0.163844
0.383 0.164876
0.3835 0.165909
0.384 0.166944
0.3845 0.16798
0.385 0.169018
0.3855 0.170057
0.386 0.171098
0.3865 0.172141
0.387 0.173184
0.3875 0.17423
0.388 0.175277
0.3885 0.176326
0.389 0.177376
0.3895 0.178427
0.39 0.179481
0.3905 0.180536
0.391 0.181593
0.3915 0.182651
0.392 0.183711
0.3925 0.184773
0.393 0.185837
0.3935 0.186902
0.394 0.187969
0.3945 0.189038
0.395 0.190108
0.3955 0.191181
0.396 0.192255
0.3965 0.193331
0.397 0.194409
0.3975 0.195489
0.398 0.196571
0.3985 0.197654
0.399 0.19874
0.3995 0.199828
0.4 0.200917
0.4005 0.202009
0.401 0.203102
0.4015 0.204198
0.402 0.205296
0.4025 0.206396
0.403 0.207498
0.4035 0.208602
0.404 0.209708
0.4045 0.210816
0.405 0.211927
0.4055 0.21304
0.406 0.214155
0.4065 0.215273
0.407 0.216392
0.4075 0.217514
0.408 0.218639
0.4085 0.219766
0.409 0.220895
0.4095 0.222026
0.41 0.22316
0.4105 0.224297
0.411 0.225436
0.4115 0.226578
0.412 0.227722
0.4125 0.228869
0.413 0.230018
0.4135 0.23117
0.414 0.232325
0.4145 0.233483
0.415 0.234643
0.4155 0.235806
0.416 0.236971
0.4165 0.23814
0.417 0.239312
0.4175 0.240486
0.418 0.241663
0.4185 0.242843
0.419 0.244026
0.4195 0.245213
0.42 0.246402
0.4205 0.247594
0.421 0.24879
0.4215 0.249988
0.422 0.25119
0.4225 0.252395
0.423 0.253603
0.4235 0.254814
0.424 0.256029
0.4245 0.257247
0.425 0.258469
0.4255 0.259694
0.426 0.260922
0.4265 0.262154
0.427 0.263389
0.4275 0.264628
0.428 0.265871
0.4285 0.267117
0.429 0.268366
0.4295 0.26962
0.43 0.270877
0.4305 0.272138
0.431 0.273403
0.4315 0.274672
0.432 0.275944
0.4325 0.277221
0.433 0.278501
0.4335 0.279786
0.434 0.281074
0.4345 0.282367
0.435 0.283664
0.4355 0.284965
0.436 0.28627
0.4365 0.28758
0.437 0.288894
0.4375 0.290212
0.438 0.291534
0.4385 0.292861
0.439 0.294193
0.4395 0.295529
0.44 0.296869
0.4405 0.298214
0.441 0.299564
0.4415 0.300919
0.442 0.302278
0.4425 0.303642
0.443 0.305011
0.4435 0.306385
0.444 0.307763
0.4445 0.309147
0.445 0.310536
0.4455 0.31193
0.446 0.313329
0.4465 0.314733
0.447 0.316142
0.4475 0.317557
0.448 0.318977
0.4485 0.320402
0.449 0.321833
0.4495 0.323269
0.45 0.324711
0.4505 0.326158
0.451 0.327611
0.4515 0.32907
0.452 0.330534
0.4525 0.332004
0.453 0.33348
0.4535 0.334962
0.454 0.336449
0.4545 0.337943
0.455 0.339442
0.4555 0.340948
0.456 0.342459
0.4565 0.343977
0.457 0.3455
0.4575 0.34703
0.458 0.348566
0.4585 0.350108
0.459 0.351657
0.4595 0.353211
0.46 0.354773
0.4605 0.35634
0.461 0.357914
0.4615 0.359495
0.462 0.361082
0.4625 0.362676
0.463 0.364276
0.4635 0.365883
0.464 0.367497
0.4645 0.369117
0.465 0.370745
0.4655 0.372379
0.466 0.37402
0.4665 0.375668
0.467 0.377324
0.4675 0.378986
0.468 0.380655
0.4685 0.382332
0.469 0.384015
0.4695 0.385706
0.47 0.387405
0.4705 0.38911
0.471 0.390823
0.4715 0.392544
0.472 0.394272
0.4725 0.396007
0.473 0.397751
0.4735 0.399501
0.474 0.40126
0.4745 0.403026
0.475 0.4048
0.4755 0.406582
0.476 0.408372
0.4765 0.41017
0.477 0.411976
0.4775 0.41379
0.478 0.415612
0.4785 0.417443
0.479 0.419281
0.4795 0.421128
0.48 0.422983
0.4805 0.424847
0.481 0.426719
0.4815 0.4286
0.482 0.430489
0.4825 0.432387
0.483 0.434294
0.4835 0.436209
0.484 0.438133
0.4845 0.440067
0.485 0.442009
0.4855 0.44396
0.486 0.44592
0.4865 0.447889
0.487 0.449868
0.4875 0.451855
0.488 0.453852
0.4885 0.455859
0.489 0.457875
0.4895 0.4599
0.49 0.461935
0.4905 0.46398
0.491 0.466034
0.4915 0.468098
0.492 0.470172
0.4925 0.472256
0.493 0.474349
0.4935 0.476453
0.494 0.478567
0.4945 0.480691
0.495 0.482825
0.4955 0.48497
0.496 0.487125
0.4965 0.48929
0.497 0.491466
0.4975 0.493653
0.498 0.49585
0.4985 0.498058
0.499 0.500277
0.4995 0.502506
0.5 0.504747
0.5005 0.506999
0.501 0.509261
0.5015 0.511535
0.502 0.51382
0.5025 0.516117
0.503 0.518425
0.5035 0.520744
0.504 0.523075
0.5045 0.525418
0.505 0.527773
0.5055 0.530139
0.506 0.532517
0.5065 0.534907
0.507 0.537309
0.5075 0.539724
0.508 0.54215
0.5085 0.544589
0.509 0.54704
0.5095 0.549504
0.51 0.55198
0.5105 0.554469
0.511 0.556971
0.5115 0.559486
0.512 0.562013
0.5125 0.564554
0.513 0.567107
0.5135 0.569674
0.514 0.572254
0.5145 0.574847
0.515 0.577454
0.5155 0.580075
0.516 0.582709
0.5165 0.585357
0.517 0.588019
0.5175 0.590695
0.518 0.593384
0.5185 0.596088
0.519 0.598807
0.5195 0.601539
0.52 0.604286
0.5205 0.607048
0.521 0.609824
0.5215 0.612615
0.522 0.615421
0.5225 0.618242
0.523 0.621078
0.5235 0.623929
0.524 0.626795
0.5245 0.629677
0.525 0.632574
0.5255 0.635487
0.526 0.638416
0.5265 0.64136
0.527 0.644321
0.5275 0.647297
0.528 0.65029
0.5285 0.653299
0.529 0.656325
0.5295 0.659367
0.53 0.662425
0.5305 0.665501
0.531 0.668593
0.5315 0.671703
0.532 0.674829
0.5325 0.677973
0.533 0.681135
0.5335 0.684313
0.534 0.68751
0.5345 0.690724
0.535 0.693956
0.5355 0.697207
0.536 0.700475
0.5365 0.703762
0.537 0.707067
0.5375 0.710391
0.538 0.713733
0.5385 0.717095
0.539 0.720475
0.5395 0.723875
0.54 0.727293
0.5405 0.730732
0.541 0.73419
0.5415 0.737667
0.542 0.741165
0.5425 0.744682
0.543 0.74822
0.5435 0.751777
0.544 0.755356
0.5445 0.758955
0.545 0.762575
0.5455 0.766215
0.546 0.769877
0.5465 0.77356
0.547 0.777265
0.5475 0.780991
0.548 0.784739
0.5485 0.788508
0.549 0.7923
0.5495 0.796114
0.55 0.79995
0.5505 0.803809
0.551 0.807691
0.5515 0.811596
0.552 0.815524
0.5525 0.819475
0.553 0.82345
0.5535 0.827448
0.554 0.83147
0.5545 0.835517
0.555 0.839588
0.5555 0.843683
0.556 0.847803
0.5565 0.851948
0.557 0.856118
0.5575 0.860313
0.558 0.864534
0.5585 0.868781
0.559 0.873053
0.5595 0.877352
0.56 0.881678
0.5605 0.886029
0.561 0.890408
0.5615 0.894814
0.562 0.899247
0.5625 0.903708
0.563 0.908196
0.5635 0.912713
0.564 0.917258
0.5645 0.921831
0.565 0.926433
0.5655 0.931064
0.566 0.935724
0.5665 0.940414
0.567 0.945133
0.5675 0.949882
0.568 0.954662
0.5685 0.959472
0.569 0.964312
0.5695 0.969184
0.57 0.974087
0.5705 0.979022
0.571 0.983988
0.5715 0.988986
0.572 0.994017
0.5725 0.99908
0.573 1.00418
0.5735 1.00931
0.574 1.01447
0.5745 1.01967
0.575 1.0249
0.5755 1.03016
0.576 1.03546
0.5765 1.0408
0.577 1.04617
0.5775 1.05157
0.578 1.05701
0.5785 1.06249
0.579 1.06801
0.5795 1.07356
0.58 1.07914
0.5805 1.08477
0.581 1.09043
0.5815 1.09613
0.582 1.10187
0.5825 1.10765
0.583 1.11347
0.5835 1.11933
0.584 1.12523
0.5845 1.13116
0.585 1.13714
0.5855 1.14316
0.586 1.14922
0.5865 1.15532
0.587 1.16147
0.5875 1.16765
0.588 1.17388
0.5885 1.18015
0.589 1.18647
0.5895 1.19283
0.59 1.19923
0.5905 1.20568
0.591 1.21217
0.5915 1.21871
0.592 1.22529
0.5925 1.23193
0.593 1.2386
0.5935 1.24533
0.594 1.2521
0.5945 1.25892
0.595 1.26579
0.5955 1.27271
0.596 1.27967
0.5965 1.28669
0.597 1.29376
0.5975 1.30087
0.598 1.30804
0.5985 1.31526
0.599 1.32253
0.5995 1.32986
0.6 1.33724
0.6005 1.34467
0.601 1.35215
0.6015 1.35969
0.602 1.36729
0.6025 1.37494
0.603 1.38264
0.6035 1.3904
0.604 1.39822
0.6045 1.4061
0.605 1.41403
0.6055 1.42203
0.606 1.43008
0.6065 1.43819
0.607 1.44636
0.6075 1.45459
0.608 1.46289
0.6085 1.47124
0.609 1.47966
0.6095 1.48814
0.61 1.49669
0.6105 1.5053
0.611 1.51397
0.6115 1.52271
0.612 1.53151
0.6125 1.54038
0.613 1.54932
0.6135 1.55833
0.614 1.5674
0.6145 1.57655
0.615 1.58576
0.6155 1.59504
0.616 1.6044
0.6165 1.61382
0.617 1.62332
0.6175 1.63289
0.618 1.64254
0.6185 1.65226
0.619 1.66205
0.6195 1.67192
0.62 1.68187
0.6205 1.69189
0.621 1.702
0.6215 1.71218
0.622 1.72244
0.6225 1.73278
0.623 1.7432
0.6235 1.7537
0.624 1.76428
0.6245 1.77495
0.625 1.7857
0.6255 1.79654
0.626 1.80746
0.6265 1.81847
0.627 1.82956
0.6275 1.84074
0.628 1.85202
0.6285 1.86338
0.629 1.87483
0.6295 1.88637
0.63 1.898
0.6305 1.90973
0.631 1.92155
0.6315 1.93347
0.632 1.94548
0.6325 1.95759
0.633 1.96979
0.6335 1.98209
0.634 1.9945
0.6345 2.007
0.635 2.0196
0.6355 2.03231
0.636 2.04511
0.6365 2.05802
0.637 2.07104
0.6375 2.08416
0.638 2.09739
0.6385 2.11073
0.639 2.12417
0.6395 2.13773
0.64 2.15139
0.6405 2.16517
0.641 2.17906
0.6415 2.19306
0.642 2.20718
0.6425 2.22142
0.643 2.23577
0.6435 2.25024
0.644 2.26482
0.6445 2.27953
0.645 2.29436
0.6455 2.30931
0.646 2.32439
0.6465 2.33959
0.647 2.35491
0.6475 2.37037
0.648 2.38595
0.6485 2.40165
0.649 2.41749
0.6495 2.43346
0.65 2.44957
0.6505 2.46581
0.651 2.48218
0.6515 2.49868
0.652 2.51533
0.6525 2.53211
0.653 2.54903
0.6535 2.5661
0.654 2.5833
0.6545 2.60065
0.655 2.61813
0.6555 2.63577
0.656 2.65355
0.6565 2.67147
0.657 2.68955
0.6575 2.70777
0.658 2.72615
0.6585 2.74467
0.659 2.76335
0.6595 2.78218
0.66 2.80117
0.6605 2.82031
0.661 2.83961
0.6615 2.85907
0.662 2.87868
0.6625 2.89846
0.663 2.9184
0.6635 2.9385
0.664 2.95877
0.6645 2.9792
0.665 2.9998
0.6655 3.02057
0.666 3.0415
0.6665 3.0626
0.667 3.08388
0.6675 3.10533
0.668 3.12695
0.6685 3.14874
0.669 3.17071
0.6695 3.19286
0.67 3.21518
0.6705 3.23769
0.671 3.26037
0.6715 3.28323
0.672 3.30628
0.6725 3.32951
0.673 3.35293
0.6735 3.37652
0.674 3.40031
0.6745 3.42428
0.675 3.44845
0.6755 3.4728
0.676 3.49734
0.6765 3.52207
0.677 3.547
0.6775 3.57212
0.678 3.59743
0.6785 3.62294
0.679 3.64865
0.6795 3.67455
0.68 3.70065
0.6805 3.72695
0.681 3.75345
0.6815 3.78015
0.682 3.80704
0.6825 3.83415
0.683 3.86145
0.6835 3.88896
0.684 3.91667
0.6845 3.94458
0.685 3.9727
0.6855 4.00103
0.686 4.02956
0.6865 4.05829
0.687 4.08724
0.6875 4.11639
0.688 4.14574
0.6885 4.17531
0.689 4.20508
0.6895 4.23506
0.69 4.26525
0.6905 4.29565
0.691 4.32625
0.6915 4.35706
0.692 4.38808
0.6925 4.41931
0.693 4.45075
0.6935 4.48239
0.694 4.51424
0.6945 4.54629
0.695 4.57856
0.6955 4.61102
0.696 4.64369
0.6965 4.67657
0.697 4.70964
0.6975 4.74292
0.698 4.7764
0.6985 4.81008
0.699 4.84395
0.6995 4.87803
0.7 4.9123
0.7005 4.94676
0.701 4.98142
0.7015 5.01626
0.702 5.0513
0.7025 5.08652
0.703 5.12193
0.7035 5.15752
0.704 5.19329
0.7045 5.22924
0.705 5.26536
0.7055 5.30166
0.706 5.33813
0.7065 5.37476
0.707 5.41156
0.7075 5.44851
0.708 5.48563
0.7085 5.5229
0.709 5.56032
0.7095 5.59788
0.71 5.63559
0.7105 5.67343
0.711 5.71141
0.7115 5.74952
0.712 5.78775
0.7125 5.8261
0.713 5.86457
0.7135 5.90315
0.714 5.94183
0.7145 5.98061
0.715 6.01948
0.7155 6.05844
0.716 6.09748
0.7165 6.1366
0.717 6.17579
0.7175 6.21504
0.718 6.25434
0.7185 6.29369
0.719 6.33308
0.7195 6.37251
0.72 6.41197
0.7205 6.45144
0.721 6.49092
0.7215 6.53041
0.722 6.56989
0.7225 6.60936
0.723 6.64881
0.7235 6.68822
0.724 6.7276
0.7245 6.76692
0.725 6.80619
0.7255 6.84539
0.726 6.88451
0.7265 6.92354
0.727 6.96248
0.7275 7.00131
0.728 7.04002
0.7285 7.0786
0.729 7.11704
0.7295 7.15534
0.73 7.19347
0.7305 7.23143
0.731 7.26921
0.7315 7.3068
0.732 7.34418
0.7325 7.38134
0.733 7.41828
0.7335 7.45498
0.734 7.49143
0.7345 7.52762
0.735 7.56353
0.7355 7.59916
0.736 7.63449
0.7365 7.66951
0.737 7.70422
0.7375 7.73859
0.738 7.77262
0.7385 7.80629
0.739 7.8396
0.7395 7.87254
0.74 7.90509
0.7405 7.93723
0.741 7.96897
0.7415 8.00029
0.742 8.03118
0.7425 8.06163
0.743 8.09163
0.7435 8.12117
0.744 8.15024
0.7445 8.17884
0.745 8.20694
0.7455 8.23456
0.746 8.26167
0.7465 8.28827
0.747 8.31435
0.7475 8.33991
0.748 8.36495
0.7485 8.38945
0.749 8.41341
0.7495 8.43682
0.75 8.45969
0.7505 8.48202
0.751 8.50379
0.7515 8.52501
0.752 8.54568
0.7525 8.56579
0.753 8.58536
0.7535 8.60439
0.754 8.62287
0.7545 8.64081
0.755 8.65822
0.7555 8.67511
0.756 8.69148
0.7565 8.70734
0.757 8.72272
0.7575 8.73761
0.758 8.75203
0.7585 8.76601
0.759 8.77956
0.7595 8.7927
0.76 8.80545
0.7605 8.81784
0.761 8.8299
0.7615 8.84165
0.762 8.85314
0.7625 8.86439
0.763 8.87546
0.7635 8.88638
0.764 8.89719
0.7645 8.90796
0.765 8.91875
0.7655 8.9296
0.766 8.94059
0.7665 8.9518
0.767 8.96329
0.7675 8.97516
0.768 8.9875
0.7685 9.0004
0.769 9.01397
0.7695 9.02832
0.77 9.04356
0.7705 9.05981
0.771 9.07719
0.7715 9.09581
0.772 9.11576
0.7725 9.13713
0.773 9.15996
0.7735 9.18423
0.774 9.20982
0.7745 9.23647
0.775 9.26372
0.7755 9.29079
0.776 9.31645
0.7765 9.33881
0.777 9.3551
0.7775 9.36131
0.778 9.35186
0.7785 9.31926
0.779 9.25404
0.7795 9.14523
0.78 8.98196
0.7805 8.75639
0.781 8.46792
0.7815 8.12696
0.782 7.75565
0.7825 7.38359
0.783 7.03983
0.7835 6.74529
0.784 6.50943
0.7845 6.33145
0.785 6.20414
0.7855 6.1176
0.786 6.06192
0.7865 6.02847
0.787 6.01038
0.7875 6.00241
0.788 6.00076
0.7885 6.00269
0.789 6.00632
0.7895 6.01035
0.79 6.0139
0.7905 6.01641
0.791 6.01753
0.7915 6.01706
0.792 6.01488
0.7925 6.01097
0.793 6.00534
0.7935 5.99803
0.794 5.9891
0.7945 5.97863
0.795 5.96669
0.7955 5.95337
0.796 5.93876
0.7965 5.92293
0.797 5.90596
0.7975 5.88792
0.798 5.86889
0.7985 5.84894
0.799 5.82812
0.7995 5.80651
0.8 5.78414
0.8005 5.76111
0.801 5.73743
0.8015 5.71316
0.802 5.68833
0.8025 5.663
0.803 5.63719
0.8035 5.61096
0.804 5.58431
0.8045 5.5573
0.805 5.52995
0.8055 5.5023
0.806 5.47435
0.8065 5.44615
0.807 5.41772
0.8075 5.38907
0.808 5.36024
0.8085 5.33123
0.809 5.30208
0.8095 5.27279
0.81 5.24338
0.8105 5.21388
0.811 5.18429
0.8115 5.15463
0.812 5.12491
0.8125 5.09515
0.813 5.06536
0.8135 5.03555
0.814 5.00572
0.8145 4.9759
0.815 4.9461
0.8155 4.91631
0.816 4.88655
0.8165 4.85683
0.817 4.82716
0.8175 4.79753
0.818 4.76798
0.8185 4.73849
0.819 4.70907
0.8195 4.67974
0.82 4.6505
0.8205 4.62134
0.821 4.59229
0.8215 4.56333
0.822 4.53448
0.8225 4.50575
0.823 4.47712
0.8235 4.44862
0.824 4.42025
0.8245 4.39199
0.825 4.36387
0.8255 4.33588
0.826 4.30803
0.8265 4.28031
0.827 4.25273
0.8275 4.22531
0.828 4.19802
0.8285 4.17088
0.829 4.1439
0.8295 4.11705
0.83 4.09037
0.8305 4.06384
0.831 4.03746
0.8315 4.01125
0.832 3.98519
0.8325 3.95929
0.833 3.93354
0.8335 3.90796
0.834 3.88254
0.8345 3.85729
0.835 3.83218
0.8355 3.80725
0.836 3.78248
0.8365 3.75787
0.837 3.73343
0.8375 3.70915
0.838 3.68503
0.8385 3.66108
0.839 3.63729
0.8395 3.61366
0.84 3.5902
0.8405 3.56689
0.841 3.54375
0.8415 3.52078
0.842 3.49796
0.8425 3.47531
0.843 3.45282
0.8435 3.43048
0.844 3.40831
0.8445 3.3863
0.845 3.36444
0.8455 3.34274
0.846 3.3212
0.8465 3.29982
0.847 3.27858
0.8475 3.25751
0.848 3.23658
0.8485 3.21582
0.849 3.19521
0.8495 3.17474
0.85 3.15442
0.8505 3.13425
0.851 3.11424
0.8515 3.09437
0.852 3.07465
0.8525 3.05507
0.853 3.03564
0.8535 3.01636
0.854 2.99722
0.8545 2.97822
0.855 2.95936
0.8555 2.94065
0.856 2.92207
0.8565 2.90364
0.857 2.88534
0.8575 2.86718
0.858 2.84916
0.8585 2.83127
0.859 2.81352
0.8595 2.79591
0.86 2.77843
0.8605 2.76108
0.861 2.74386
0.8615 2.72677
0.862 2.70982
0.8625 2.69299
0.863 2.67629
0.8635 2.65972
0.864 2.64327
0.8645 2.62695
0.865 2.61074
0.8655 2.59467
0.866 2.57872
0.8665 2.56289
0.867 2.54719
0.8675 2.5316
0.868 2.51612
0.8685 2.50077
0.869 2.48553
0.8695 2.47042
0.87 2.45541
0.8705 2.44053
0.871 2.42574
0.8715 2.41108
0.872 2.39653
0.8725 2.38209
0.873 2.36776
0.8735 2.35354
0.874 2.33943
0.8745 2.32542
0.875 2.31153
0.8755 2.29773
0.876 2.28404
0.8765 2.27045
0.877 2.25697
0.8775 2.2436
0.878 2.23032
0.8785 2.21714
0.879 2.20406
0.8795 2.19108
0.88 2.1782
0.8805 2.16542
0.881 2.15273
0.8815 2.14015
0.882 2.12766
0.8825 2.11525
0.883 2.10294
0.8835 2.09073
0.884 2.07861
0.8845 2.06658
0.885 2.05464
0.8855 2.04279
0.886 2.03102
0.8865 2.01936
0.887 2.00777
0.8875 1.99627
0.888 1.98486
0.8885 1.97353
0.889 1.9623
0.8895 1.95114
0.89 1.94007
0.8905 1.92907
0.891 1.91817
0.8915 1.90734
0.892 1.89659
0.8925 1.88593
0.893 1.87534
0.8935 1.86483
0.894 1.8544
0.8945 1.84405
0.895 1.83378
0.8955 1.82358
0.896 1.81346
0.8965 1.80341
0.897 1.79344
0.8975 1.78354
0.898 1.77371
0.8985 1.76395
0.899 1.75427
0.8995 1.74467
0.9 1.73513
0.9005 1.72566
0.901 1.71626
0.9015 1.70694
0.902 1.69768
0.9025 1.68848
0.903 1.67936
0.9035 1.67031
0.904 1.66132
0.9045 1.65239
0.905 1.64353
0.9055 1.63474
0.906 1.62602
0.9065 1.61735
0.907 1.60875
0.9075 1.60021
0.908 1.59174
0.9085 1.58332
0.909 1.57497
0.9095 1.56668
0.91 1.55845
0.9105 1.55029
0.911 1.54218
0.9115 1.53414
0.912 1.52615
0.9125 1.51822
0.913 1.51034
0.9135 1.50253
0.914 1.49476
0.9145 1.48707
0.915 1.47942
0.9155 1.47184
0.916 1.4643
0.9165 1.45682
0.917 1.4494
0.9175 1.44203
0.918 1.43471
0.9185 1.42745
0.919 1.42024
0.9195 1.4131
0.92 1.40599
0.9205 1.39894
0.921 1.39194
0.9215 1.38499
0.922 1.3781
0.9225 1.37125
0.923 1.36445
0.9235 1.35771
0.924 1.351
0.9245 1.34437
0.925 1.33776
0.9255 1.33121
0.926 1.32471
0.9265 1.31826
0.927 1.31185
0.9275 1.30549
0.928 1.29919
0.9285 1.29291
0.929 1.2867
0.9295 1.28052
0.93 1.2744
0.9305 1.26832
0.931 1.26228
0.9315 1.25628
0.932 1.25034
0.9325 1.24444
0.933 1.23858
0.9335 1.23277
0.934 1.227
0.9345 1.22127
0.935 1.21558
0.9355 1.20993
0.936 1.20433
0.9365 1.19877
0.937 1.19325
0.9375 1.18777
0.938 1.18234
0.9385 1.17694
0.939 1.17159
0.9395 1.16628
0.94 1.16101
0.9405 1.15577
0.941 1.15058
0.9415 1.14543
0.942 1.14031
0.9425 1.13523
0.943 1.1302
0.9435 1.1252
0.944 1.12024
0.9445 1.11531
0.945 1.11044
0.9455 1.10559
0.946 1.10078
0.9465 1.09601
0.947 1.09127
0.9475 1.08658
0.948 1.08192
0.9485 1.07729
0.949 1.0727
0.9495 1.06815
0.95 1.06362
0.9505 1.05915
0.951 1.0547
0.9515 1.05029
0.952 1.04591
0.9525 1.04157
0.953 1.03726
0.9535 1.03299
0.954 1.02875
0.9545 1.02454
0.955 1.02037
0.9555 1.01623
0.956 1.01212
0.9565 1.00805
0.957 1.00401
0.9575 0.999995
0.958 0.996017
0.9585 0.99207
0.959 0.988155
0.9595 0.984271
0.96 0.980417
0.9605 0.976594
0.961 0.972803
0.9615 0.969041
0.962 0.965309
0.9625 0.961607
0.963 0.957935
0.9635 0.954292
0.964 0.950679
0.9645 0.947094
0.965 0.943539
0.9655 0.940012
0.966 0.936514
0.9665 0.933044
0.967 0.929601
0.9675 0.926187
0.968 0.9228
0.9685 0.919441
0.969 0.916109
0.9695 0.912805
0.97 0.909527
0.9705 0.906275
0.971 0.903051
0.9715 0.899853
0.972 0.896681
0.9725 0.893535
0.973 0.890414
0.9735 0.88732
0.974 0.884252
0.9745 0.881208
0.975 0.87819
0.9755 0.875197
0.976 0.872227
0.9765 0.869284
0.977 0.866365
0.9775 0.863469
0.978 0.860599
0.9785 0.857752
0.979 0.854929
0.9795 0.85213
0.98 0.849355
0.9805 0.846602
0.981 0.843874
0.9815 0.841168
0.982 0.838486
0.9825 0.835826
0.983 0.833189
0.9835 0.830575
0.984 0.827983
0.9845 0.825413
0.985 0.822865
0.9855 0.820339
0.986 0.817836
0.9865 0.815353
0.987 0.812893
0.9875 0.810455
0.988 0.808037
0.9885 0.80564
0.989 0.803265
0.9895 0.800911
0.99 0.798577
0.9905 0.796265
0.991 0.793972
0.9915 0.7917
0.992 0.789449
0.9925 0.787218
0.993 0.785006
0.9935 0.782815
0.994 0.780644
0.9945 0.778492
0.995 0.77636
0.9955 0.774248
0.996 0.772155
0.9965 0.770081
0.997 0.768027
0.9975 0.76599
0.998 0.763974
0.9985 0.761977
0.999 0.759998
0.9995 0.758038
1 0.756096
1.0005 0.754172
1.001 0.752267
1.0015 0.75038
1.002 0.748511
1.0025 0.74666
1.003 0.744827
1.0035 0.743012
1.004 0.741214
1.0045 0.739434
1.005 0.737671
1.0055 0.735925
1.006 0.734196
1.0065 0.732485
1.007 0.730789
1.0075 0.729111
1.008 0.72745
1.0085 0.725805
1.009 0.724176
1.0095 0.722564
1.01 0.720968
1.0105 0.719388
1.011 0.717824
1.0115 0.716276
1.012 0.714744
1.0125 0.713228
1.013 0.711726
1.0135 0.71024
1.014 0.70877
1.0145 0.707315
1.015 0.705875
1.0155 0.70445
1.016 0.70304
1.0165 0.701645
1.017 0.700265
1.0175 0.698899
1.018 0.697548
1.0185 0.696212
1.019 0.694889
1.0195 0.69358
1.02 0.692286
1.0205 0.691006
1.021 0.689741
1.0215 0.688488
1.022 0.68725
1.0225 0.686025
1.023 0.684814
1.0235 0.683617
1.024 0.682433
1.0245 0.681262
1.025 0.680104
1.0255 0.678961
1.026 0.677829
1.0265 0.676711
1.027 0.675606
1.0275 0.674513
1.028 0.673433
1.0285 0.672366
1.029 0.671311
1.0295 0.670268
1.03 0.669238
1.0305 0.668221
1.031 0.667215
1.0315 0.666222
1.032 0.665241
1.0325 0.664271
1.033 0.663314
1.0335 0.662368
1.034 0.661435
1.0345 0.660513
1.035 0.659602
1.0355 0.658703
1.036 0.657815
1.0365 0.656938
1.037 0.656073
1.0375 0.65522
1.038 0.654376
1.0385 0.653545
1.039 0.652723
1.0395 0.651915
1.04 0.651114
1.0405 0.650326
1.041 0.649549
1.0415 0.648781
1.042 0.648025
1.0425 0.64728
1.043 0.646544
1.0435 0.645818
1.044 0.645103
1.0445 0.644397
1.045 0.643702
1.0455 0.643017
1.046 0.642343
1.0465 0.641677
1.047 0.641023
1.0475 0.640377
1.048 0.639741
1.0485 0.639116
1.049 0.638498
1.0495 0.637892
1.05 0.637294
1.0505 0.636706
1.051 0.636128
1.0515 0.635558
1.052 0.634997
1.0525 0.634445
1.053 0.633903
1.0535 0.63337
1.054 0.632845
1.0545 0.632329
1.055 0.631823
1.0555 0.631325
1.056 0.630834
1.0565 0.630354
1.057 0.629881
1.0575 0.629416
1.058 0.628961
1.0585 0.628514
1.059 0.628075
1.0595 0.627644
1.06 0.62722
1.0605 0.626806
1.061 0.626398
1.0615 0.626
1.062 0.625609
1.0625 0.625225
1.063 0.624849
1.0635 0.624482
1.064 0.624122
1.0645 0.623768
1.065 0.623424
1.0655 0.623086
1.066 0.622756
1.0665 0.622432
1.067 0.622117
1.0675 0.621808
1.068 0.621507
1.0685 0.621212
1.069 0.620924
1.0695 0.620644
1.07 0.620371
1.0705 0.620104
1.071 0.619845
1.0715 0.619591
1.072 0.619345
1.0725 0.619105
1.073 0.618872
1.0735 0.618646
1.074 0.618425
1.0745 0.618213
1.075 0.618005
1.0755 0.617804
1.076 0.61761
1.0765 0.61742
1.077 0.617238
1.0775 0.617062
1.078 0.616891
1.0785 0.616727
1.079 0.616568
1.0795 0.616417
1.08 0.61627
1.0805 0.61613
1.081 0.615994
1.0815 0.615865
1.082 0.615741
1.0825 0.615622
1.083 0.61551
1.0835 0.615403
1.084 0.615302
1.0845 0.615206
1.085 0.615115
1.0855 0.61503
1.086 0.614948
1.0865 0.614873
1.087 0.614804
1.0875 0.614739
1.088 0.614678
1.0885 0.614624
1.089 0.614574
1.0895 0.614529
1.09 0.614488
1.0905 0.614453
1.091 0.614423
1.0915 0.614396
1.092 0.614376
1.0925 0.614359
1.093 0.614347
1.0935 0.61434
1.094 0.614336
1.0945 0.614338
1.095 0.614344
1.0955 0.614354
1.096 0.614368
1.0965 0.614388
1.097 0.614411
1.0975 0.614437
1.098 0.614469
1.0985 0.614504
1.099 0.614545
1.0995 0.614587
1.1 0.614635
1.1005 0.614686
1.101 0.614741
1.1015 0.6148
1.102 0.614864
1.1025 0.614931
1.103 0.615002
1.1035 0.615076
1.104 0.615155
1.1045 0.615237
1.105 0.615323
1.1055 0.615413
1.106 0.615507
1.1065 0.615604
1.107 0.615705
1.1075 0.615809
1.108 0.615919
1.1085 0.61603
1.109 0.616146
1.1095 0.616267
1.11 0.61639
1.1105 0.616518
1.111 0.616648
1.1115 0.616783
1.112 0.61692
1.1125 0.617062
1.113 0.617208
1.1135 0.617356
1.114 0.617508
1.1145 0.617666
1.115 0.617825
1.1155 0.617988
1.116 0.618155
1.1165 0.618326
1.117 0.6185
1.1175 0.618676
1.118 0.618858
1.1185 0.619042
1.119 0.619231
1.1195 0.619422
1.12 0.619618
1.1205 0.619816
1.121 0.620019
1.1215 0.620223
1.122 0.620433
1.1225 0.620645
1.123 0.620861
1.1235 0.62108
1.124 0.621303
1.1245 0.621529
1.125 0.621759
1.1255 0.621992
1.126 0.622229
1.1265 0.622469
1.127 0.622712
1.1275 0.622959
1.128 0.623209
1.1285 0.623463
1.129 0.623719
1.1295 0.62398
1.13 0.624244
1.1305 0.624511
1.131 0.624781
1.1315 0.625055
1.132 0.625331
1.1325 0.625613
1.133 0.625896
1.1335 0.626183
1.134 0.626474
1.1345 0.626768
1.135 0.627064
1.1355 0.627365
1.136 0.627669
1.1365 0.627976
1.137 0.628286
1.1375 0.628599
1.138 0.628916
1.1385 0.629236
1.139 0.62956
1.1395 0.629887
1.14 0.630218
1.1405 0.630552
1.141 0.630888
1.1415 0.631228
1.142 0.631571
1.1425 0.631917
1.143 0.632267
1.1435 0.63262
1.144 0.632978
1.1445 0.633337
1.145 0.6337
1.1455 0.634066
1.146 0.634435
1.1465 0.634807
1.147 0.635184
1.1475 0.635563
1.148 0.635946
1.1485 0.636331
1.149 0.63672
1.1495 0.637112
1.15 0.637508
1.1505 0.637907
1.151 0.638309
1.1515 0.638714
1.152 0.639123
1.1525 0.639535
1.153 0.639949
1.1535 0.640369
1.154 0.640791
1.1545 0.641215
1.155 0.641644
1.1555 0.642077
1.156 0.642513
1.1565 0.642951
1.157 0.643394
1.1575 0.64384
1.158 0.64429
1.1585 0.644743
1.159 0.645199
1.1595 0.645659
1.16 0.646123
1.1605 0.64659
1.161 0.647061
1.1615 0.647535
1.162 0.648014
1.1625 0.648496
1.163 0.64898
1.1635 0.649469
1.164 0.649962
1.1645 0.650458
1.165 0.650959
1.1655 0.651463
1.166 0.651971
1.1665 0.652482
1.167 0.652997
1.1675 0.653516
1.168 0.654039
1.1685 0.654566
1.169 0.655096
1.1695 0.655631
1.17 0.65617
1.1705 0.656713
1.171 0.657259
1.1715 0.657809
1.172 0.658363
1.1725 0.658921
1.173 0.659482
1.1735 0.66005
1.174 0.66062
1.1745 0.661194
1.175 0.661772
1.1755 0.662355
1.176 0.662941
1.1765 0.663532
1.177 0.664127
1.1775 0.664726
1.178 0.66533
1.1785 0.665936
1.179 0.666548
1.1795 0.667164
1.18 0.667784
1.1805 0.668409
1.181 0.669036
1.1815 0.669669
1.182 0.670307
1.1825 0.670948
1.183 0.671594
1.1835 0.672244
1.184 0.672898
1.1845 0.673557
1.185 0.674221
1.1855 0.674889
1.186 0.67556
1.1865 0.676237
1.187 0.676919
1.1875 0.677605
1.188 0.678294
1.1885 0.67899
1.189 0.679689
1.1895 0.680393
1.19 0.681101
1.1905 0.681815
1.191 0.682533
1.1915 0.683255
1.192 0.683981
1.1925 0.684713
1.193 0.685449
1.1935 0.686191
1.194 0.686936
1.1945 0.687688
1.195 0.688442
1.1955 0.689203
1.196 0.689967
1.1965 0.690737
1.197 0.691512
1.1975 0.692292
1.198 0.693076
1.1985 0.693864
1.199 0.694659
1.1995 0.695458
1.2 0.696261
1.2005 0.69707
1.201 0.697884
1.2015 0.698704
1.202 0.699526
1.2025 0.700356
1.203 0.701189
1.2035 0.702027
1.204 0.702871
1.2045 0.703719
1.205 0.704572
1.2055 0.705431
1.206 0.706295
1.2065 0.707162
1.207 0.708036
1.2075 0.708914
1.208 0.709797
1.2085 0.710686
1.209 0.711578
1.2095 0.712476
1.21 0.713378
1.2105 0.714286
1.211 0.715199
1.2115 0.716116
1.212 0.717039
1.2125 0.717966
1.213 0.718898
1.2135 0.719835
1.214 0.720777
1.2145 0.721723
1.215 0.722676
1.2155 0.723633
1.216 0.724595
1.2165 0.72556
1.217 0.726533
1.2175 0.727509
1.218 0.72849
1.2185 0.729477
1.219 0.730467
1.2195 0.731463
1.22 0.732465
1.2205 0.73347
1.221 0.734481
1.2215 0.735496
1.222 0.736516
1.2225 0.737542
1.223 0.738572
1.2235 0.739607
1.224 0.740646
1.2245 0.741691
1.225 0.742741
1.2255 0.743796
1.226 0.744854
1.2265 0.745919
1.227 0.746988
1.2275 0.748062
1.228 0.749141
1.2285 0.750224
1.229 0.751313
1.2295 0.752406
1.23 0.753504
1.2305 0.754608
1.231 0.755716
1.2315 0.756828
1.232 0.757945
1.2325 0.759069
1.233 0.760196
1.2335 0.761328
1.234 0.762465
1.2345 0.763607
1.235 0.764754
1.2355 0.765904
1.236 0.767061
1.2365 0.768222
1.237 0.769388
1.2375 0.770559
1.238 0.771735
1.2385 0.772915
1.239 0.7741
1.2395 0.775291
1.24 0.776486
1.2405 0.777685
1.241 0.77889
1.2415 0.780099
1.242 0.781313
1.2425 0.782532
1.243 0.783755
1.2435 0.784985
1.244 0.786217
1.2445 0.787455
1.245 0.788698
1.2455 0.789946
1.246 0.791198
1.2465 0.792456
1.247 0.793717
1.2475 0.794984
1.248 0.796255
1.2485 0.797533
1.249 0.798813
1.2495 0.8001
1.25 0.80139
1.2505 0.802685
1.251 0.803986
1.2515 0.805291
1.252 0.806601
1.2525 0.807915
1.253 0.809234
1.2535 0.810558
1.254 0.811886
1.2545 0.813219
1.255 0.814557
1.2555 0.815899
1.256 0.817246
1.2565 0.818597
1.257 0.819953
1.2575 0.821313
1.258 0.822679
1.2585 0.824048
1.259 0.825422
1.2595 0.826801
1.26 0.828183
1.2605 0.829571
1.261 0.830962
1.2615 0.832359
1.262 0.833759
1.2625 0.835164
1.263 0.836574
1.2635 0.837987
1.264 0.839404
1.2645 0.840827
1.265 0.842254
1.2655 0.843685
1.266 0.845119
1.2665 0.846558
1.267 0.848003
1.2675 0.84945
1.268 0.850902
1.2685 0.852358
1.269 0.853819
1.2695 0.855283
1.27 0.856752
1.2705 0.858224
1.271 0.859701
1.2715 0.861182
1.272 0.862668
1.2725 0.864156
1.273 0.86565
1.2735 0.867148
1.274 0.868649
1.2745 0.870154
1.275 0.871662
1.2755 0.873177
1.276 0.874693
1.2765 0.876216
1.277 0.877741
1.2775 0.879269
1.278 0.880802
1.2785 0.882339
1.279 0.883879
1.2795 0.885425
1.28 0.886973
1.2805 0.888525
1.281 0.890082
1.2815 0.891642
1.282 0.893206
1.2825 0.894774
1.283 0.896345
1.2835 0.89792
1.284 0.899499
1.2845 0.901082
1.285 0.902668
1.2855 0.904258
1.286 0.905851
1.2865 0.907449
1.287 0.909051
1.2875 0.910655
1.288 0.912263
1.2885 0.913876
1.289 0.91549
1.2895 0.91711
1.29 0.918733
1.2905 0.92036
1.291 0.921991
1.2915 0.923624
1.292 0.925261
1.2925 0.926902
1.293 0.928546
1.2935 0.930194
1.294 0.931845
1.2945 0.933499
1.295 0.935158
1.2955 0.936819
1.296 0.938484
1.2965 0.940153
1.297 0.941825
1.2975 0.943501
1.298 0.945179
1.2985 0.946861
1.299 0.948547
1.2995 0.950236
1.3 0.951928
1.3005 0.953625
1.301 0.955323
1.3015 0.957026
1.302 0.95873
1.3025 0.96044
1.303 0.962152
1.3035 0.963867
1.304 0.965585
1.3045 0.967307
1.305 0.969032
1.3055 0.97076
1.306 0.97249
1.3065 0.974224
1.307 0.975962
1.3075 0.977701
1.308 0.979444
1.3085 0.98119
1.309 0.982939
1.3095 0.984691
1.31 0.986446
1.3105 0.988204
1.311 0.989965
1.3115 0.991729
1.312 0.993494
1.3125 0.995262
1.313 0.997035
1.3135 0.99881
1.314 1.00059
1.3145 1.00237
1.315 1.00415
1.3155 1.00593
1.316 1.00772
1.3165 1.00951
1.317 1.01131
1.3175 1.0131
1.318 1.0149
1.3185 1.0167
1.319 1.01851
1.3195 1.02031
1.32 1.02212
1.3205 1.02393
1.321 1.02575
1.3215 1.02756
1.322 1.02938
1.3225 1.0312
1.323 1.03302
1.3235 1.03485
1.324 1.03668
1.3245 1.03851
1.325 1.04034
1.3255 1.04217
1.326 1.04401
1.3265 1.04585
1.327 1.04769
1.3275 1.04953
1.328 1.05138
1.3285 1.05323
1.329 1.05508
1.3295 1.05693
1.33 1.05878
1.3305 1.06064
1.331 1.0625
1.3315 1.06435
1.332 1.06622
1.3325 1.06808
1.333 1.06995
1.3335 1.07181
1.334 1.07368
1.3345 1.07556
1.335 1.07743
1.3355 1.0793
1.336 1.08118
1.3365 1.08306
1.337 1.08494
1.3375 1.08682
1.338 1.08871
1.3385 1.09059
1.339 1.09248
1.3395 1.09437
1.34 1.09626
1.3405 1.09816
1.341 1.10005
1.3415 1.10195
1.342 1.10384
1.3425 1.10574
1.343 1.10765
1.3435 1.10955
1.344 1.11145
1.3445 1.11336
1.345 1.11526
1.3455 1.11717
1.346 1.11908
1.3465 1.121
1.347 1.12291
1.3475 1.12482
1.348 1.12674
1.3485 1.12866
1.349 1.13057
1.3495 1.1325
1.35 1.13442
1.3505 1.13634
1.351 1.13826
1.3515 1.14019
1.352 1.14212
1.3525 1.14404
1.353 1.14597
1.3535 1.1479
1.354 1.14984
1.3545 1.15177
1.355 1.1537
1.3555 1.15564
1.356 1.15757
1.3565 1.15951
1.357 1.16145
1.3575 1.16339
1.358 1.16533
1.3585 1.16728
1.359 1.16922
1.3595 1.17117
1.36 1.17311
1.3605 1.17506
1.361 1.17701
1.3615 1.17896
1.362 1.18091
1.3625 1.18286
1.363 1.18481
1.3635 1.18677
1.364 1.18872
1.3645 1.19068
1.365 1.19264
1.3655 1.1946
1.366 1.19656
1.3665 1.19852
1.367 1.20048
1.3675 1.20244
1.368 1.2044
1.3685 1.20637
1.369 1.20834
1.3695 1.2103
1.37 1.21227
1.3705 1.21424
1.371 1.21621
1.3715 1.21818
1.372 1.22015
1.3725 1.22212
1.373 1.2241
1.3735 1.22607
1.374 1.22805
1.3745 1.23003
1.375 1.232
1.3755 1.23398
1.376 1.23596
1.3765 1.23794
1.377 1.23992
1.3775 1.24191
1.378 1.24389
1.3785 1.24587
1.379 1.24786
1.3795 1.24984
1.38 1.25183
1.3805 1.25382
1.381 1.25581
1.3815 1.25779
1.382 1.25978
1.3825 1.26178
1.383 1.26377
1.3835 1.26576
1.384 1.26775
1.3845 1.26975
1.385 1.27174
1.3855 1.27374
1.386 1.27573
1.3865 1.27773
1.387 1.27973
1.3875 1.28172
1.388 1.28372
1.3885 1.28572
1.389 1.28772
1.3895 1.28973
1.39 1.29173
1.3905 1.29373
1.391 1.29573
1.3915 1.29774
1.392 1.29974
1.3925 1.30175
1.393 1.30375
1.3935 1.30576
1.394 1.30777
1.3945 1.30977
1.395 1.31178
1.3955 1.31379
1.396 1.3158
1.3965 1.31781
1.397 1.31982
1.3975 1.32183
1.398 1.32385
1.3985 1.32586
1.399 1.32787
1.3995 1.32988
1.4 1.3319
1.4005 1.33391
1.401 1.33593
1.4015 1.33795
1.402 1.33996
1.4025 1.34198
1.403 1.34399
1.4035 1.34601
1.404 1.34803
1.4045 1.35004
1.405 1.35206
1.4055 1.35407
1.406 1.35609
1.4065 1.3581
1.407 1.36012
1.4075 1.36213
1.408 1.36415
1.4085 1.36616
1.409 1.36817
1.4095 1.37019
1.41 1.3722
1.4105 1.37421
1.411 1.37622
1.4115 1.37822
1.412 1.38023
1.4125 1.38223
1.413 1.38424
1.4135 1.38624
1.414 1.38824
1.4145 1.39024
1.415 1.39224
1.4155 1.39424
1.416 1.39623
1.4165 1.39822
1.417 1.40021
1.4175 1.4022
1.418 1.40419
1.4185 1.40617
1.419 1.40816
1.4195 1.41014
1.42 1.41211
1.4205 1.41409
1.421 1.41606
1.4215 1.41803
1.422 1.42
1.4225 1.42197
1.423 1.42393
1.4235 1.42589
1.424 1.42784
1.4245 1.4298
1.425 1.43175
1.4255 1.4337
1.426 1.43564
1.4265 1.43758
1.427 1.43952
1.4275 1.44145
1.428 1.44338
1.4285 1.44531
1.429 1.44723
1.4295 1.44915
1.43 1.45107
1.4305 1.45298
1.431 1.45489
1.4315 1.45679
1.432 1.45869
1.4325 1.46058
1.433 1.46247
1.4335 1.46436
1.434 1.46624
1.4345 1.46812
1.435 1.46999
1.4355 1.47186
1.436 1.47373
1.4365 1.47559
1.437 1.47744
1.4375 1.47929
1.438 1.48113
1.4385 1.48297
1.439 1.48481
1.4395 1.48664
1.44 1.48846
1.4405 1.49028
1.441 1.49209
1.4415 1.4939
1.442 1.4957
1.4425 1.49749
1.443 1.49928
1.4435 1.50107
1.444 1.50285
1.4445 1.50462
1.445 1.50638
1.4455 1.50814
1.446 1.5099
1.4465 1.51165
1.447 1.51339
1.4475 1.51512
1.448 1.51685
1.4485 1.51857
1.449 1.52029
1.4495 1.522
1.45 1.5237
1.4505 1.52539
1.451 1.52708
1.4515 1.52876
1.452 1.53043
1.4525 1.5321
1.453 1.53376
1.4535 1.53541
1.454 1.53706
1.4545 1.53869
1.455 1.54033
1.4555 1.54195
1.456 1.54356
1.4565 1.54517
1.457 1.54677
1.4575 1.54836
1.458 1.54995
1.4585 1.55152
1.459 1.55309
1.4595 1.55465
1.46 1.5562
1.4605 1.55775
1.461 1.55928
1.4615 1.56081
1.462 1.56233
1.4625 1.56384
1.463 1.56534
1.4635 1.56684
1.464 1.56832
1.4645 1.5698
1.465 1.57127
1.4655 1.57273
1.466 1.57418
1.4665 1.57562
1.467 1.57705
1.4675 1.57847
1.468 1.57988
1.4685 1.58129
1.469 1.58268
1.4695 1.58407
1.47 1.58544
1.4705 1.58681
1.471 1.58817
1.4715 1.58951
1.472 1.59085
1.4725 1.59218
1.473 1.5935
1.4735 1.5948
1.474 1.5961
1.4745 1.59739
1.475 1.59866
1.4755 1.59993
1.476 1.60119
1.4765 1.60243
1.477 1.60367
1.4775 1.60489
1.478 1.61146
1.4785 1.61959
1.479 1.62769
1.4795 1.63576
1.48 1.6438
1.4805 1.65179
1.481 1.65975
1.4815 1.66765
1.482 1.67551
1.4825 1.68332
1.483 1.69107
1.4835 1.69876
1.484 1.70638
1.4845 1.71395
1.485 1.72143
1.4855 1.72884
1.486 1.73618
1.4865 1.74344
1.487 1.75061
1.4875 1.7577
1.488 1.7647
1.4885 1.77159
1.489 1.77839
1.4895 1.78509
1.49 1.79168
1.4905 1.79817
1.491 1.80454
1.4915 1.8108
1.492 1.81694
1.4925 1.82295
1.493 1.82884
1.4935 1.8346
1.494 1.84023
1.4945 1.84573
1.495 1.85107
1.4955 1.85628
1.496 1.86133
1.4965 1.86624
1.497 1.87099
1.4975 1.87559
1.498 1.88003
1.4985 1.88429
1.499 1.88839
1.4995 1.89232
1.5 1.89607
1.5005 1.89975
1.501 1.90325
1.5015 1.90656
1.502 1.90972
1.5025 1.91269
1.503 1.9155
1.5035 1.91815
1.504 1.92064
1.5045 1.92297
1.505 1.92514
1.5055 1.92714
1.506 1.92901
1.5065 1.93072
1.507 1.93229
1.5075 1.93371
1.508 1.93498
1.5085 1.93611
1.509 1.93711
1.5095 1.93797
1.51 1.93869
1.5105 1.93929
1.511 1.93975
1.5115 1.94009
1.512 1.9403
1.5125 1.94039
1.513 1.94036
1.5135 1.94021
1.514 1.93995
1.5145 1.93958
1.515 1.9391
1.5155 1.9385
1.516 1.9378
1.5165 1.937
1.517 1.9361
1.5175 1.9351
1.518 1.934
1.5185 1.9328
1.519 1.93153
1.5195 1.93015
1.52 1.92869
1.5205 1.92715
1.521 1.92552
1.5215 1.92381
1.522 1.92203
1.5225 1.92018
1.523 1.91825
1.5235 1.91624
1.524 1.91418
1.5245 1.91204
1.525 1.90984
1.5255 1.90758
1.526 1.90527
1.5265 1.90289
1.527 1.90047
1.5275 1.898
1.528 1.89547
1.5285 1.89289
1.529 1.89028
1.5295 1.88762
1.53 1.88491
1.5305 1.88219
1.531 1.87941
1.5315 1.87662
1.532 1.87378
1.5325 1.87092
1.533 1.86804
1.5335 1.86513
1.534 1.8622
1.5345 1.85925
1.535 1.85629
1.5355 1.85332
1.536 1.85033
1.5365 1.84734
1.537 1.84434
1.5375 1.84134
1.538 1.83834
1.5385 1.83533
1.539 1.83233
1.5395 1.82934
1.54 1.82635
1.5405 1.82338
1.541 1.82042
1.5415 1.81747
1.542 1.81454
1.5425 1.81164
1.543 1.80875
1.5435 1.8059
1.544 1.80307
1.5445 1.80027
1.545 1.7975
1.5455 1.79476
1.546 1.79206
1.5465 1.78941
1.547 1.7868
1.5475 1.78423
1.548 1.78171
1.5485 1.77924
1.549 1.77682
1.5495 1.77445
1.55 1.77214
1.5505 1.76989
1.551 1.7677
1.5515 1.76556
1.552 1.7635
1.5525 1.76148
1.553 1.75952
1.5535 1.75762
1.554 1.75578
1.5545 1.754
1.555 1.75226
1.5555 1.7506
1.556 1.74898
1.5565 1.74742
1.557 1.74591
1.5575 1.74447
1.558 1.74308
1.5585 1.74175
1.559 1.74046
1.5595 1.73923
1.56 1.73806
1.5605 1.73694
1.561 1.73588
1.5615 1.73487
1.562 1.73391
1.5625 1.733
1.563 1.73216
1.5635 1.73136
1.564 1.73062
1.5645 1.72992
1.565 1.72928
1.5655 1.72868
1.566 1.72815
1.5665 1.72766
1.567 1.72723
1.5675 1.72684
1.568 1.7265
1.5685 1.72622
1.569 1.72598
1.5695 1.7258
1.57 1.72567
1.5705 1.72558
1.571 1.72554
1.5715 1.72556
1.572 1.72561
1.5725 1.72572
1.573 1.72588
1.5735 1.72608
1.574 1.72633
1.5745 1.72663
1.575 1.72698
1.5755 1.72738
1.576 1.72781
1.5765 1.7283
1.577 1.72883
1.5775 1.72941
1.578 1.73004
1.5785 1.73071
1.579 1.73142
1.5795 1.73218
1.58 1.73298
1.5805 1.73383
1.581 1.73472
1.5815 1.73566
1.582 1.73665
1.5825 1.73767
1.583 1.73874
1.5835 1.73985
1.584 1.74101
1.5845 1.7422
1.585 1.74344
1.5855 1.74472
1.586 1.74604
1.5865 1.74742
1.587 1.74882
1.5875 1.75027
1.588 1.75176
1.5885 1.75329
1.589 1.75485
1.5895 1.75647
1.59 1.75812
1.5905 1.7598
1.591 1.76153
1.5915 1.76331
1.592 1.76512
1.5925 1.76698
1.593 1.76887
1.5935 1.7708
1.594 1.77277
1.5945 1.77479
1.595 1.77684
1.5955 1.77893
1.596 1.78105
1.5965 1.78323
1.597 1.78543
1.5975 1.78769
1.598 1.78997
1.5985 1.7923
1.599 1.79467
1.5995 1.79707
1.6 1.79952
1.6005 1.80199
1.601 1.80451
1.6015 1.80707
1.602 1.80966
1.6025 1.81229
1.603 1.81496
1.6035 1.81765
1.604 1.82039
1.6045 1.82314
1.605 1.82594
1.6055 1.82877
1.606 1.83162
1.6065 1.8345
1.607 1.83741
1.6075 1.84035
1.608 1.84331
1.6085 1.8463
1.609 1.84931
1.6095 1.85236
1.61 1.85541
1.6105 1.85849
1.611 1.8616
1.6115 1.86472
1.612 1.86786
1.6125 1.87103
1.613 1.8742
1.6135 1.8774
1.614 1.88061
1.6145 1.88383
1.615 1.88707
1.6155 1.89033
1.616 1.89359
1.6165 1.89688
1.617 1.90017
1.6175 1.90346
1.618 1.90677
1.6185 1.91009
1.619 1.91341
1.6195 1.91674
1.62 1.92007
1.6205 1.92341
1.621 1.92676
1.6215 1.93011
1.622 1.93346
1.6225 1.93681
1.623 1.94016
1.6235 1.94351
1.624 1.94686
1.6245 1.95021
1.625 1.95355
1.6255 1.95689
1.626 1.96022
1.6265 1.96355
1.627 1.96688
1.6275 1.97018
1.628 1.9735
1.6285 1.97679
1.629 1.98008
1.6295 1.98335
1.63 1.98661
1.6305 1.98986
1.631 1.9931
1.6315 1.99632
1.632 1.99952
1.6325 2.00271
1.633 2.00588
1.6335 2.00903
1.634 2.01216
1.6345 2.01527
1.635 2.01836
1.6355 2.02136
1.636 2.02391
1.6365 2.02642
1.637 2.02891
1.6375 2.03136
1.638 2.03379
1.6385 2.03618
1.639 2.03855
1.6395 2.04088
1.64 2.04317
1.6405 2.04542
1.641 2.04764
1.6415 2.04982
1.642 2.05196
1.6425 2.05405
1.643 2.0561
1.6435 2.05811
1.644 2.06007
1.6445 2.06198
1.645 2.06385
1.6455 2.06566
1.646 2.06743
1.6465 2.06914
1.647 2.0708
1.6475 2.07241
1.648 2.07395
1.6485 2.07544
1.649 2.07687
1.6495 2.07823
1.65 2.07954
1.6505 2.08079
1.651 2.08198
1.6515 2.08309
1.652 2.08415
1.6525 2.08516
1.653 2.0861
1.6535 2.08699
1.654 2.08781
1.6545 2.08859
1.655 2.08931
1.6555 2.08998
1.656 2.0906
1.6565 2.09117
1.657 2.09167
1.6575 2.09214
1.658 2.09255
1.6585 2.09292
1.659 2.09324
1.6595 2.09352
1.66 2.09374
1.6605 2.09393
1.661 2.09408
1.6615 2.09418
1.662 2.09424
1.6625 2.09427
1.663 2.09425
1.6635 2.0942
1.664 2.09411
1.6645 2.09398
1.665 2.09382
1.6655 2.09363
1.666 2.0934
1.6665 2.09314
1.667 2.09286
1.6675 2.09254
1.668 2.0922
1.6685 2.09183
1.669 2.09144
1.6695 2.09101
1.67 2.09057
1.6705 2.0901
1.671 2.08961
1.6715 2.0891
1.672 2.08858
1.6725 2.08803
1.673 2.08746
1.6735 2.08688
1.674 2.08628
1.6745 2.08567
1.675 2.08505
1.6755 2.08441
1.676 2.08377
1.6765 2.08311
1.677 2.08246
1.6775 2.08179
1.678 2.08111
1.6785 2.08043
1.679 2.07975
1.6795 2.07906
1.68 2.07837
1.6805 2.07768
1.681 2.07699
1.6815 2.07631
1.682 2.07563
1.6825 2.07496
1.683 2.07427
1.6835 2.07361
1.684 2.07296
1.6845 2.0723
1.685 2.07167
1.6855 2.07105
1.686 2.07043
1.6865 2.06982
1.687 2.06924
1.6875 2.06867
1.688 2.06813
1.6885 2.06759
1.689 2.06708
1.6895 2.06659
1.69 2.06612
1.6905 2.06568
1.691 2.06526
1.6915 2.06487
1.692 2.06451
1.6925 2.06419
1.693 2.0639
1.6935 2.06363
1.694 2.06341
1.6945 2.06322
1.695 2.06307
1.6955 2.06296
1.696 2.06289
1.6965 2.06287
1.697 2.06289
1.6975 2.06295
1.698 2.06307
1.6985 2.06323
1.699 2.06344
1.6995 2.06371
1.7 2.06403
1.7005 2.0644
1.701 2.06483
1.7015 2.06532
1.702 2.06585
1.7025 2.06644
1.703 2.06708
1.7035 2.06777
1.704 2.06851
1.7045 2.06929
1.705 2.07012
1.7055 2.07101
1.706 2.07193
1.7065 2.0729
1.707 2.07391
1.7075 2.07497
1.708 2.07608
1.7085 2.07722
1.709 2.0784
1.7095 2.07949
1.71 2.07945
1.7105 2.07943
1.711 2.07943
1.7115 2.07945
1.712 2.07949
1.7125 2.07955
1.713 2.07962
1.7135 2.07972
1.714 2.07983
1.7145 2.07996
1.715 2.0801
1.7155 2.08026
1.716 2.08044
1.7165 2.08063
1.717 2.08083
1.7175 2.08104
1.718 2.08127
1.7185 2.08151
1.719 2.08175
1.7195 2.08201
1.72 2.08228
1.7205 2.08256
1.721 2.08284
1.7215 2.08314
1.722 2.08344
1.7225 2.08374
1.723 2.08406
1.7235 2.08437
1.724 2.0847
1.7245 2.08502
1.725 2.08535
1.7255 2.08568
1.726 2.08602
1.7265 2.08635
1.727 2.08669
1.7275 2.08702
1.728 2.08736
1.7285 2.08769
1.729 2.08802
1.7295 2.08835
1.73 2.08868
1.7305 2.089
1.731 2.08932
1.7315 2.08963
1.732 2.08994
1.7325 2.09024
1.733 2.09054
1.7335 2.09082
1.734 2.0911
1.7345 2.09137
1.735 2.09163
1.7355 2.09188
1.736 2.09212
1.7365 2.09235
1.737 2.09257
1.7375 2.09277
1.738 2.09296
1.7385 2.09314
1.739 2.0933
1.7395 2.09345
1.74 2.09358
1.7405 2.09369
1.741 2.09379
1.7415 2.09387
1.742 2.09393
1.7425 2.09397
1.743 2.094
1.7435 2.094
1.744 2.09398
1.7445 2.09394
1.745 2.09388
1.7455 2.0938
1.746 2.09369
1.7465 2.09356
1.747 2.0934
1.7475 2.09322
1.748 2.09301
1.7485 2.09278
1.749 2.09252
1.7495 2.09223
1.75 2.09191
1.7505 2.09156
1.751 2.09119
1.7515 2.09078
1.752 2.09035
1.7525 2.08989
1.753 2.0894
1.7535 2.08888
1.754 2.08833
1.7545 2.08775
1.755 2.08714
1.7555 2.08651
1.756 2.08585
1.7565 2.08516
1.757 2.08444
1.7575 2.08369
1.758 2.08291
1.7585 2.08211
1.759 2.08128
1.7595 2.08042
1.76 2.07953
1.7605 2.07861
1.761 2.07767
1.7615 2.07669
1.762 2.0757
1.7625 2.07467
1.763 2.07361
1.7635 2.07253
1.764 2.07142
1.7645 2.07028
1.765 2.06912
1.7655 2.06792
1.766 2.0667
1.7665 2.06546
1.767 2.06418
1.7675 2.06288
1.768 2.06155
1.7685 2.0602
1.769 2.05881
1.7695 2.0574
1.77 2.05597
1.7705 2.0545
1.771 2.05301
1.7715 2.0515
1.772 2.04995
1.7725 2.04838
1.773 2.04679
1.7735 2.04516
1.774 2.04352
1.7745 2.04184
1.775 2.04014
1.7755 2.03841
1.776 2.03666
1.7765 2.03487
1.777 2.03307
1.7775 2.03124
1.778 2.02938
1.7785 2.02749
1.779 2.02558
1.7795 2.02365
1.78 2.02168
1.7805 2.0197
1.781 2.01768
1.7815 2.01565
1.782 2.01358
1.7825 2.01149
1.783 2.00938
1.7835 2.00724
1.784 2.00507
1.7845 2.00288
1.785 2.00067
1.7855 1.99842
1.786 1.99616
1.7865 1.99387
1.787 1.99155
1.7875 1.98921
1.788 1.98684
1.7885 1.98445
1.789 1.98204
1.7895 1.9796
1.79 1.97714
1.7905 1.97465
1.791 1.97213
1.7915 1.9696
1.792 1.96703
1.7925 1.96445
1.793 1.96184
1.7935 1.9592
1.794 1.95654
1.7945 1.95386
1.795 1.95115
1.7955 1.94842
1.796 1.94567
1.7965 1.94289
1.797 1.94009
1.7975 1.93726
1.798 1.93441
1.7985 1.93154
1.799 1.92864
1.7995 1.92572
1.8 1.92278
1.8005 1.91981
1.801 1.91682
1.8015 1.91381
1.802 1.91077
1.8025 1.90771
1.803 1.90464
1.8035 1.90154
1.804 1.89842
1.8045 1.89528
1.805 1.89212
1.8055 1.88894
1.806 1.88574
1.8065 1.88252
1.807 1.87929
1.8075 1.87603
1.808 1.87276
1.8085 1.86947
1.809 1.86617
1.8095 1.86285
1.81 1.85951
1.8105 1.85616
1.811 1.85279
1.8115 1.84941
1.812 1.84601
1.8125 1.8426
1.813 1.83917
1.8135 1.83574
1.814 1.83228
1.8145 1.82882
1.815 1.82535
1.8155 1.82186
1.816 1.81836
1.8165 1.81485
1.817 1.81133
1.8175 1.8078
1.818 1.80426
1.8185 1.80072
1.819 1.79716
1.8195 1.79359
1.82 1.79002
1.8205 1.78644
1.821 1.78285
1.8215 1.77925
1.822 1.77565
1.8225 1.77204
1.823 1.76843
1.8235 1.76481
1.824 1.76118
1.8245 1.75755
1.825 1.75392
1.8255 1.75028
1.826 1.74664
1.8265 1.743
1.827 1.73935
1.8275 1.7357
1.828 1.73205
1.8285 1.7284
1.829 1.72475
1.8295 1.72109
1.83 1.71744
1.8305 1.71378
1.831 1.71013
1.8315 1.70648
1.832 1.70283
1.8325 1.69918
1.833 1.69553
1.8335 1.69188
1.834 1.68824
1.8345 1.6846
1.835 1.68097
1.8355 1.67734
1.836 1.67371
1.8365 1.67009
1.837 1.66647
1.8375 1.66286
1.838 1.65925
1.8385 1.65565
1.839 1.65206
1.8395 1.64848
1.84 1.6449
1.8405 1.64133
1.841 1.63777
1.8415 1.63422
1.842 1.63067
1.8425 1.62714
1.843 1.62361
1.8435 1.6201
1.844 1.6166
1.8445 1.6131
1.845 1.60962
1.8455 1.60616
1.846 1.6027
1.8465 1.59926
1.847 1.59582
1.8475 1.59241
1.848 1.589
1.8485 1.58561
1.849 1.58224
1.8495 1.57888
1.85 1.57554
1.8505 1.57221
1.851 1.56889
1.8515 1.5656
1.852 1.56232
1.8525 1.55906
1.853 1.55581
1.8535 1.55258
1.854 1.54937
1.8545 1.54618
1.855 1.54301
1.8555 1.53985
1.856 1.53672
1.8565 1.5336
1.857 1.53051
1.8575 1.52743
1.858 1.52437
1.8585 1.52134
1.859 1.51832
1.8595 1.51533
1.86 1.51236
1.8605 1.50941
1.861 1.50648
1.8615 1.50357
1.862 1.50069
1.8625 1.49783
1.863 1.495
1.8635 1.49218
1.864 1.48939
1.8645 1.48663
1.865 1.48389
1.8655 1.48117
1.866 1.47848
1.8665 1.47582
1.867 1.47318
1.8675 1.47056
1.868 1.46798
1.8685 1.46541
1.869 1.46288
1.8695 1.46037
1.87 1.45789
1.8705 1.45544
1.871 1.45302
1.8715 1.45063
1.872 1.44826
1.8725 1.44592
1.873 1.44361
1.8735 1.44134
1.874 1.43909
1.8745 1.43687
1.875 1.43468
1.8755 1.43252
1.876 1.4304
1.8765 1.4283
1.877 1.42624
1.8775 1.42421
1.878 1.42221
1.8785 1.42025
1.879 1.41831
1.8795 1.41641
1.88 1.41455
1.8805 1.41271
1.881 1.41092
1.8815 1.40915
1.882 1.40742
1.8825 1.40573
1.883 1.40407
1.8835 1.40245
1.884 1.40086
1.8845 1.39931
1.885 1.39779
1.8855 1.39631
1.886 1.39487
1.8865 1.39347
1.887 1.3921
1.8875 1.39078
1.888 1.38949
1.8885 1.38824
1.889 1.38702
1.8895 1.38585
1.89 1.38472
1.8905 1.38363
1.891 1.38257
1.8915 1.38156
1.892 1.38059
1.8925 1.37966
1.893 1.37877
1.8935 1.37792
1.894 1.37711
1.8945 1.37635
1.895 1.37563
1.8955 1.37495
1.896 1.37431
1.8965 1.37372
1.897 1.37317
1.8975 1.37267
1.898 1.37221
1.8985 1.37179
1.899 1.37142
1.8995 1.3711
1.9 1.37082
1.9005 1.37058
1.901 1.37039
1.9015 1.37025
1.902 1.37015
1.9025 1.3701
1.903 1.3701
1.9035 1.37014
1.904 1.37023
1.9045 1.37036
1.905 1.37054
1.9055 1.37077
1.906 1.37104
1.9065 1.37135
1.907 1.37172
1.9075 1.37213
1.908 1.37258
1.9085 1.37309
1.909 1.37363
1.9095 1.37423
1.91 1.37487
1.9105 1.37556
1.911 1.37629
1.9115 1.37707
1.912 1.37789
1.9125 1.37877
1.913 1.37969
1.9135 1.38065
1.914 1.38166
1.9145 1.38272
1.915 1.38382
1.9155 1.38497
1.916 1.38617
1.9165 1.38741
1.917 1.3887
1.9175 1.39004
1.918 1.39142
1.9185 1.39285
1.919 1.39433
1.9195 1.39585
1.92 1.39742
1.9205 1.39904
1.921 1.4007
1.9215 1.40241
1.922 1.40417
1.9225 1.40597
1.923 1.40782
1.9235 1.40972
1.924 1.41167
1.9245 1.41366
1.925 1.41569
1.9255 1.41778
1.926 1.41991
1.9265 1.42209
1.927 1.42431
1.9275 1.42659
1.928 1.42891
1.9285 1.43127
1.929 1.43369
1.9295 1.43615
1.93 1.43865
1.9305 1.44121
1.931 1.44381
1.9315 1.44646
1.932 1.44916
1.9325 1.4519
1.933 1.45469
1.9335 1.45753
1.934 1.46041
1.9345 1.46335
1.935 1.46632
1.9355 1.46935
1.936 1.47243
1.9365 1.47555
1.937 1.47872
1.9375 1.48193
1.938 1.4852
1.9385 1.48851
1.939 1.49187
1.9395 1.49527
1.94 1.49873
1.9405 1.50223
1.941 1.50578
1.9415 1.50938
1.942 1.51302
1.9425 1.51671
1.943 1.52045
1.9435 1.52424
1.944 1.52807
1.9445 1.53196
1.945 1.53589
1.9455 1.53987
1.946 1.54389
1.9465 1.54797
1.947 1.55209
1.9475 1.55626
1.948 1.56047
1.9485 1.56474
1.949 1.56905
1.9495 1.57341
1.95 1.57782
1.9505 1.58228
1.951 1.58678
1.9515 1.59132
1.952 1.5959
1.9525 1.60051
1.953 1.60516
1.9535 1.60983
1.954 1.61452
1.9545 1.61924
1.955 1.62397
1.9555 1.62871
1.956 1.63347
1.9565 1.63823
1.957 1.64299
1.9575 1.64775
1.958 1.65251
1.9585 1.65726
1.959 1.662
1.9595 1.66672
1.96 1.67143
1.9605 1.67611
1.961 1.68077
1.9615 1.6854
1.962 1.69
1.9625 1.69456
1.963 1.69909
1.9635 1.70357
1.964 1.708
1.9645 1.71239
1.965 1.71672
1.9655 1.721
1.966 1.72521
1.9665 1.72936
1.967 1.73345
1.9675 1.73746
1.968 1.7414
1.9685 1.74526
1.969 1.74905
1.9695 1.75274
1.97 1.75635
1.9705 1.75987
1.971 1.76329
1.9715 1.76662
1.972 1.76984
1.9725 1.77296
1.973 1.77597
1.9735 1.77886
1.974 1.78164
1.9745 1.7843
1.975 1.78684
1.9755 1.78925
1.976 1.79154
1.9765 1.79368
1.977 1.7957
1.9775 1.79757
1.978 1.7993
1.9785 1.80088
1.979 1.80231
1.9795 1.80358
1.98 1.8047
1.9805 1.80566
1.981 1.80645
1.9815 1.80708
1.982 1.80753
1.9825 1.80781
1.983 1.80791
1.9835 1.80782
1.984 1.80756
1.9845 1.8071
1.985 1.80645
1.9855 1.8056
1.986 1.80456
1.9865 1.80331
1.987 1.80185
1.9875 1.80019
1.988 1.79831
1.9885 1.79621
1.989 1.7939
1.9895 1.79136
1.99 1.78859
1.9905 1.78559
1.991 1.78236
1.9915 1.77889
1.992 1.77518
1.9925 1.77122
1.993 1.76702
1.9935 1.76256
1.994 1.75785
1.9945 1.75288
1.995 1.74765
1.9955 1.74215
1.996 1.73638
1.9965 1.73034
1.997 1.72402
1.9975 1.71743
1.998 1.71055
1.9985 1.70338
1.999 1.69592
1.9995 1.68817
2 1.68012
