#     mass     R_mu^F
 9.880e-01  0.000e+00
 9.885e-01  1.161e-04
 9.890e-01  3.638e-04
 9.895e-01  7.380e-04
 9.900e-01  1.251e-03
 9.905e-01  1.919e-03
 9.910e-01  2.762e-03
 9.915e-01  3.803e-03
 9.920e-01  5.065e-03
 9.925e-01  6.578e-03
 9.930e-01  8.371e-03
 9.935e-01  1.048e-02
 9.940e-01  1.294e-02
 9.945e-01  1.579e-02
 9.950e-01  1.908e-02
 9.955e-01  2.286e-02
 9.960e-01  2.719e-02
 9.965e-01  3.212e-02
 9.970e-01  3.775e-02
 9.975e-01  4.413e-02
 9.980e-01  5.137e-02
 9.985e-01  5.956e-02
 9.990e-01  6.882e-02
 9.995e-01  7.928e-02
 1.000e+00  9.109e-02
 1.000e+00  1.044e-01
 1.001e+00  1.195e-01
 1.002e+00  1.365e-01
 1.002e+00  1.557e-01
 1.002e+00  1.773e-01
 1.003e+00  2.019e-01
 1.004e+00  2.297e-01
 1.004e+00  2.612e-01
 1.004e+00  2.970e-01
 1.005e+00  3.378e-01
 1.006e+00  3.843e-01
 1.006e+00  4.375e-01
 1.006e+00  4.985e-01
 1.007e+00  5.688e-01
 1.008e+00  6.498e-01
 1.008e+00  7.438e-01
 1.008e+00  8.532e-01
 1.009e+00  9.812e-01
 1.010e+00  1.132e+00
 1.010e+00  1.309e+00
 1.010e+00  1.521e+00
 1.011e+00  1.774e+00
 1.012e+00  2.080e+00
 1.012e+00  2.452e+00
 1.012e+00  2.909e+00
 1.013e+00  3.476e+00
 1.014e+00  4.186e+00
 1.014e+00  5.085e+00
 1.014e+00  6.238e+00
 1.015e+00  7.733e+00
 1.016e+00  9.689e+00
 1.016e+00  1.227e+01
 1.016e+00  1.566e+01
 1.017e+00  2.006e+01
 1.018e+00  2.551e+01
 1.018e+00  3.163e+01
 1.018e+00  3.726e+01
 1.019e+00  4.061e+01
 1.020e+00  4.037e+01
 1.020e+00  3.693e+01
 1.020e+00  3.187e+01
 1.021e+00  2.666e+01
 1.022e+00  2.206e+01
 1.022e+00  1.828e+01
 1.022e+00  1.526e+01
 1.023e+00  1.287e+01
 1.024e+00  1.098e+01
 1.024e+00  9.471e+00
 1.024e+00  8.254e+00
 1.025e+00  7.261e+00
 1.026e+00  6.444e+00
 1.026e+00  5.764e+00
 1.026e+00  5.193e+00
 1.027e+00  4.708e+00
 1.028e+00  4.294e+00
 1.028e+00  3.937e+00
 1.028e+00  3.627e+00
 1.029e+00  3.356e+00
 1.030e+00  3.118e+00
 1.030e+00  2.907e+00
 1.030e+00  2.720e+00
 1.031e+00  2.553e+00
 1.032e+00  2.403e+00
 1.032e+00  2.268e+00
 1.032e+00  2.146e+00
 1.033e+00  2.035e+00
 1.034e+00  1.934e+00
 1.034e+00  1.842e+00
 1.034e+00  1.757e+00
 1.035e+00  1.679e+00
 1.036e+00  1.608e+00
 1.036e+00  1.542e+00
 1.036e+00  1.480e+00
 1.037e+00  1.424e+00
 1.038e+00  1.371e+00
 1.038e+00  1.322e+00
 1.038e+00  1.276e+00
 1.039e+00  1.233e+00
 1.040e+00  1.192e+00
 1.040e+00  1.155e+00
 1.040e+00  1.119e+00
 1.041e+00  1.086e+00
 1.042e+00  1.055e+00
 1.042e+00  1.025e+00
 1.042e+00  9.971e-01
 1.043e+00  9.707e-01
 1.044e+00  9.457e-01
 1.044e+00  9.221e-01
 1.044e+00  8.996e-01
 1.045e+00  8.783e-01
 1.046e+00  8.581e-01
 1.046e+00  8.389e-01
 1.046e+00  8.206e-01
 1.047e+00  8.031e-01
 1.048e+00  7.865e-01
 1.048e+00  7.707e-01
 1.048e+00  7.556e-01
 1.049e+00  7.411e-01
 1.050e+00  7.274e-01
 1.050e+00  7.142e-01
 1.050e+00  7.016e-01
 1.051e+00  6.895e-01
 1.052e+00  6.780e-01
 1.052e+00  6.669e-01
 1.052e+00  6.563e-01
 1.053e+00  6.461e-01
 1.054e+00  6.364e-01
 1.054e+00  6.270e-01
 1.054e+00  6.180e-01
 1.055e+00  6.094e-01
 1.056e+00  6.011e-01
 1.056e+00  5.932e-01
 1.056e+00  5.855e-01
 1.057e+00  5.782e-01
 1.058e+00  5.711e-01
 1.058e+00  5.643e-01
 1.058e+00  5.577e-01
 1.059e+00  5.514e-01
 1.060e+00  5.454e-01
 1.060e+00  5.395e-01
 1.060e+00  5.339e-01
 1.061e+00  5.285e-01
 1.062e+00  5.233e-01
 1.062e+00  5.182e-01
 1.062e+00  5.134e-01
 1.063e+00  5.087e-01
 1.064e+00  5.042e-01
 1.064e+00  4.998e-01
 1.065e+00  4.956e-01
 1.065e+00  4.916e-01
 1.066e+00  4.877e-01
 1.066e+00  4.839e-01
 1.067e+00  4.803e-01
 1.067e+00  4.768e-01
 1.068e+00  4.734e-01
 1.068e+00  4.701e-01
 1.069e+00  4.670e-01
 1.069e+00  4.639e-01
 1.070e+00  4.609e-01
 1.070e+00  4.581e-01
 1.071e+00  4.553e-01
 1.071e+00  4.527e-01
 1.072e+00  4.501e-01
 1.072e+00  4.476e-01
 1.073e+00  4.452e-01
 1.073e+00  4.428e-01
 1.074e+00  4.405e-01
 1.074e+00  4.383e-01
 1.075e+00  4.362e-01
 1.075e+00  4.341e-01
 1.076e+00  4.321e-01
 1.076e+00  4.302e-01
 1.077e+00  4.283e-01
 1.077e+00  4.264e-01
 1.078e+00  4.246e-01
 1.078e+00  4.229e-01
 1.079e+00  4.212e-01
 1.079e+00  4.195e-01
 1.080e+00  4.179e-01
 1.080e+00  4.163e-01
 1.081e+00  4.147e-01
 1.081e+00  4.132e-01
 1.082e+00  4.117e-01
 1.082e+00  4.103e-01
 1.083e+00  4.088e-01
 1.083e+00  4.074e-01
 1.084e+00  4.060e-01
 1.084e+00  4.046e-01
 1.085e+00  4.033e-01
 1.085e+00  4.019e-01
 1.086e+00  4.006e-01
 1.086e+00  3.993e-01
 1.087e+00  3.979e-01
 1.087e+00  3.966e-01
 1.088e+00  3.953e-01
 1.088e+00  3.940e-01
 1.089e+00  3.927e-01
 1.089e+00  3.914e-01
 1.089e+00  3.901e-01
 1.090e+00  3.888e-01
 1.091e+00  3.875e-01
 1.091e+00  3.862e-01
 1.091e+00  3.849e-01
 1.092e+00  3.836e-01
 1.093e+00  3.822e-01
 1.093e+00  3.809e-01
 1.093e+00  3.796e-01
 1.094e+00  3.783e-01
 1.095e+00  3.770e-01
 1.095e+00  3.756e-01
 1.095e+00  3.743e-01
 1.096e+00  3.730e-01
 1.097e+00  3.716e-01
 1.097e+00  3.703e-01
 1.097e+00  3.689e-01
 1.098e+00  3.676e-01
 1.099e+00  3.662e-01
 1.099e+00  3.649e-01
 1.099e+00  3.635e-01
 1.100e+00  3.621e-01
 1.101e+00  3.608e-01
 1.101e+00  3.594e-01
 1.101e+00  3.580e-01
 1.102e+00  3.566e-01
 1.103e+00  3.553e-01
 1.103e+00  3.539e-01
 1.103e+00  3.525e-01
 1.104e+00  3.511e-01
 1.105e+00  3.497e-01
 1.105e+00  3.483e-01
 1.105e+00  3.469e-01
 1.106e+00  3.455e-01
 1.107e+00  3.441e-01
 1.107e+00  3.427e-01
 1.107e+00  3.413e-01
 1.108e+00  3.399e-01
 1.109e+00  3.385e-01
 1.109e+00  3.371e-01
 1.109e+00  3.357e-01
 1.110e+00  3.342e-01
 1.111e+00  3.328e-01
 1.111e+00  3.314e-01
 1.111e+00  3.300e-01
 1.112e+00  3.286e-01
 1.113e+00  3.272e-01
 1.113e+00  3.258e-01
 1.113e+00  3.244e-01
 1.114e+00  3.230e-01
 1.115e+00  3.216e-01
 1.115e+00  3.202e-01
 1.115e+00  3.188e-01
 1.116e+00  3.174e-01
 1.117e+00  3.160e-01
 1.117e+00  3.146e-01
 1.117e+00  3.132e-01
 1.118e+00  3.119e-01
 1.119e+00  3.105e-01
 1.119e+00  3.091e-01
 1.119e+00  3.078e-01
 1.120e+00  3.064e-01
 1.121e+00  3.051e-01
 1.121e+00  3.038e-01
 1.121e+00  3.024e-01
 1.122e+00  3.011e-01
 1.123e+00  2.998e-01
 1.123e+00  2.985e-01
 1.123e+00  2.972e-01
 1.124e+00  2.959e-01
 1.125e+00  2.946e-01
 1.125e+00  2.934e-01
 1.125e+00  2.921e-01
 1.126e+00  2.909e-01
 1.127e+00  2.896e-01
 1.127e+00  2.884e-01
 1.127e+00  2.872e-01
 1.128e+00  2.860e-01
 1.129e+00  2.848e-01
 1.129e+00  2.837e-01
 1.129e+00  2.825e-01
 1.130e+00  2.814e-01
 1.131e+00  2.803e-01
 1.131e+00  2.792e-01
 1.131e+00  2.781e-01
 1.132e+00  2.770e-01
 1.133e+00  2.759e-01
 1.133e+00  2.749e-01
 1.133e+00  2.739e-01
 1.134e+00  2.729e-01
 1.135e+00  2.719e-01
 1.135e+00  2.709e-01
 1.135e+00  2.700e-01
 1.136e+00  2.691e-01
 1.137e+00  2.682e-01
 1.137e+00  2.673e-01
 1.137e+00  2.664e-01
 1.138e+00  2.656e-01
 1.139e+00  2.648e-01
 1.139e+00  2.640e-01
 1.139e+00  2.632e-01
 1.140e+00  2.625e-01
 1.141e+00  2.617e-01
 1.141e+00  2.610e-01
 1.141e+00  2.603e-01
 1.142e+00  2.597e-01
 1.143e+00  2.590e-01
 1.143e+00  2.584e-01
 1.143e+00  2.578e-01
 1.144e+00  2.572e-01
 1.145e+00  2.566e-01
 1.145e+00  2.561e-01
 1.145e+00  2.556e-01
 1.146e+00  2.550e-01
 1.147e+00  2.546e-01
 1.147e+00  2.541e-01
 1.147e+00  2.536e-01
 1.148e+00  2.532e-01
 1.149e+00  2.528e-01
 1.149e+00  2.524e-01
 1.149e+00  2.520e-01
 1.150e+00  2.516e-01
 1.151e+00  2.512e-01
 1.151e+00  2.509e-01
 1.151e+00  2.506e-01
 1.152e+00  2.503e-01
 1.153e+00  2.500e-01
 1.153e+00  2.497e-01
 1.153e+00  2.494e-01
 1.154e+00  2.492e-01
 1.155e+00  2.489e-01
 1.155e+00  2.487e-01
 1.155e+00  2.485e-01
 1.156e+00  2.483e-01
 1.157e+00  2.481e-01
 1.157e+00  2.479e-01
 1.157e+00  2.477e-01
 1.158e+00  2.476e-01
 1.159e+00  2.474e-01
 1.159e+00  2.473e-01
 1.159e+00  2.472e-01
 1.160e+00  2.471e-01
 1.161e+00  2.470e-01
 1.161e+00  2.469e-01
 1.161e+00  2.468e-01
 1.162e+00  2.468e-01
 1.163e+00  2.467e-01
 1.163e+00  2.467e-01
 1.163e+00  2.466e-01
 1.164e+00  2.466e-01
 1.165e+00  2.466e-01
 1.165e+00  2.465e-01
 1.165e+00  2.465e-01
 1.166e+00  2.465e-01
 1.167e+00  2.465e-01
 1.167e+00  2.466e-01
 1.167e+00  2.466e-01
 1.168e+00  2.466e-01
 1.169e+00  2.466e-01
 1.169e+00  2.467e-01
 1.169e+00  2.467e-01
 1.170e+00  2.468e-01
 1.171e+00  2.468e-01
 1.171e+00  2.469e-01
 1.171e+00  2.469e-01
 1.172e+00  2.470e-01
 1.173e+00  2.471e-01
 1.173e+00  2.471e-01
 1.173e+00  2.472e-01
 1.174e+00  2.473e-01
 1.175e+00  2.474e-01
 1.175e+00  2.475e-01
 1.175e+00  2.475e-01
 1.176e+00  2.476e-01
 1.177e+00  2.477e-01
 1.177e+00  2.478e-01
 1.177e+00  2.479e-01
 1.178e+00  2.480e-01
 1.179e+00  2.481e-01
 1.179e+00  2.482e-01
 1.179e+00  2.482e-01
 1.180e+00  2.483e-01
 1.181e+00  2.484e-01
 1.181e+00  2.485e-01
 1.181e+00  2.486e-01
 1.182e+00  2.486e-01
 1.183e+00  2.487e-01
 1.183e+00  2.488e-01
 1.183e+00  2.489e-01
 1.184e+00  2.489e-01
 1.185e+00  2.490e-01
 1.185e+00  2.490e-01
 1.185e+00  2.491e-01
 1.186e+00  2.491e-01
 1.187e+00  2.492e-01
 1.187e+00  2.492e-01
 1.188e+00  2.492e-01
 1.188e+00  2.493e-01
 1.189e+00  2.493e-01
 1.189e+00  2.493e-01
 1.190e+00  2.493e-01
 1.190e+00  2.493e-01
 1.191e+00  2.493e-01
 1.191e+00  2.492e-01
 1.192e+00  2.492e-01
 1.192e+00  2.492e-01
 1.193e+00  2.491e-01
 1.193e+00  2.491e-01
 1.194e+00  2.490e-01
 1.194e+00  2.490e-01
 1.195e+00  2.489e-01
 1.195e+00  2.489e-01
 1.196e+00  2.488e-01
 1.196e+00  2.487e-01
 1.197e+00  2.486e-01
 1.197e+00  2.485e-01
 1.198e+00  2.484e-01
 1.198e+00  2.483e-01
 1.199e+00  2.482e-01
 1.199e+00  2.481e-01
 1.200e+00  2.480e-01
 1.200e+00  2.479e-01
 1.201e+00  2.477e-01
 1.201e+00  2.476e-01
 1.202e+00  2.475e-01
 1.202e+00  2.473e-01
 1.203e+00  2.472e-01
 1.203e+00  2.470e-01
 1.204e+00  2.469e-01
 1.204e+00  2.467e-01
 1.205e+00  2.466e-01
 1.205e+00  2.464e-01
 1.206e+00  2.463e-01
 1.206e+00  2.461e-01
 1.207e+00  2.459e-01
 1.207e+00  2.457e-01
 1.208e+00  2.456e-01
 1.208e+00  2.454e-01
 1.209e+00  2.452e-01
 1.209e+00  2.450e-01
 1.210e+00  2.448e-01
 1.210e+00  2.446e-01
 1.211e+00  2.444e-01
 1.211e+00  2.442e-01
 1.212e+00  2.440e-01
 1.212e+00  2.438e-01
 1.213e+00  2.436e-01
 1.213e+00  2.434e-01
 1.214e+00  2.432e-01
 1.214e+00  2.430e-01
 1.215e+00  2.428e-01
 1.215e+00  2.426e-01
 1.216e+00  2.424e-01
 1.216e+00  2.422e-01
 1.216e+00  2.420e-01
 1.217e+00  2.418e-01
 1.218e+00  2.416e-01
 1.218e+00  2.413e-01
 1.218e+00  2.411e-01
 1.219e+00  2.409e-01
 1.220e+00  2.407e-01
 1.220e+00  2.405e-01
 1.220e+00  2.403e-01
 1.221e+00  2.401e-01
 1.222e+00  2.399e-01
 1.222e+00  2.397e-01
 1.222e+00  2.395e-01
 1.223e+00  2.393e-01
 1.224e+00  2.391e-01
 1.224e+00  2.389e-01
 1.224e+00  2.386e-01
 1.225e+00  2.384e-01
 1.226e+00  2.383e-01
 1.226e+00  2.381e-01
 1.226e+00  2.379e-01
 1.227e+00  2.377e-01
 1.228e+00  2.375e-01
 1.228e+00  2.373e-01
 1.228e+00  2.371e-01
 1.229e+00  2.369e-01
 1.230e+00  2.368e-01
 1.230e+00  2.366e-01
 1.230e+00  2.364e-01
 1.231e+00  2.362e-01
 1.232e+00  2.361e-01
 1.232e+00  2.359e-01
 1.232e+00  2.358e-01
 1.233e+00  2.356e-01
 1.234e+00  2.355e-01
 1.234e+00  2.353e-01
 1.234e+00  2.352e-01
 1.235e+00  2.351e-01
 1.236e+00  2.349e-01
 1.236e+00  2.348e-01
 1.236e+00  2.347e-01
 1.237e+00  2.346e-01
 1.238e+00  2.345e-01
 1.238e+00  2.344e-01
 1.238e+00  2.343e-01
 1.239e+00  2.342e-01
 1.240e+00  2.341e-01
 1.240e+00  2.340e-01
 1.240e+00  2.340e-01
 1.241e+00  2.339e-01
 1.242e+00  2.338e-01
 1.242e+00  2.338e-01
 1.242e+00  2.337e-01
 1.243e+00  2.337e-01
 1.244e+00  2.336e-01
 1.244e+00  2.336e-01
 1.244e+00  2.336e-01
 1.245e+00  2.335e-01
 1.246e+00  2.335e-01
 1.246e+00  2.335e-01
 1.246e+00  2.335e-01
 1.247e+00  2.335e-01
 1.248e+00  2.334e-01
 1.248e+00  2.334e-01
 1.248e+00  2.334e-01
 1.249e+00  2.335e-01
 1.250e+00  2.335e-01
 1.250e+00  2.335e-01
 1.250e+00  2.335e-01
 1.251e+00  2.335e-01
 1.252e+00  2.335e-01
 1.252e+00  2.335e-01
 1.252e+00  2.336e-01
 1.253e+00  2.336e-01
 1.254e+00  2.336e-01
 1.254e+00  2.337e-01
 1.254e+00  2.337e-01
 1.255e+00  2.337e-01
 1.256e+00  2.338e-01
 1.256e+00  2.338e-01
 1.256e+00  2.339e-01
 1.257e+00  2.339e-01
 1.258e+00  2.340e-01
 1.258e+00  2.340e-01
 1.258e+00  2.341e-01
 1.259e+00  2.341e-01
 1.260e+00  2.342e-01
 1.260e+00  2.342e-01
 1.260e+00  2.343e-01
 1.261e+00  2.343e-01
 1.262e+00  2.344e-01
 1.262e+00  2.345e-01
 1.262e+00  2.345e-01
 1.263e+00  2.346e-01
 1.264e+00  2.346e-01
 1.264e+00  2.347e-01
 1.264e+00  2.348e-01
 1.265e+00  2.348e-01
 1.266e+00  2.349e-01
 1.266e+00  2.349e-01
 1.266e+00  2.350e-01
 1.267e+00  2.351e-01
 1.268e+00  2.351e-01
 1.268e+00  2.352e-01
 1.268e+00  2.352e-01
 1.269e+00  2.353e-01
 1.270e+00  2.353e-01
 1.270e+00  2.354e-01
 1.270e+00  2.354e-01
 1.271e+00  2.355e-01
 1.272e+00  2.355e-01
 1.272e+00  2.356e-01
 1.272e+00  2.356e-01
 1.273e+00  2.357e-01
 1.274e+00  2.357e-01
 1.274e+00  2.357e-01
 1.274e+00  2.358e-01
 1.275e+00  2.358e-01
 1.276e+00  2.358e-01
 1.276e+00  2.358e-01
 1.276e+00  2.359e-01
 1.277e+00  2.359e-01
 1.278e+00  2.359e-01
 1.278e+00  2.359e-01
 1.278e+00  2.359e-01
 1.279e+00  2.359e-01
 1.280e+00  2.359e-01
 1.280e+00  2.359e-01
 1.280e+00  2.359e-01
 1.281e+00  2.359e-01
 1.282e+00  2.359e-01
 1.282e+00  2.359e-01
 1.282e+00  2.358e-01
 1.283e+00  2.358e-01
 1.284e+00  2.358e-01
 1.284e+00  2.357e-01
 1.284e+00  2.357e-01
 1.285e+00  2.356e-01
 1.286e+00  2.356e-01
 1.286e+00  2.355e-01
 1.286e+00  2.355e-01
 1.287e+00  2.354e-01
 1.288e+00  2.353e-01
 1.288e+00  2.352e-01
 1.288e+00  2.351e-01
 1.289e+00  2.350e-01
 1.290e+00  2.349e-01
 1.290e+00  2.348e-01
 1.290e+00  2.347e-01
 1.291e+00  2.346e-01
 1.292e+00  2.344e-01
 1.292e+00  2.343e-01
 1.292e+00  2.342e-01
 1.293e+00  2.340e-01
 1.294e+00  2.339e-01
 1.294e+00  2.337e-01
 1.294e+00  2.335e-01
 1.295e+00  2.334e-01
 1.296e+00  2.332e-01
 1.296e+00  2.330e-01
 1.296e+00  2.328e-01
 1.297e+00  2.327e-01
 1.298e+00  2.325e-01
 1.298e+00  2.323e-01
 1.298e+00  2.321e-01
 1.299e+00  2.319e-01
 1.300e+00  2.317e-01
 1.300e+00  2.315e-01
 1.300e+00  2.313e-01
 1.301e+00  2.310e-01
 1.302e+00  2.308e-01
 1.302e+00  2.306e-01
 1.302e+00  2.304e-01
 1.303e+00  2.301e-01
 1.304e+00  2.299e-01
 1.304e+00  2.297e-01
 1.304e+00  2.294e-01
 1.305e+00  2.292e-01
 1.306e+00  2.289e-01
 1.306e+00  2.287e-01
 1.306e+00  2.284e-01
 1.307e+00  2.282e-01
 1.308e+00  2.279e-01
 1.308e+00  2.277e-01
 1.308e+00  2.274e-01
 1.309e+00  2.272e-01
 1.310e+00  2.269e-01
 1.310e+00  2.266e-01
 1.310e+00  2.264e-01
 1.311e+00  2.261e-01
 1.312e+00  2.259e-01
 1.312e+00  2.256e-01
 1.312e+00  2.253e-01
 1.313e+00  2.251e-01
 1.314e+00  2.248e-01
 1.314e+00  2.245e-01
 1.315e+00  2.242e-01
 1.315e+00  2.240e-01
 1.316e+00  2.237e-01
 1.316e+00  2.234e-01
 1.317e+00  2.232e-01
 1.317e+00  2.229e-01
 1.318e+00  2.226e-01
 1.318e+00  2.224e-01
 1.319e+00  2.221e-01
 1.319e+00  2.218e-01
 1.320e+00  2.216e-01
 1.320e+00  2.213e-01
 1.321e+00  2.210e-01
 1.321e+00  2.208e-01
 1.322e+00  2.205e-01
 1.322e+00  2.202e-01
 1.323e+00  2.200e-01
 1.323e+00  2.197e-01
 1.324e+00  2.195e-01
 1.324e+00  2.192e-01
 1.325e+00  2.190e-01
 1.325e+00  2.187e-01
 1.326e+00  2.185e-01
 1.326e+00  2.182e-01
 1.327e+00  2.180e-01
 1.327e+00  2.178e-01
 1.328e+00  2.175e-01
 1.328e+00  2.173e-01
 1.329e+00  2.171e-01
 1.329e+00  2.168e-01
 1.330e+00  2.166e-01
 1.330e+00  2.164e-01
 1.331e+00  2.162e-01
 1.331e+00  2.160e-01
 1.332e+00  2.157e-01
 1.332e+00  2.155e-01
 1.333e+00  2.153e-01
 1.333e+00  2.151e-01
 1.334e+00  2.149e-01
 1.334e+00  2.148e-01
 1.335e+00  2.146e-01
 1.335e+00  2.144e-01
 1.336e+00  2.142e-01
 1.336e+00  2.141e-01
 1.337e+00  2.139e-01
 1.337e+00  2.137e-01
 1.338e+00  2.136e-01
 1.338e+00  2.134e-01
 1.339e+00  2.133e-01
 1.339e+00  2.131e-01
 1.340e+00  2.130e-01
 1.340e+00  2.129e-01
 1.341e+00  2.128e-01
 1.341e+00  2.127e-01
 1.342e+00  2.125e-01
 1.342e+00  2.124e-01
 1.343e+00  2.123e-01
 1.343e+00  2.122e-01
 1.344e+00  2.121e-01
 1.344e+00  2.121e-01
 1.345e+00  2.120e-01
 1.345e+00  2.119e-01
 1.345e+00  2.118e-01
 1.346e+00  2.118e-01
 1.347e+00  2.117e-01
 1.347e+00  2.116e-01
 1.347e+00  2.116e-01
 1.348e+00  2.115e-01
 1.349e+00  2.115e-01
 1.349e+00  2.114e-01
 1.349e+00  2.114e-01
 1.350e+00  2.113e-01
 1.351e+00  2.113e-01
 1.351e+00  2.113e-01
 1.351e+00  2.112e-01
 1.352e+00  2.112e-01
 1.353e+00  2.112e-01
 1.353e+00  2.112e-01
 1.353e+00  2.112e-01
 1.354e+00  2.111e-01
 1.355e+00  2.111e-01
 1.355e+00  2.111e-01
 1.355e+00  2.111e-01
 1.356e+00  2.111e-01
 1.357e+00  2.111e-01
 1.357e+00  2.111e-01
 1.357e+00  2.111e-01
 1.358e+00  2.111e-01
 1.359e+00  2.111e-01
 1.359e+00  2.112e-01
 1.359e+00  2.112e-01
 1.360e+00  2.112e-01
 1.361e+00  2.112e-01
 1.361e+00  2.112e-01
 1.361e+00  2.112e-01
 1.362e+00  2.113e-01
 1.363e+00  2.113e-01
 1.363e+00  2.113e-01
 1.363e+00  2.113e-01
 1.364e+00  2.114e-01
 1.365e+00  2.114e-01
 1.365e+00  2.114e-01
 1.365e+00  2.114e-01
 1.366e+00  2.115e-01
 1.367e+00  2.115e-01
 1.367e+00  2.115e-01
 1.367e+00  2.116e-01
 1.368e+00  2.116e-01
 1.369e+00  2.116e-01
 1.369e+00  2.117e-01
 1.369e+00  2.117e-01
 1.370e+00  2.117e-01
 1.371e+00  2.118e-01
 1.371e+00  2.118e-01
 1.371e+00  2.118e-01
 1.372e+00  2.118e-01
 1.373e+00  2.119e-01
 1.373e+00  2.119e-01
 1.373e+00  2.119e-01
 1.374e+00  2.120e-01
 1.375e+00  2.120e-01
 1.375e+00  2.120e-01
 1.375e+00  2.120e-01
 1.376e+00  2.121e-01
 1.377e+00  2.121e-01
 1.377e+00  2.121e-01
 1.377e+00  2.121e-01
 1.378e+00  2.121e-01
 1.379e+00  2.122e-01
 1.379e+00  2.122e-01
 1.379e+00  2.122e-01
 1.380e+00  2.122e-01
 1.381e+00  2.122e-01
 1.381e+00  2.122e-01
 1.381e+00  2.122e-01
 1.382e+00  2.122e-01
 1.383e+00  2.122e-01
 1.383e+00  2.122e-01
 1.383e+00  2.122e-01
 1.384e+00  2.122e-01
 1.385e+00  2.122e-01
 1.385e+00  2.122e-01
 1.385e+00  2.121e-01
 1.386e+00  2.121e-01
 1.387e+00  2.121e-01
 1.387e+00  2.121e-01
 1.387e+00  2.120e-01
 1.388e+00  2.120e-01
 1.389e+00  2.120e-01
 1.389e+00  2.119e-01
 1.389e+00  2.119e-01
 1.390e+00  2.118e-01
 1.391e+00  2.118e-01
 1.391e+00  2.117e-01
 1.391e+00  2.117e-01
 1.392e+00  2.116e-01
 1.393e+00  2.115e-01
 1.393e+00  2.114e-01
 1.393e+00  2.114e-01
 1.394e+00  2.113e-01
 1.395e+00  2.112e-01
 1.395e+00  2.111e-01
 1.395e+00  2.110e-01
 1.396e+00  2.110e-01
 1.397e+00  2.109e-01
 1.397e+00  2.108e-01
 1.397e+00  2.107e-01
 1.398e+00  2.106e-01
 1.399e+00  2.105e-01
 1.399e+00  2.104e-01
 1.399e+00  2.102e-01
 1.400e+00  2.101e-01
 1.401e+00  2.100e-01
 1.401e+00  2.099e-01
 1.401e+00  2.098e-01
 1.402e+00  2.097e-01
 1.403e+00  2.095e-01
 1.403e+00  2.094e-01
 1.403e+00  2.093e-01
 1.404e+00  2.091e-01
 1.405e+00  2.090e-01
 1.405e+00  2.089e-01
 1.405e+00  2.087e-01
 1.406e+00  2.086e-01
 1.407e+00  2.084e-01
 1.407e+00  2.083e-01
 1.407e+00  2.082e-01
 1.408e+00  2.080e-01
 1.409e+00  2.078e-01
 1.409e+00  2.077e-01
 1.409e+00  2.075e-01
 1.410e+00  2.074e-01
 1.411e+00  2.072e-01
 1.411e+00  2.071e-01
 1.411e+00  2.069e-01
 1.412e+00  2.067e-01
 1.413e+00  2.066e-01
 1.413e+00  2.064e-01
 1.413e+00  2.062e-01
 1.414e+00  2.061e-01
 1.415e+00  2.059e-01
 1.415e+00  2.057e-01
 1.415e+00  2.056e-01
 1.416e+00  2.054e-01
 1.417e+00  2.052e-01
 1.417e+00  2.050e-01
 1.417e+00  2.049e-01
 1.418e+00  2.047e-01
 1.419e+00  2.045e-01
 1.419e+00  2.043e-01
 1.419e+00  2.041e-01
 1.420e+00  2.040e-01
 1.421e+00  2.038e-01
 1.421e+00  2.036e-01
 1.421e+00  2.034e-01
 1.422e+00  2.032e-01
 1.423e+00  2.030e-01
 1.423e+00  2.029e-01
 1.423e+00  2.027e-01
 1.424e+00  2.025e-01
 1.425e+00  2.023e-01
 1.425e+00  2.021e-01
 1.425e+00  2.019e-01
 1.426e+00  2.017e-01
 1.427e+00  2.015e-01
 1.427e+00  2.014e-01
 1.427e+00  2.012e-01
 1.428e+00  2.010e-01
 1.429e+00  2.008e-01
 1.429e+00  2.006e-01
 1.429e+00  2.004e-01
 1.430e+00  2.002e-01
 1.431e+00  2.001e-01
 1.431e+00  1.999e-01
 1.431e+00  1.997e-01
 1.432e+00  1.995e-01
 1.433e+00  1.993e-01
 1.433e+00  1.991e-01
 1.433e+00  1.989e-01
 1.434e+00  1.988e-01
 1.435e+00  1.986e-01
 1.435e+00  1.984e-01
 1.435e+00  1.982e-01
 1.436e+00  1.980e-01
 1.437e+00  1.979e-01
 1.437e+00  1.977e-01
 1.438e+00  1.975e-01
 1.438e+00  1.973e-01
 1.439e+00  1.971e-01
 1.439e+00  1.970e-01
 1.440e+00  1.968e-01
 1.440e+00  1.966e-01
 1.441e+00  1.965e-01
 1.441e+00  1.963e-01
 1.442e+00  1.961e-01
 1.442e+00  1.959e-01
 1.443e+00  1.958e-01
 1.443e+00  1.956e-01
 1.444e+00  1.955e-01
 1.444e+00  1.953e-01
 1.445e+00  1.951e-01
 1.445e+00  1.950e-01
 1.446e+00  1.948e-01
 1.446e+00  1.946e-01
 1.447e+00  1.945e-01
 1.447e+00  1.943e-01
 1.448e+00  1.942e-01
 1.448e+00  1.940e-01
 1.449e+00  1.939e-01
 1.449e+00  1.937e-01
 1.450e+00  1.935e-01
 1.450e+00  1.934e-01
 1.451e+00  1.932e-01
 1.451e+00  1.931e-01
 1.452e+00  1.929e-01
 1.452e+00  1.928e-01
 1.453e+00  1.926e-01
 1.453e+00  1.925e-01
 1.454e+00  1.923e-01
 1.454e+00  1.922e-01
 1.455e+00  1.921e-01
 1.455e+00  1.919e-01
 1.456e+00  1.918e-01
 1.456e+00  1.916e-01
 1.457e+00  1.915e-01
 1.457e+00  1.913e-01
 1.458e+00  1.912e-01
 1.458e+00  1.911e-01
 1.459e+00  1.909e-01
 1.459e+00  1.908e-01
 1.460e+00  1.906e-01
 1.460e+00  1.905e-01
 1.461e+00  1.904e-01
 1.461e+00  1.902e-01
 1.462e+00  1.901e-01
 1.462e+00  1.900e-01
 1.463e+00  1.898e-01
 1.463e+00  1.897e-01
 1.464e+00  1.896e-01
 1.464e+00  1.894e-01
 1.465e+00  1.893e-01
 1.465e+00  1.892e-01
 1.466e+00  1.891e-01
 1.466e+00  1.889e-01
 1.467e+00  1.888e-01
 1.467e+00  1.887e-01
 1.468e+00  1.886e-01
 1.468e+00  1.884e-01
 1.469e+00  1.883e-01
 1.469e+00  1.882e-01
 1.470e+00  1.881e-01
 1.470e+00  1.879e-01
 1.471e+00  1.878e-01
 1.471e+00  1.877e-01
 1.472e+00  1.876e-01
 1.472e+00  1.875e-01
 1.472e+00  1.873e-01
 1.473e+00  1.872e-01
 1.474e+00  1.871e-01
 1.474e+00  1.870e-01
 1.474e+00  1.869e-01
 1.475e+00  1.867e-01
 1.476e+00  1.866e-01
 1.476e+00  1.865e-01
 1.476e+00  1.864e-01
 1.477e+00  1.863e-01
 1.478e+00  1.862e-01
 1.478e+00  1.861e-01
 1.478e+00  1.859e-01
 1.479e+00  1.858e-01
 1.480e+00  1.857e-01
 1.480e+00  1.856e-01
 1.480e+00  1.855e-01
 1.481e+00  1.854e-01
 1.482e+00  1.853e-01
 1.482e+00  1.852e-01
 1.482e+00  1.851e-01
 1.483e+00  1.850e-01
 1.484e+00  1.848e-01
 1.484e+00  1.847e-01
 1.484e+00  1.846e-01
 1.485e+00  1.845e-01
 1.486e+00  1.844e-01
 1.486e+00  1.843e-01
 1.486e+00  1.842e-01
 1.487e+00  1.841e-01
 1.488e+00  1.840e-01
 1.488e+00  1.839e-01
 1.488e+00  1.838e-01
 1.489e+00  1.837e-01
 1.490e+00  1.836e-01
 1.490e+00  1.835e-01
 1.490e+00  1.834e-01
 1.491e+00  1.833e-01
 1.492e+00  1.832e-01
 1.492e+00  1.831e-01
 1.492e+00  1.830e-01
 1.493e+00  1.829e-01
 1.494e+00  1.828e-01
 1.494e+00  1.827e-01
 1.494e+00  1.826e-01
 1.495e+00  1.825e-01
 1.496e+00  1.824e-01
 1.496e+00  1.823e-01
 1.496e+00  1.822e-01
 1.497e+00  1.821e-01
 1.498e+00  1.820e-01
 1.498e+00  1.819e-01
 1.498e+00  1.818e-01
 1.499e+00  1.817e-01
 1.500e+00  1.816e-01
 1.500e+00  1.815e-01
 1.500e+00  1.814e-01
 1.501e+00  1.813e-01
 1.502e+00  1.812e-01
 1.502e+00  1.812e-01
 1.502e+00  1.811e-01
 1.503e+00  1.810e-01
 1.504e+00  1.809e-01
 1.504e+00  1.808e-01
 1.504e+00  1.807e-01
 1.505e+00  1.806e-01
 1.506e+00  1.805e-01
 1.506e+00  1.805e-01
 1.506e+00  1.804e-01
 1.507e+00  1.803e-01
 1.508e+00  1.802e-01
 1.508e+00  1.801e-01
 1.508e+00  1.800e-01
 1.509e+00  1.800e-01
 1.510e+00  1.799e-01
 1.510e+00  1.798e-01
 1.510e+00  1.797e-01
 1.511e+00  1.797e-01
 1.512e+00  1.796e-01
 1.512e+00  1.795e-01
 1.512e+00  1.794e-01
 1.513e+00  1.794e-01
 1.514e+00  1.793e-01
 1.514e+00  1.792e-01
 1.514e+00  1.791e-01
 1.515e+00  1.791e-01
 1.516e+00  1.790e-01
 1.516e+00  1.789e-01
 1.516e+00  1.789e-01
 1.517e+00  1.788e-01
 1.518e+00  1.787e-01
 1.518e+00  1.787e-01
 1.518e+00  1.786e-01
 1.519e+00  1.785e-01
 1.520e+00  1.785e-01
 1.520e+00  1.784e-01
 1.520e+00  1.784e-01
 1.521e+00  1.783e-01
 1.522e+00  1.782e-01
 1.522e+00  1.782e-01
 1.522e+00  1.781e-01
 1.523e+00  1.781e-01
 1.524e+00  1.780e-01
 1.524e+00  1.780e-01
 1.524e+00  1.779e-01
 1.525e+00  1.779e-01
 1.526e+00  1.778e-01
 1.526e+00  1.778e-01
 1.526e+00  1.777e-01
 1.527e+00  1.777e-01
 1.528e+00  1.776e-01
 1.528e+00  1.776e-01
 1.528e+00  1.776e-01
 1.529e+00  1.775e-01
 1.530e+00  1.775e-01
 1.530e+00  1.774e-01
 1.530e+00  1.774e-01
 1.531e+00  1.774e-01
 1.532e+00  1.773e-01
 1.532e+00  1.773e-01
 1.532e+00  1.773e-01
 1.533e+00  1.772e-01
 1.534e+00  1.772e-01
 1.534e+00  1.772e-01
 1.534e+00  1.771e-01
 1.535e+00  1.771e-01
 1.536e+00  1.771e-01
 1.536e+00  1.771e-01
 1.536e+00  1.770e-01
 1.537e+00  1.770e-01
 1.538e+00  1.770e-01
 1.538e+00  1.770e-01
 1.538e+00  1.770e-01
 1.539e+00  1.770e-01
 1.540e+00  1.769e-01
 1.540e+00  1.769e-01
 1.540e+00  1.769e-01
 1.541e+00  1.769e-01
 1.542e+00  1.769e-01
 1.542e+00  1.769e-01
 1.542e+00  1.769e-01
 1.543e+00  1.769e-01
 1.544e+00  1.769e-01
 1.544e+00  1.769e-01
 1.544e+00  1.769e-01
 1.545e+00  1.769e-01
 1.546e+00  1.769e-01
 1.546e+00  1.769e-01
 1.546e+00  1.769e-01
 1.547e+00  1.769e-01
 1.548e+00  1.769e-01
 1.548e+00  1.769e-01
 1.548e+00  1.769e-01
 1.549e+00  1.769e-01
 1.550e+00  1.769e-01
 1.550e+00  1.769e-01
 1.550e+00  1.770e-01
 1.551e+00  1.770e-01
 1.552e+00  1.770e-01
 1.552e+00  1.770e-01
 1.552e+00  1.770e-01
 1.553e+00  1.770e-01
 1.554e+00  1.771e-01
 1.554e+00  1.771e-01
 1.554e+00  1.771e-01
 1.555e+00  1.771e-01
 1.556e+00  1.772e-01
 1.556e+00  1.772e-01
 1.556e+00  1.772e-01
 1.557e+00  1.773e-01
 1.558e+00  1.773e-01
 1.558e+00  1.773e-01
 1.558e+00  1.774e-01
 1.559e+00  1.774e-01
 1.560e+00  1.774e-01
 1.560e+00  1.775e-01
 1.560e+00  1.775e-01
 1.561e+00  1.775e-01
 1.562e+00  1.776e-01
 1.562e+00  1.776e-01
 1.562e+00  1.777e-01
 1.563e+00  1.777e-01
 1.564e+00  1.777e-01
 1.564e+00  1.778e-01
 1.565e+00  1.778e-01
 1.565e+00  1.779e-01
 1.566e+00  1.779e-01
 1.566e+00  1.780e-01
 1.567e+00  1.780e-01
 1.567e+00  1.781e-01
 1.568e+00  1.781e-01
 1.568e+00  1.782e-01
 1.569e+00  1.782e-01
 1.569e+00  1.783e-01
 1.570e+00  1.784e-01
 1.570e+00  1.784e-01
 1.571e+00  1.785e-01
 1.571e+00  1.785e-01
 1.572e+00  1.786e-01
 1.572e+00  1.787e-01
 1.573e+00  1.787e-01
 1.573e+00  1.788e-01
 1.574e+00  1.788e-01
 1.574e+00  1.789e-01
 1.575e+00  1.790e-01
 1.575e+00  1.790e-01
 1.576e+00  1.791e-01
 1.576e+00  1.792e-01
 1.577e+00  1.793e-01
 1.577e+00  1.793e-01
 1.578e+00  1.794e-01
 1.578e+00  1.795e-01
 1.579e+00  1.795e-01
 1.579e+00  1.796e-01
 1.580e+00  1.797e-01
 1.580e+00  1.798e-01
 1.581e+00  1.799e-01
 1.581e+00  1.799e-01
 1.582e+00  1.800e-01
 1.582e+00  1.801e-01
 1.583e+00  1.802e-01
 1.583e+00  1.803e-01
 1.584e+00  1.803e-01
 1.584e+00  1.804e-01
 1.585e+00  1.805e-01
 1.585e+00  1.806e-01
 1.586e+00  1.807e-01
 1.586e+00  1.808e-01
 1.587e+00  1.808e-01
 1.587e+00  1.809e-01
 1.588e+00  1.810e-01
 1.588e+00  1.811e-01
 1.589e+00  1.812e-01
 1.589e+00  1.813e-01
 1.590e+00  1.814e-01
 1.590e+00  1.815e-01
 1.591e+00  1.816e-01
 1.591e+00  1.817e-01
 1.592e+00  1.818e-01
 1.592e+00  1.818e-01
 1.593e+00  1.819e-01
 1.593e+00  1.820e-01
 1.594e+00  1.821e-01
 1.594e+00  1.822e-01
 1.595e+00  1.823e-01
 1.595e+00  1.824e-01
 1.596e+00  1.825e-01
 1.596e+00  1.825e-01
 1.597e+00  1.826e-01
 1.597e+00  1.827e-01
 1.598e+00  1.828e-01
 1.598e+00  1.829e-01
 1.599e+00  1.829e-01
 1.599e+00  1.830e-01
 1.600e+00  1.831e-01
 1.600e+00  1.831e-01
 1.601e+00  1.832e-01
 1.601e+00  1.833e-01
 1.601e+00  1.833e-01
 1.602e+00  1.834e-01
 1.603e+00  1.834e-01
 1.603e+00  1.834e-01
 1.603e+00  1.835e-01
 1.604e+00  1.835e-01
 1.605e+00  1.835e-01
 1.605e+00  1.836e-01
 1.605e+00  1.836e-01
 1.606e+00  1.836e-01
 1.607e+00  1.836e-01
 1.607e+00  1.836e-01
 1.607e+00  1.836e-01
 1.608e+00  1.836e-01
 1.609e+00  1.836e-01
 1.609e+00  1.836e-01
 1.609e+00  1.836e-01
 1.610e+00  1.835e-01
 1.611e+00  1.835e-01
 1.611e+00  1.834e-01
 1.611e+00  1.834e-01
 1.612e+00  1.833e-01
 1.613e+00  1.833e-01
 1.613e+00  1.832e-01
 1.613e+00  1.831e-01
 1.614e+00  1.830e-01
 1.615e+00  1.829e-01
 1.615e+00  1.828e-01
 1.615e+00  1.827e-01
 1.616e+00  1.826e-01
 1.617e+00  1.825e-01
 1.617e+00  1.823e-01
 1.617e+00  1.822e-01
 1.618e+00  1.820e-01
 1.619e+00  1.819e-01
 1.619e+00  1.817e-01
 1.619e+00  1.815e-01
 1.620e+00  1.813e-01
 1.621e+00  1.811e-01
 1.621e+00  1.809e-01
 1.621e+00  1.807e-01
 1.622e+00  1.805e-01
 1.623e+00  1.802e-01
 1.623e+00  1.800e-01
 1.623e+00  1.797e-01
 1.624e+00  1.794e-01
 1.625e+00  1.791e-01
 1.625e+00  1.788e-01
 1.625e+00  1.785e-01
 1.626e+00  1.782e-01
 1.627e+00  1.779e-01
 1.627e+00  1.775e-01
 1.627e+00  1.772e-01
 1.628e+00  1.768e-01
 1.629e+00  1.764e-01
 1.629e+00  1.761e-01
 1.629e+00  1.757e-01
 1.630e+00  1.752e-01
 1.631e+00  1.748e-01
 1.631e+00  1.744e-01
 1.631e+00  1.739e-01
 1.632e+00  1.735e-01
 1.633e+00  1.730e-01
 1.633e+00  1.725e-01
 1.633e+00  1.720e-01
 1.634e+00  1.715e-01
 1.635e+00  1.709e-01
 1.635e+00  1.704e-01
 1.635e+00  1.698e-01
 1.636e+00  1.692e-01
 1.637e+00  1.687e-01
 1.637e+00  1.681e-01
 1.637e+00  1.674e-01
 1.638e+00  1.668e-01
 1.639e+00  1.662e-01
 1.639e+00  1.655e-01
 1.639e+00  1.648e-01
 1.640e+00  1.642e-01
 1.641e+00  1.635e-01
 1.641e+00  1.627e-01
 1.641e+00  1.620e-01
 1.642e+00  1.613e-01
 1.643e+00  1.605e-01
 1.643e+00  1.598e-01
 1.643e+00  1.590e-01
 1.644e+00  1.582e-01
 1.645e+00  1.575e-01
 1.645e+00  1.567e-01
 1.645e+00  1.558e-01
 1.646e+00  1.550e-01
 1.647e+00  1.542e-01
 1.647e+00  1.534e-01
 1.647e+00  1.525e-01
 1.648e+00  1.517e-01
 1.649e+00  1.508e-01
 1.649e+00  1.500e-01
 1.649e+00  1.491e-01
 1.650e+00  1.482e-01
 1.651e+00  1.473e-01
 1.651e+00  1.465e-01
 1.651e+00  1.456e-01
 1.652e+00  1.447e-01
 1.653e+00  1.438e-01
 1.653e+00  1.429e-01
 1.653e+00  1.419e-01
 1.654e+00  1.410e-01
 1.655e+00  1.401e-01
 1.655e+00  1.392e-01
 1.655e+00  1.383e-01
 1.656e+00  1.373e-01
 1.657e+00  1.364e-01
 1.657e+00  1.355e-01
 1.657e+00  1.345e-01
 1.658e+00  1.336e-01
 1.659e+00  1.327e-01
 1.659e+00  1.317e-01
 1.659e+00  1.308e-01
 1.660e+00  1.299e-01
 1.661e+00  1.289e-01
 1.661e+00  1.280e-01
 1.661e+00  1.270e-01
 1.662e+00  1.261e-01
 1.663e+00  1.252e-01
 1.663e+00  1.242e-01
 1.663e+00  1.233e-01
 1.664e+00  1.224e-01
 1.665e+00  1.215e-01
 1.665e+00  1.205e-01
 1.665e+00  1.196e-01
 1.666e+00  1.187e-01
 1.667e+00  1.178e-01
 1.667e+00  1.169e-01
 1.667e+00  1.160e-01
 1.668e+00  1.151e-01
 1.669e+00  1.142e-01
 1.669e+00  1.133e-01
 1.669e+00  1.124e-01
 1.670e+00  1.115e-01
 1.671e+00  1.106e-01
 1.671e+00  1.097e-01
 1.671e+00  1.088e-01
 1.672e+00  1.080e-01
 1.673e+00  1.071e-01
 1.673e+00  1.063e-01
 1.673e+00  1.054e-01
 1.674e+00  1.046e-01
 1.675e+00  1.037e-01
 1.675e+00  1.029e-01
 1.675e+00  1.021e-01
 1.676e+00  1.013e-01
 1.677e+00  1.005e-01
 1.677e+00  9.967e-02
 1.677e+00  9.887e-02
 1.678e+00  9.809e-02
 1.679e+00  9.731e-02
 1.679e+00  9.654e-02
 1.679e+00  9.578e-02
 1.680e+00  9.503e-02
 1.681e+00  9.428e-02
 1.681e+00  9.355e-02
 1.681e+00  9.282e-02
 1.682e+00  9.210e-02
 1.683e+00  9.139e-02
 1.683e+00  9.069e-02
 1.683e+00  9.000e-02
 1.684e+00  8.932e-02
 1.685e+00  8.865e-02
 1.685e+00  8.799e-02
 1.685e+00  8.734e-02
 1.686e+00  8.670e-02
 1.687e+00  8.607e-02
 1.687e+00  8.544e-02
 1.688e+00  8.483e-02
 1.688e+00  8.423e-02
 1.689e+00  8.364e-02
 1.689e+00  8.306e-02
 1.690e+00  8.249e-02
 1.690e+00  8.193e-02
 1.691e+00  8.138e-02
 1.691e+00  8.084e-02
 1.692e+00  8.031e-02
 1.692e+00  7.979e-02
 1.693e+00  7.927e-02
 1.693e+00  7.877e-02
 1.694e+00  7.827e-02
 1.694e+00  7.778e-02
 1.695e+00  7.730e-02
 1.695e+00  7.682e-02
 1.696e+00  7.636e-02
 1.696e+00  7.590e-02
 1.697e+00  7.545e-02
 1.697e+00  7.500e-02
 1.698e+00  7.457e-02
 1.698e+00  7.413e-02
 1.699e+00  7.371e-02
 1.699e+00  7.329e-02
 1.700e+00  7.288e-02
 1.700e+00  7.247e-02
 1.701e+00  7.207e-02
 1.701e+00  7.167e-02
 1.702e+00  7.128e-02
 1.702e+00  7.090e-02
 1.703e+00  7.052e-02
 1.703e+00  7.014e-02
 1.704e+00  6.977e-02
 1.704e+00  6.941e-02
 1.705e+00  6.904e-02
 1.705e+00  6.868e-02
 1.706e+00  6.833e-02
 1.706e+00  6.798e-02
 1.707e+00  6.763e-02
 1.707e+00  6.729e-02
 1.708e+00  6.695e-02
 1.708e+00  6.661e-02
 1.709e+00  6.628e-02
 1.709e+00  6.595e-02
 1.710e+00  6.562e-02
 1.710e+00  6.530e-02
 1.711e+00  6.497e-02
 1.711e+00  6.465e-02
 1.712e+00  6.433e-02
 1.712e+00  6.402e-02
 1.713e+00  6.370e-02
 1.713e+00  6.339e-02
 1.714e+00  6.308e-02
 1.714e+00  6.277e-02
 1.715e+00  6.246e-02
 1.715e+00  6.215e-02
 1.716e+00  6.184e-02
 1.716e+00  6.154e-02
 1.717e+00  6.123e-02
 1.717e+00  6.093e-02
 1.718e+00  6.062e-02
 1.718e+00  6.032e-02
 1.719e+00  6.001e-02
 1.719e+00  5.971e-02
 1.720e+00  5.941e-02
 1.720e+00  5.910e-02
 1.721e+00  5.880e-02
 1.721e+00  5.850e-02
 1.722e+00  5.819e-02
 1.722e+00  5.789e-02
 1.723e+00  5.758e-02
 1.723e+00  5.727e-02
 1.724e+00  5.697e-02
 1.724e+00  5.666e-02
 1.725e+00  5.635e-02
 1.725e+00  5.604e-02
 1.726e+00  5.572e-02
 1.726e+00  5.541e-02
 1.727e+00  5.509e-02
 1.727e+00  5.477e-02
 1.728e+00  5.445e-02
 1.728e+00  5.413e-02
 1.728e+00  5.381e-02
 1.729e+00  5.348e-02
 1.730e+00  5.315e-02
 1.730e+00  5.282e-02
 1.730e+00  5.249e-02
 1.731e+00  5.216e-02
 1.732e+00  5.182e-02
 1.732e+00  5.148e-02
 1.732e+00  5.113e-02
 1.733e+00  5.079e-02
 1.734e+00  5.044e-02
 1.734e+00  5.008e-02
 1.734e+00  4.973e-02
 1.735e+00  4.937e-02
 1.736e+00  4.901e-02
 1.736e+00  4.864e-02
 1.736e+00  4.827e-02
 1.737e+00  4.790e-02
 1.738e+00  4.753e-02
 1.738e+00  4.715e-02
 1.738e+00  4.676e-02
 1.739e+00  4.638e-02
 1.740e+00  4.599e-02
 1.740e+00  4.560e-02
 1.740e+00  4.520e-02
 1.741e+00  4.480e-02
 1.742e+00  4.440e-02
 1.742e+00  4.400e-02
 1.742e+00  4.359e-02
 1.743e+00  4.319e-02
 1.744e+00  4.278e-02
 1.744e+00  4.237e-02
 1.744e+00  4.195e-02
 1.745e+00  4.154e-02
 1.746e+00  4.113e-02
 1.746e+00  4.071e-02
 1.746e+00  4.030e-02
 1.747e+00  3.988e-02
 1.748e+00  3.946e-02
 1.748e+00  3.905e-02
 1.748e+00  3.863e-02
 1.749e+00  3.821e-02
 1.750e+00  3.779e-02
 1.750e+00  3.738e-02
 1.750e+00  3.696e-02
 1.751e+00  3.655e-02
 1.752e+00  3.613e-02
 1.752e+00  3.572e-02
 1.752e+00  3.531e-02
 1.753e+00  3.490e-02
 1.754e+00  3.449e-02
 1.754e+00  3.408e-02
 1.754e+00  3.367e-02
 1.755e+00  3.327e-02
 1.756e+00  3.287e-02
 1.756e+00  3.247e-02
 1.756e+00  3.207e-02
 1.757e+00  3.167e-02
 1.758e+00  3.128e-02
 1.758e+00  3.089e-02
 1.758e+00  3.050e-02
 1.759e+00  3.011e-02
 1.760e+00  2.973e-02
 1.760e+00  2.935e-02
 1.760e+00  2.897e-02
 1.761e+00  2.860e-02
 1.762e+00  2.823e-02
 1.762e+00  2.786e-02
 1.762e+00  2.749e-02
 1.763e+00  2.713e-02
 1.764e+00  2.678e-02
 1.764e+00  2.642e-02
 1.764e+00  2.607e-02
 1.765e+00  2.573e-02
 1.766e+00  2.538e-02
 1.766e+00  2.505e-02
 1.766e+00  2.471e-02
 1.767e+00  2.438e-02
 1.768e+00  2.405e-02
 1.768e+00  2.373e-02
 1.768e+00  2.342e-02
 1.769e+00  2.310e-02
 1.770e+00  2.279e-02
 1.770e+00  2.249e-02
 1.770e+00  2.219e-02
 1.771e+00  2.189e-02
 1.772e+00  2.160e-02
 1.772e+00  2.131e-02
 1.772e+00  2.103e-02
 1.773e+00  2.075e-02
 1.774e+00  2.048e-02
 1.774e+00  2.021e-02
 1.774e+00  1.995e-02
 1.775e+00  1.969e-02
 1.776e+00  1.944e-02
 1.776e+00  1.919e-02
 1.776e+00  1.894e-02
 1.777e+00  1.870e-02
 1.778e+00  1.847e-02
 1.778e+00  1.824e-02
 1.778e+00  1.801e-02
 1.779e+00  1.780e-02
 1.780e+00  1.758e-02
 1.780e+00  1.737e-02
 1.780e+00  1.717e-02
 1.781e+00  1.697e-02
 1.782e+00  1.677e-02
 1.782e+00  1.658e-02
 1.782e+00  1.640e-02
 1.783e+00  1.622e-02
 1.784e+00  1.604e-02
 1.784e+00  1.588e-02
 1.784e+00  1.571e-02
 1.785e+00  1.555e-02
 1.786e+00  1.540e-02
 1.786e+00  1.525e-02
 1.786e+00  1.511e-02
 1.787e+00  1.497e-02
 1.788e+00  1.484e-02
 1.788e+00  1.471e-02
 1.788e+00  1.459e-02
 1.789e+00  1.447e-02
 1.790e+00  1.436e-02
 1.790e+00  1.425e-02
 1.790e+00  1.415e-02
 1.791e+00  1.405e-02
 1.792e+00  1.395e-02
 1.792e+00  1.387e-02
 1.792e+00  1.378e-02
 1.793e+00  1.370e-02
 1.794e+00  1.363e-02
 1.794e+00  1.355e-02
 1.794e+00  1.349e-02
 1.795e+00  1.342e-02
 1.796e+00  1.336e-02
 1.796e+00  1.331e-02
 1.796e+00  1.326e-02
 1.797e+00  1.321e-02
 1.798e+00  1.316e-02
 1.798e+00  1.312e-02
 1.798e+00  1.309e-02
 1.799e+00  1.305e-02
 1.800e+00  1.302e-02
 1.800e+00  1.300e-02
 1.800e+00  1.297e-02
 1.801e+00  1.295e-02
 1.802e+00  1.293e-02
 1.802e+00  1.292e-02
 1.802e+00  1.291e-02
 1.803e+00  1.290e-02
 1.804e+00  1.290e-02
 1.804e+00  1.289e-02
 1.804e+00  1.289e-02
 1.805e+00  1.290e-02
 1.806e+00  1.290e-02
 1.806e+00  1.291e-02
 1.806e+00  1.293e-02
 1.807e+00  1.294e-02
 1.808e+00  1.296e-02
 1.808e+00  1.298e-02
 1.808e+00  1.300e-02
 1.809e+00  1.302e-02
 1.810e+00  1.305e-02
 1.810e+00  1.308e-02
 1.810e+00  1.311e-02
 1.811e+00  1.315e-02
 1.812e+00  1.318e-02
 1.812e+00  1.322e-02
 1.812e+00  1.326e-02
 1.813e+00  1.330e-02
 1.814e+00  1.335e-02
 1.814e+00  1.340e-02
 1.815e+00  1.344e-02
 1.815e+00  1.350e-02
 1.816e+00  1.355e-02
 1.816e+00  1.360e-02
 1.817e+00  1.366e-02
 1.817e+00  1.372e-02
 1.818e+00  1.378e-02
 1.818e+00  1.384e-02
 1.819e+00  1.390e-02
 1.819e+00  1.397e-02
 1.820e+00  1.404e-02
 1.820e+00  1.411e-02
 1.821e+00  1.418e-02
 1.821e+00  1.425e-02
 1.822e+00  1.432e-02
 1.822e+00  1.440e-02
 1.823e+00  1.447e-02
 1.823e+00  1.455e-02
 1.824e+00  1.463e-02
 1.824e+00  1.471e-02
 1.825e+00  1.479e-02
 1.825e+00  1.487e-02
 1.826e+00  1.495e-02
 1.826e+00  1.504e-02
 1.827e+00  1.512e-02
 1.827e+00  1.521e-02
 1.828e+00  1.530e-02
 1.828e+00  1.539e-02
 1.829e+00  1.547e-02
 1.829e+00  1.556e-02
 1.830e+00  1.565e-02
 1.830e+00  1.575e-02
 1.831e+00  1.584e-02
 1.831e+00  1.593e-02
 1.832e+00  1.602e-02
 1.832e+00  1.612e-02
 1.833e+00  1.621e-02
 1.833e+00  1.630e-02
 1.834e+00  1.640e-02
 1.834e+00  1.649e-02
 1.835e+00  1.659e-02
 1.835e+00  1.668e-02
 1.836e+00  1.678e-02
 1.836e+00  1.687e-02
 1.837e+00  1.697e-02
 1.837e+00  1.706e-02
 1.838e+00  1.716e-02
 1.838e+00  1.725e-02
 1.839e+00  1.734e-02
 1.839e+00  1.744e-02
 1.840e+00  1.753e-02
 1.840e+00  1.762e-02
 1.841e+00  1.772e-02
 1.841e+00  1.781e-02
 1.842e+00  1.790e-02
 1.842e+00  1.799e-02
 1.843e+00  1.809e-02
 1.843e+00  1.818e-02
 1.844e+00  1.827e-02
 1.844e+00  1.836e-02
 1.845e+00  1.845e-02
 1.845e+00  1.854e-02
 1.846e+00  1.863e-02
 1.846e+00  1.871e-02
 1.847e+00  1.880e-02
 1.847e+00  1.889e-02
 1.848e+00  1.898e-02
 1.848e+00  1.907e-02
 1.849e+00  1.915e-02
 1.849e+00  1.924e-02
 1.850e+00  1.933e-02
 1.850e+00  1.941e-02
 1.851e+00  1.950e-02
 1.851e+00  1.958e-02
 1.852e+00  1.967e-02
 1.852e+00  1.975e-02
 1.853e+00  1.984e-02
 1.853e+00  1.992e-02
 1.854e+00  2.000e-02
 1.854e+00  2.009e-02
 1.855e+00  2.017e-02
 1.855e+00  2.025e-02
 1.856e+00  2.033e-02
 1.856e+00  2.042e-02
 1.857e+00  2.050e-02
 1.857e+00  2.058e-02
 1.857e+00  2.066e-02
 1.858e+00  2.074e-02
 1.859e+00  2.082e-02
 1.859e+00  2.089e-02
 1.859e+00  2.097e-02
 1.860e+00  2.105e-02
 1.861e+00  2.113e-02
 1.861e+00  2.121e-02
 1.861e+00  2.128e-02
 1.862e+00  2.136e-02
 1.863e+00  2.144e-02
 1.863e+00  2.151e-02
 1.863e+00  2.159e-02
 1.864e+00  2.166e-02
 1.865e+00  2.173e-02
 1.865e+00  2.181e-02
 1.865e+00  2.188e-02
 1.866e+00  2.195e-02
 1.867e+00  2.203e-02
 1.867e+00  2.210e-02
 1.867e+00  2.217e-02
 1.868e+00  2.224e-02
 1.869e+00  2.231e-02
 1.869e+00  2.238e-02
 1.869e+00  2.245e-02
 1.870e+00  2.252e-02
 1.871e+00  2.259e-02
 1.871e+00  2.266e-02
 1.871e+00  2.273e-02
 1.872e+00  2.280e-02
 1.873e+00  2.286e-02
 1.873e+00  2.293e-02
 1.873e+00  2.300e-02
 1.874e+00  2.306e-02
 1.875e+00  2.313e-02
 1.875e+00  2.319e-02
 1.875e+00  2.326e-02
 1.876e+00  2.332e-02
 1.877e+00  2.339e-02
 1.877e+00  2.345e-02
 1.877e+00  2.351e-02
 1.878e+00  2.357e-02
 1.879e+00  2.364e-02
 1.879e+00  2.370e-02
 1.879e+00  2.376e-02
 1.880e+00  2.382e-02
 1.881e+00  2.388e-02
 1.881e+00  2.394e-02
 1.881e+00  2.400e-02
 1.882e+00  2.406e-02
 1.883e+00  2.412e-02
 1.883e+00  2.417e-02
 1.883e+00  2.423e-02
 1.884e+00  2.429e-02
 1.885e+00  2.435e-02
 1.885e+00  2.440e-02
 1.885e+00  2.446e-02
 1.886e+00  2.451e-02
 1.887e+00  2.457e-02
 1.887e+00  2.462e-02
 1.887e+00  2.468e-02
 1.888e+00  2.473e-02
 1.889e+00  2.478e-02
 1.889e+00  2.483e-02
 1.889e+00  2.489e-02
 1.890e+00  2.494e-02
 1.891e+00  2.499e-02
 1.891e+00  2.504e-02
 1.891e+00  2.509e-02
 1.892e+00  2.514e-02
 1.893e+00  2.519e-02
 1.893e+00  2.524e-02
 1.893e+00  2.529e-02
 1.894e+00  2.534e-02
 1.895e+00  2.538e-02
 1.895e+00  2.543e-02
 1.895e+00  2.548e-02
 1.896e+00  2.552e-02
 1.897e+00  2.557e-02
 1.897e+00  2.562e-02
 1.897e+00  2.566e-02
 1.898e+00  2.571e-02
 1.899e+00  2.575e-02
 1.899e+00  2.579e-02
 1.899e+00  2.584e-02
 1.900e+00  2.588e-02
 1.901e+00  2.592e-02
 1.901e+00  2.596e-02
 1.901e+00  2.601e-02
 1.902e+00  2.605e-02
 1.903e+00  2.609e-02
 1.903e+00  2.613e-02
 1.903e+00  2.617e-02
 1.904e+00  2.621e-02
 1.905e+00  2.625e-02
 1.905e+00  2.629e-02
 1.905e+00  2.632e-02
 1.906e+00  2.636e-02
 1.907e+00  2.640e-02
 1.907e+00  2.644e-02
 1.907e+00  2.647e-02
 1.908e+00  2.651e-02
 1.909e+00  2.655e-02
 1.909e+00  2.658e-02
 1.909e+00  2.662e-02
 1.910e+00  2.665e-02
 1.911e+00  2.668e-02
 1.911e+00  2.672e-02
 1.911e+00  2.675e-02
 1.912e+00  2.678e-02
 1.913e+00  2.682e-02
 1.913e+00  2.685e-02
 1.913e+00  2.688e-02
 1.914e+00  2.691e-02
 1.915e+00  2.694e-02
 1.915e+00  2.697e-02
 1.915e+00  2.700e-02
 1.916e+00  2.703e-02
 1.917e+00  2.706e-02
 1.917e+00  2.709e-02
 1.917e+00  2.712e-02
 1.918e+00  2.715e-02
 1.919e+00  2.718e-02
 1.919e+00  2.720e-02
 1.919e+00  2.723e-02
 1.920e+00  2.726e-02
 1.921e+00  2.728e-02
 1.921e+00  2.731e-02
 1.921e+00  2.733e-02
 1.922e+00  2.736e-02
 1.923e+00  2.738e-02
 1.923e+00  2.741e-02
 1.923e+00  2.743e-02
 1.924e+00  2.746e-02
 1.925e+00  2.748e-02
 1.925e+00  2.750e-02
 1.925e+00  2.753e-02
 1.926e+00  2.755e-02
 1.927e+00  2.757e-02
 1.927e+00  2.759e-02
 1.927e+00  2.761e-02
 1.928e+00  2.763e-02
 1.929e+00  2.765e-02
 1.929e+00  2.767e-02
 1.929e+00  2.769e-02
 1.930e+00  2.771e-02
 1.931e+00  2.773e-02
 1.931e+00  2.775e-02
 1.931e+00  2.777e-02
 1.932e+00  2.779e-02
 1.933e+00  2.780e-02
 1.933e+00  2.782e-02
 1.933e+00  2.784e-02
 1.934e+00  2.786e-02
 1.935e+00  2.787e-02
 1.935e+00  2.789e-02
 1.935e+00  2.790e-02
 1.936e+00  2.792e-02
 1.937e+00  2.793e-02
 1.937e+00  2.795e-02
 1.938e+00  2.796e-02
 1.938e+00  2.798e-02
 1.939e+00  2.799e-02
 1.939e+00  2.800e-02
 1.940e+00  2.802e-02
 1.940e+00  2.803e-02
 1.941e+00  2.804e-02
 1.941e+00  2.806e-02
 1.942e+00  2.807e-02
 1.942e+00  2.808e-02
 1.943e+00  2.809e-02
 1.943e+00  2.810e-02
 1.944e+00  2.811e-02
 1.944e+00  2.812e-02
 1.945e+00  2.813e-02
 1.945e+00  2.814e-02
 1.946e+00  2.815e-02
 1.946e+00  2.816e-02
 1.947e+00  2.817e-02
 1.947e+00  2.818e-02
 1.948e+00  2.819e-02
 1.948e+00  2.820e-02
 1.949e+00  2.820e-02
 1.949e+00  2.821e-02
 1.950e+00  2.822e-02
 1.950e+00  2.823e-02
 1.951e+00  2.823e-02
 1.951e+00  2.824e-02
 1.952e+00  2.825e-02
 1.952e+00  2.825e-02
 1.953e+00  2.826e-02
 1.953e+00  2.827e-02
 1.954e+00  2.827e-02
 1.954e+00  2.828e-02
 1.955e+00  2.828e-02
 1.955e+00  2.829e-02
 1.956e+00  2.829e-02
 1.956e+00  2.829e-02
 1.957e+00  2.830e-02
 1.957e+00  2.830e-02
 1.958e+00  2.831e-02
 1.958e+00  2.831e-02
 1.959e+00  2.831e-02
 1.959e+00  2.831e-02
 1.960e+00  2.832e-02
 1.960e+00  2.832e-02
 1.961e+00  2.832e-02
 1.961e+00  2.832e-02
 1.962e+00  2.833e-02
 1.962e+00  2.833e-02
 1.963e+00  2.833e-02
 1.963e+00  2.833e-02
 1.964e+00  2.833e-02
 1.964e+00  2.833e-02
 1.965e+00  2.833e-02
 1.965e+00  2.833e-02
 1.966e+00  2.833e-02
 1.966e+00  2.833e-02
 1.967e+00  2.833e-02
 1.967e+00  2.833e-02
 1.968e+00  2.833e-02
 1.968e+00  2.833e-02
 1.969e+00  2.833e-02
 1.969e+00  2.833e-02
 1.970e+00  2.833e-02
 1.970e+00  2.833e-02
 1.971e+00  2.832e-02
 1.971e+00  2.832e-02
 1.972e+00  2.832e-02
 1.972e+00  2.832e-02
 1.973e+00  2.832e-02
 1.973e+00  2.831e-02
 1.974e+00  2.831e-02
 1.974e+00  2.831e-02
 1.975e+00  2.831e-02
 1.975e+00  2.830e-02
 1.976e+00  2.830e-02
 1.976e+00  2.830e-02
 1.977e+00  2.829e-02
 1.977e+00  2.829e-02
 1.978e+00  2.829e-02
 1.978e+00  2.828e-02
 1.979e+00  2.828e-02
 1.979e+00  2.827e-02
 1.980e+00  2.827e-02
 1.980e+00  2.826e-02
 1.981e+00  2.826e-02
 1.981e+00  2.826e-02
 1.982e+00  2.825e-02
 1.982e+00  2.825e-02
 1.983e+00  2.824e-02
 1.983e+00  2.824e-02
 1.984e+00  2.823e-02
 1.984e+00  2.823e-02
 1.984e+00  2.822e-02
 1.985e+00  2.822e-02
 1.986e+00  2.821e-02
 1.986e+00  2.820e-02
 1.986e+00  2.820e-02
 1.987e+00  2.819e-02
 1.988e+00  2.819e-02
 1.988e+00  2.818e-02
 1.988e+00  2.818e-02
 1.989e+00  2.817e-02
 1.990e+00  2.816e-02
 1.990e+00  2.816e-02
 1.990e+00  2.815e-02
 1.991e+00  2.814e-02
 1.992e+00  2.814e-02
 1.992e+00  2.813e-02
 1.992e+00  2.812e-02
 1.993e+00  2.812e-02
 1.994e+00  2.811e-02
 1.994e+00  2.810e-02
 1.994e+00  2.810e-02
 1.995e+00  2.809e-02
 1.996e+00  2.808e-02
 1.996e+00  2.808e-02
 1.996e+00  2.807e-02
 1.997e+00  2.806e-02
 1.998e+00  2.806e-02
 1.998e+00  2.805e-02
 1.998e+00  2.804e-02
 1.999e+00  2.803e-02
 2.000e+00  2.803e-02
 2.000e+00  2.802e-02
