#     mass     R_mu^F
 1.399e+00  0.000e+00
 1.400e+00  1.427e-03
 1.401e+00  1.841e-03
 1.401e+00  2.260e-03
 1.401e+00  2.683e-03
 1.402e+00  3.110e-03
 1.403e+00  3.541e-03
 1.403e+00  3.976e-03
 1.403e+00  4.415e-03
 1.404e+00  4.857e-03
 1.405e+00  5.303e-03
 1.405e+00  5.752e-03
 1.405e+00  6.205e-03
 1.406e+00  6.661e-03
 1.407e+00  7.119e-03
 1.407e+00  7.581e-03
 1.407e+00  8.045e-03
 1.408e+00  8.512e-03
 1.409e+00  8.982e-03
 1.409e+00  9.454e-03
 1.409e+00  9.928e-03
 1.410e+00  1.040e-02
 1.411e+00  1.088e-02
 1.411e+00  1.136e-02
 1.411e+00  1.184e-02
 1.412e+00  1.233e-02
 1.413e+00  1.281e-02
 1.413e+00  1.330e-02
 1.413e+00  1.379e-02
 1.414e+00  1.428e-02
 1.415e+00  1.477e-02
 1.415e+00  1.526e-02
 1.415e+00  1.575e-02
 1.416e+00  1.624e-02
 1.417e+00  1.673e-02
 1.417e+00  1.722e-02
 1.417e+00  1.771e-02
 1.418e+00  1.821e-02
 1.419e+00  1.870e-02
 1.419e+00  1.919e-02
 1.419e+00  1.968e-02
 1.420e+00  2.017e-02
 1.421e+00  2.066e-02
 1.421e+00  2.115e-02
 1.421e+00  2.164e-02
 1.422e+00  2.213e-02
 1.423e+00  2.261e-02
 1.423e+00  2.310e-02
 1.423e+00  2.358e-02
 1.424e+00  2.406e-02
 1.425e+00  2.454e-02
 1.425e+00  2.502e-02
 1.425e+00  2.549e-02
 1.426e+00  2.597e-02
 1.427e+00  2.644e-02
 1.427e+00  2.690e-02
 1.427e+00  2.737e-02
 1.428e+00  2.783e-02
 1.429e+00  2.829e-02
 1.429e+00  2.875e-02
 1.429e+00  2.920e-02
 1.430e+00  2.965e-02
 1.431e+00  3.009e-02
 1.431e+00  3.054e-02
 1.431e+00  3.097e-02
 1.432e+00  3.141e-02
 1.433e+00  3.184e-02
 1.433e+00  3.226e-02
 1.433e+00  3.268e-02
 1.434e+00  3.310e-02
 1.435e+00  3.351e-02
 1.435e+00  3.391e-02
 1.435e+00  3.431e-02
 1.436e+00  3.471e-02
 1.437e+00  3.510e-02
 1.437e+00  3.548e-02
 1.438e+00  3.586e-02
 1.438e+00  3.623e-02
 1.439e+00  3.660e-02
 1.439e+00  3.696e-02
 1.440e+00  3.731e-02
 1.440e+00  3.766e-02
 1.441e+00  3.800e-02
 1.441e+00  3.833e-02
 1.442e+00  3.866e-02
 1.442e+00  3.898e-02
 1.443e+00  3.929e-02
 1.443e+00  3.959e-02
 1.444e+00  3.989e-02
 1.444e+00  4.018e-02
 1.445e+00  4.046e-02
 1.445e+00  4.073e-02
 1.446e+00  4.099e-02
 1.446e+00  4.125e-02
 1.447e+00  4.150e-02
 1.447e+00  4.173e-02
 1.448e+00  4.196e-02
 1.448e+00  4.218e-02
 1.449e+00  4.239e-02
 1.449e+00  4.259e-02
 1.450e+00  4.278e-02
 1.450e+00  4.296e-02
 1.451e+00  4.313e-02
 1.451e+00  4.329e-02
 1.452e+00  4.344e-02
 1.452e+00  4.358e-02
 1.453e+00  4.371e-02
 1.453e+00  4.384e-02
 1.454e+00  4.395e-02
 1.454e+00  4.405e-02
 1.455e+00  4.415e-02
 1.455e+00  4.424e-02
 1.456e+00  4.432e-02
 1.456e+00  4.439e-02
 1.457e+00  4.446e-02
 1.457e+00  4.451e-02
 1.458e+00  4.456e-02
 1.458e+00  4.461e-02
 1.459e+00  4.464e-02
 1.459e+00  4.467e-02
 1.460e+00  4.469e-02
 1.460e+00  4.471e-02
 1.461e+00  4.472e-02
 1.461e+00  4.473e-02
 1.462e+00  4.473e-02
 1.462e+00  4.472e-02
 1.463e+00  4.471e-02
 1.463e+00  4.469e-02
 1.464e+00  4.467e-02
 1.464e+00  4.465e-02
 1.465e+00  4.462e-02
 1.465e+00  4.458e-02
 1.466e+00  4.454e-02
 1.466e+00  4.450e-02
 1.467e+00  4.446e-02
 1.467e+00  4.441e-02
 1.468e+00  4.436e-02
 1.468e+00  4.431e-02
 1.469e+00  4.425e-02
 1.469e+00  4.419e-02
 1.470e+00  4.413e-02
 1.470e+00  4.407e-02
 1.471e+00  4.401e-02
 1.471e+00  4.394e-02
 1.472e+00  4.387e-02
 1.472e+00  4.381e-02
 1.472e+00  4.374e-02
 1.473e+00  4.367e-02
 1.474e+00  4.360e-02
 1.474e+00  4.353e-02
 1.474e+00  4.347e-02
 1.475e+00  4.340e-02
 1.476e+00  4.333e-02
 1.476e+00  4.327e-02
 1.476e+00  4.320e-02
 1.477e+00  4.314e-02
 1.478e+00  4.308e-02
 1.478e+00  4.302e-02
 1.478e+00  4.296e-02
 1.479e+00  4.290e-02
 1.480e+00  4.285e-02
 1.480e+00  4.280e-02
 1.480e+00  4.275e-02
 1.481e+00  4.271e-02
 1.482e+00  4.267e-02
 1.482e+00  4.264e-02
 1.482e+00  4.260e-02
 1.483e+00  4.258e-02
 1.484e+00  4.255e-02
 1.484e+00  4.254e-02
 1.484e+00  4.252e-02
 1.485e+00  4.252e-02
 1.486e+00  4.252e-02
 1.486e+00  4.252e-02
 1.486e+00  4.253e-02
 1.487e+00  4.255e-02
 1.488e+00  4.257e-02
 1.488e+00  4.260e-02
 1.488e+00  4.264e-02
 1.489e+00  4.268e-02
 1.490e+00  4.274e-02
 1.490e+00  4.280e-02
 1.490e+00  4.287e-02
 1.491e+00  4.294e-02
 1.492e+00  4.303e-02
 1.492e+00  4.312e-02
 1.492e+00  4.323e-02
 1.493e+00  4.334e-02
 1.494e+00  4.346e-02
 1.494e+00  4.360e-02
 1.494e+00  4.374e-02
 1.495e+00  4.389e-02
 1.496e+00  4.406e-02
 1.496e+00  4.424e-02
 1.496e+00  4.442e-02
 1.497e+00  4.462e-02
 1.498e+00  4.483e-02
 1.498e+00  4.505e-02
 1.498e+00  4.529e-02
 1.499e+00  4.554e-02
 1.500e+00  4.580e-02
 1.500e+00  4.607e-02
 1.500e+00  4.636e-02
 1.501e+00  4.666e-02
 1.502e+00  4.698e-02
 1.502e+00  4.730e-02
 1.502e+00  4.764e-02
 1.503e+00  4.800e-02
 1.504e+00  4.836e-02
 1.504e+00  4.874e-02
 1.504e+00  4.914e-02
 1.505e+00  4.954e-02
 1.506e+00  4.996e-02
 1.506e+00  5.039e-02
 1.506e+00  5.083e-02
 1.507e+00  5.128e-02
 1.508e+00  5.175e-02
 1.508e+00  5.222e-02
 1.508e+00  5.271e-02
 1.509e+00  5.321e-02
 1.510e+00  5.373e-02
 1.510e+00  5.425e-02
 1.510e+00  5.479e-02
 1.511e+00  5.533e-02
 1.512e+00  5.589e-02
 1.512e+00  5.646e-02
 1.512e+00  5.704e-02
 1.513e+00  5.763e-02
 1.514e+00  5.823e-02
 1.514e+00  5.884e-02
 1.514e+00  5.946e-02
 1.515e+00  6.009e-02
 1.516e+00  6.074e-02
 1.516e+00  6.139e-02
 1.516e+00  6.205e-02
 1.517e+00  6.272e-02
 1.518e+00  6.340e-02
 1.518e+00  6.410e-02
 1.518e+00  6.480e-02
 1.519e+00  6.551e-02
 1.520e+00  6.623e-02
 1.520e+00  6.695e-02
 1.520e+00  6.769e-02
 1.521e+00  6.844e-02
 1.522e+00  6.919e-02
 1.522e+00  6.996e-02
 1.522e+00  7.073e-02
 1.523e+00  7.151e-02
 1.524e+00  7.230e-02
 1.524e+00  7.310e-02
 1.524e+00  7.390e-02
 1.525e+00  7.471e-02
 1.526e+00  7.553e-02
 1.526e+00  7.636e-02
 1.526e+00  7.720e-02
 1.527e+00  7.804e-02
 1.528e+00  7.889e-02
 1.528e+00  7.975e-02
 1.528e+00  8.061e-02
 1.529e+00  8.148e-02
 1.530e+00  8.236e-02
 1.530e+00  8.325e-02
 1.530e+00  8.414e-02
 1.531e+00  8.504e-02
 1.532e+00  8.594e-02
 1.532e+00  8.685e-02
 1.532e+00  8.776e-02
 1.533e+00  8.869e-02
 1.534e+00  8.961e-02
 1.534e+00  9.055e-02
 1.534e+00  9.148e-02
 1.535e+00  9.243e-02
 1.536e+00  9.337e-02
 1.536e+00  9.433e-02
 1.536e+00  9.529e-02
 1.537e+00  9.625e-02
 1.538e+00  9.722e-02
 1.538e+00  9.819e-02
 1.538e+00  9.917e-02
 1.539e+00  1.001e-01
 1.540e+00  1.011e-01
 1.540e+00  1.021e-01
 1.540e+00  1.031e-01
 1.541e+00  1.041e-01
 1.542e+00  1.051e-01
 1.542e+00  1.061e-01
 1.542e+00  1.071e-01
 1.543e+00  1.081e-01
 1.544e+00  1.091e-01
 1.544e+00  1.102e-01
 1.544e+00  1.112e-01
 1.545e+00  1.122e-01
 1.546e+00  1.132e-01
 1.546e+00  1.142e-01
 1.546e+00  1.153e-01
 1.547e+00  1.163e-01
 1.548e+00  1.173e-01
 1.548e+00  1.184e-01
 1.548e+00  1.194e-01
 1.549e+00  1.204e-01
 1.550e+00  1.215e-01
 1.550e+00  1.225e-01
 1.550e+00  1.235e-01
 1.551e+00  1.246e-01
 1.552e+00  1.256e-01
 1.552e+00  1.267e-01
 1.552e+00  1.277e-01
 1.553e+00  1.287e-01
 1.554e+00  1.298e-01
 1.554e+00  1.308e-01
 1.554e+00  1.319e-01
 1.555e+00  1.329e-01
 1.556e+00  1.340e-01
 1.556e+00  1.350e-01
 1.556e+00  1.360e-01
 1.557e+00  1.371e-01
 1.558e+00  1.381e-01
 1.558e+00  1.392e-01
 1.558e+00  1.402e-01
 1.559e+00  1.412e-01
 1.560e+00  1.423e-01
 1.560e+00  1.433e-01
 1.560e+00  1.444e-01
 1.561e+00  1.454e-01
 1.562e+00  1.464e-01
 1.562e+00  1.475e-01
 1.562e+00  1.485e-01
 1.563e+00  1.495e-01
 1.564e+00  1.506e-01
 1.564e+00  1.516e-01
 1.565e+00  1.526e-01
 1.565e+00  1.536e-01
 1.566e+00  1.547e-01
 1.566e+00  1.557e-01
 1.567e+00  1.567e-01
 1.567e+00  1.577e-01
 1.568e+00  1.587e-01
 1.568e+00  1.598e-01
 1.569e+00  1.608e-01
 1.569e+00  1.618e-01
 1.570e+00  1.628e-01
 1.570e+00  1.638e-01
 1.571e+00  1.648e-01
 1.571e+00  1.658e-01
 1.572e+00  1.668e-01
 1.572e+00  1.678e-01
 1.573e+00  1.688e-01
 1.573e+00  1.697e-01
 1.574e+00  1.707e-01
 1.574e+00  1.717e-01
 1.575e+00  1.727e-01
 1.575e+00  1.736e-01
 1.576e+00  1.746e-01
 1.576e+00  1.756e-01
 1.577e+00  1.765e-01
 1.577e+00  1.775e-01
 1.578e+00  1.784e-01
 1.578e+00  1.794e-01
 1.579e+00  1.803e-01
 1.579e+00  1.813e-01
 1.580e+00  1.822e-01
 1.580e+00  1.831e-01
 1.581e+00  1.840e-01
 1.581e+00  1.850e-01
 1.582e+00  1.859e-01
 1.582e+00  1.868e-01
 1.583e+00  1.877e-01
 1.583e+00  1.886e-01
 1.584e+00  1.895e-01
 1.584e+00  1.904e-01
 1.585e+00  1.913e-01
 1.585e+00  1.921e-01
 1.586e+00  1.930e-01
 1.586e+00  1.939e-01
 1.587e+00  1.947e-01
 1.587e+00  1.956e-01
 1.588e+00  1.964e-01
 1.588e+00  1.973e-01
 1.589e+00  1.981e-01
 1.589e+00  1.989e-01
 1.590e+00  1.997e-01
 1.590e+00  2.005e-01
 1.591e+00  2.014e-01
 1.591e+00  2.021e-01
 1.592e+00  2.029e-01
 1.592e+00  2.037e-01
 1.593e+00  2.045e-01
 1.593e+00  2.053e-01
 1.594e+00  2.060e-01
 1.594e+00  2.068e-01
 1.595e+00  2.075e-01
 1.595e+00  2.083e-01
 1.596e+00  2.090e-01
 1.596e+00  2.097e-01
 1.597e+00  2.104e-01
 1.597e+00  2.112e-01
 1.598e+00  2.119e-01
 1.598e+00  2.125e-01
 1.599e+00  2.132e-01
 1.599e+00  2.139e-01
 1.600e+00  2.146e-01
 1.600e+00  2.152e-01
 1.601e+00  2.159e-01
 1.601e+00  2.165e-01
 1.601e+00  2.171e-01
 1.602e+00  2.177e-01
 1.603e+00  2.184e-01
 1.603e+00  2.190e-01
 1.603e+00  2.196e-01
 1.604e+00  2.201e-01
 1.605e+00  2.207e-01
 1.605e+00  2.213e-01
 1.605e+00  2.218e-01
 1.606e+00  2.224e-01
 1.607e+00  2.230e-01
 1.607e+00  2.235e-01
 1.607e+00  2.240e-01
 1.608e+00  2.246e-01
 1.609e+00  2.251e-01
 1.609e+00  2.256e-01
 1.609e+00  2.261e-01
 1.610e+00  2.266e-01
 1.611e+00  2.271e-01
 1.611e+00  2.276e-01
 1.611e+00  2.281e-01
 1.612e+00  2.285e-01
 1.613e+00  2.290e-01
 1.613e+00  2.295e-01
 1.613e+00  2.299e-01
 1.614e+00  2.304e-01
 1.615e+00  2.308e-01
 1.615e+00  2.313e-01
 1.615e+00  2.317e-01
 1.616e+00  2.321e-01
 1.617e+00  2.326e-01
 1.617e+00  2.330e-01
 1.617e+00  2.334e-01
 1.618e+00  2.338e-01
 1.619e+00  2.342e-01
 1.619e+00  2.346e-01
 1.619e+00  2.350e-01
 1.620e+00  2.354e-01
 1.621e+00  2.358e-01
 1.621e+00  2.362e-01
 1.621e+00  2.366e-01
 1.622e+00  2.370e-01
 1.623e+00  2.374e-01
 1.623e+00  2.378e-01
 1.623e+00  2.381e-01
 1.624e+00  2.385e-01
 1.625e+00  2.389e-01
 1.625e+00  2.393e-01
 1.625e+00  2.396e-01
 1.626e+00  2.400e-01
 1.627e+00  2.404e-01
 1.627e+00  2.407e-01
 1.627e+00  2.411e-01
 1.628e+00  2.415e-01
 1.629e+00  2.418e-01
 1.629e+00  2.422e-01
 1.629e+00  2.425e-01
 1.630e+00  2.429e-01
 1.631e+00  2.432e-01
 1.631e+00  2.436e-01
 1.631e+00  2.440e-01
 1.632e+00  2.443e-01
 1.633e+00  2.447e-01
 1.633e+00  2.450e-01
 1.633e+00  2.454e-01
 1.634e+00  2.457e-01
 1.635e+00  2.461e-01
 1.635e+00  2.465e-01
 1.635e+00  2.468e-01
 1.636e+00  2.472e-01
 1.637e+00  2.475e-01
 1.637e+00  2.479e-01
 1.637e+00  2.483e-01
 1.638e+00  2.486e-01
 1.639e+00  2.490e-01
 1.639e+00  2.494e-01
 1.639e+00  2.498e-01
 1.640e+00  2.501e-01
 1.641e+00  2.505e-01
 1.641e+00  2.509e-01
 1.641e+00  2.513e-01
 1.642e+00  2.517e-01
 1.643e+00  2.521e-01
 1.643e+00  2.525e-01
 1.643e+00  2.529e-01
 1.644e+00  2.533e-01
 1.645e+00  2.537e-01
 1.645e+00  2.541e-01
 1.645e+00  2.545e-01
 1.646e+00  2.549e-01
 1.647e+00  2.553e-01
 1.647e+00  2.558e-01
 1.647e+00  2.562e-01
 1.648e+00  2.566e-01
 1.649e+00  2.571e-01
 1.649e+00  2.575e-01
 1.649e+00  2.580e-01
 1.650e+00  2.584e-01
 1.651e+00  2.589e-01
 1.651e+00  2.594e-01
 1.651e+00  2.598e-01
 1.652e+00  2.603e-01
 1.653e+00  2.608e-01
 1.653e+00  2.613e-01
 1.653e+00  2.618e-01
 1.654e+00  2.623e-01
 1.655e+00  2.628e-01
 1.655e+00  2.633e-01
 1.655e+00  2.638e-01
 1.656e+00  2.643e-01
 1.657e+00  2.648e-01
 1.657e+00  2.653e-01
 1.657e+00  2.658e-01
 1.658e+00  2.664e-01
 1.659e+00  2.669e-01
 1.659e+00  2.674e-01
 1.659e+00  2.679e-01
 1.660e+00  2.684e-01
 1.661e+00  2.690e-01
 1.661e+00  2.695e-01
 1.661e+00  2.700e-01
 1.662e+00  2.705e-01
 1.663e+00  2.710e-01
 1.663e+00  2.715e-01
 1.663e+00  2.720e-01
 1.664e+00  2.725e-01
 1.665e+00  2.731e-01
 1.665e+00  2.736e-01
 1.665e+00  2.741e-01
 1.666e+00  2.746e-01
 1.667e+00  2.750e-01
 1.667e+00  2.755e-01
 1.667e+00  2.760e-01
 1.668e+00  2.765e-01
 1.669e+00  2.770e-01
 1.669e+00  2.774e-01
 1.669e+00  2.779e-01
 1.670e+00  2.783e-01
 1.671e+00  2.788e-01
 1.671e+00  2.792e-01
 1.671e+00  2.797e-01
 1.672e+00  2.801e-01
 1.673e+00  2.805e-01
 1.673e+00  2.809e-01
 1.673e+00  2.813e-01
 1.674e+00  2.817e-01
 1.675e+00  2.821e-01
 1.675e+00  2.825e-01
 1.675e+00  2.829e-01
 1.676e+00  2.832e-01
 1.677e+00  2.836e-01
 1.677e+00  2.839e-01
 1.677e+00  2.842e-01
 1.678e+00  2.845e-01
 1.679e+00  2.848e-01
 1.679e+00  2.851e-01
 1.679e+00  2.854e-01
 1.680e+00  2.857e-01
 1.681e+00  2.859e-01
 1.681e+00  2.862e-01
 1.681e+00  2.864e-01
 1.682e+00  2.866e-01
 1.683e+00  2.868e-01
 1.683e+00  2.870e-01
 1.683e+00  2.871e-01
 1.684e+00  2.873e-01
 1.685e+00  2.874e-01
 1.685e+00  2.875e-01
 1.685e+00  2.876e-01
 1.686e+00  2.877e-01
 1.687e+00  2.878e-01
 1.687e+00  2.878e-01
 1.688e+00  2.879e-01
 1.688e+00  2.879e-01
 1.689e+00  2.879e-01
 1.689e+00  2.879e-01
 1.690e+00  2.878e-01
 1.690e+00  2.878e-01
 1.691e+00  2.877e-01
 1.691e+00  2.876e-01
 1.692e+00  2.875e-01
 1.692e+00  2.873e-01
 1.693e+00  2.872e-01
 1.693e+00  2.870e-01
 1.694e+00  2.868e-01
 1.694e+00  2.866e-01
 1.695e+00  2.863e-01
 1.695e+00  2.860e-01
 1.696e+00  2.857e-01
 1.696e+00  2.854e-01
 1.697e+00  2.851e-01
 1.697e+00  2.847e-01
 1.698e+00  2.843e-01
 1.698e+00  2.839e-01
 1.699e+00  2.835e-01
 1.699e+00  2.830e-01
 1.700e+00  2.825e-01
 1.700e+00  2.820e-01
 1.701e+00  2.814e-01
 1.701e+00  2.809e-01
 1.702e+00  2.803e-01
 1.702e+00  2.796e-01
 1.703e+00  2.790e-01
 1.703e+00  2.783e-01
 1.704e+00  2.776e-01
 1.704e+00  2.769e-01
 1.705e+00  2.762e-01
 1.705e+00  2.754e-01
 1.706e+00  2.746e-01
 1.706e+00  2.738e-01
 1.707e+00  2.729e-01
 1.707e+00  2.721e-01
 1.708e+00  2.712e-01
 1.708e+00  2.703e-01
 1.709e+00  2.694e-01
 1.709e+00  2.685e-01
 1.710e+00  2.675e-01
 1.710e+00  2.665e-01
 1.711e+00  2.655e-01
 1.711e+00  2.645e-01
 1.712e+00  2.635e-01
 1.712e+00  2.624e-01
 1.713e+00  2.614e-01
 1.713e+00  2.603e-01
 1.714e+00  2.592e-01
 1.714e+00  2.581e-01
 1.715e+00  2.569e-01
 1.715e+00  2.558e-01
 1.716e+00  2.546e-01
 1.716e+00  2.535e-01
 1.717e+00  2.523e-01
 1.717e+00  2.511e-01
 1.718e+00  2.499e-01
 1.718e+00  2.487e-01
 1.719e+00  2.474e-01
 1.719e+00  2.462e-01
 1.720e+00  2.449e-01
 1.720e+00  2.436e-01
 1.721e+00  2.424e-01
 1.721e+00  2.411e-01
 1.722e+00  2.398e-01
 1.722e+00  2.385e-01
 1.723e+00  2.372e-01
 1.723e+00  2.358e-01
 1.724e+00  2.345e-01
 1.724e+00  2.332e-01
 1.725e+00  2.318e-01
 1.725e+00  2.305e-01
 1.726e+00  2.291e-01
 1.726e+00  2.278e-01
 1.727e+00  2.264e-01
 1.727e+00  2.250e-01
 1.728e+00  2.237e-01
 1.728e+00  2.223e-01
 1.728e+00  2.209e-01
 1.729e+00  2.195e-01
 1.730e+00  2.181e-01
 1.730e+00  2.167e-01
 1.730e+00  2.154e-01
 1.731e+00  2.140e-01
 1.732e+00  2.126e-01
 1.732e+00  2.112e-01
 1.732e+00  2.098e-01
 1.733e+00  2.084e-01
 1.734e+00  2.070e-01
 1.734e+00  2.056e-01
 1.734e+00  2.043e-01
 1.735e+00  2.029e-01
 1.736e+00  2.015e-01
 1.736e+00  2.001e-01
 1.736e+00  1.988e-01
 1.737e+00  1.974e-01
 1.738e+00  1.960e-01
 1.738e+00  1.947e-01
 1.738e+00  1.933e-01
 1.739e+00  1.920e-01
 1.740e+00  1.907e-01
 1.740e+00  1.893e-01
 1.740e+00  1.880e-01
 1.741e+00  1.867e-01
 1.742e+00  1.854e-01
 1.742e+00  1.841e-01
 1.742e+00  1.828e-01
 1.743e+00  1.816e-01
 1.744e+00  1.803e-01
 1.744e+00  1.790e-01
 1.744e+00  1.778e-01
 1.745e+00  1.766e-01
 1.746e+00  1.754e-01
 1.746e+00  1.742e-01
 1.746e+00  1.730e-01
 1.747e+00  1.718e-01
 1.748e+00  1.706e-01
 1.748e+00  1.695e-01
 1.748e+00  1.683e-01
 1.749e+00  1.672e-01
 1.750e+00  1.661e-01
 1.750e+00  1.651e-01
 1.750e+00  1.640e-01
 1.751e+00  1.629e-01
 1.752e+00  1.619e-01
 1.752e+00  1.609e-01
 1.752e+00  1.599e-01
 1.753e+00  1.589e-01
 1.754e+00  1.579e-01
 1.754e+00  1.570e-01
 1.754e+00  1.560e-01
 1.755e+00  1.551e-01
 1.756e+00  1.542e-01
 1.756e+00  1.533e-01
 1.756e+00  1.525e-01
 1.757e+00  1.516e-01
 1.758e+00  1.507e-01
 1.758e+00  1.499e-01
 1.758e+00  1.491e-01
 1.759e+00  1.483e-01
 1.760e+00  1.475e-01
 1.760e+00  1.467e-01
 1.760e+00  1.459e-01
 1.761e+00  1.452e-01
 1.762e+00  1.444e-01
 1.762e+00  1.437e-01
 1.762e+00  1.430e-01
 1.763e+00  1.423e-01
 1.764e+00  1.416e-01
 1.764e+00  1.409e-01
 1.764e+00  1.402e-01
 1.765e+00  1.396e-01
 1.766e+00  1.389e-01
 1.766e+00  1.383e-01
 1.766e+00  1.376e-01
 1.767e+00  1.370e-01
 1.768e+00  1.364e-01
 1.768e+00  1.358e-01
 1.768e+00  1.352e-01
 1.769e+00  1.346e-01
 1.770e+00  1.340e-01
 1.770e+00  1.335e-01
 1.770e+00  1.329e-01
 1.771e+00  1.324e-01
 1.772e+00  1.318e-01
 1.772e+00  1.313e-01
 1.772e+00  1.307e-01
 1.773e+00  1.302e-01
 1.774e+00  1.297e-01
 1.774e+00  1.292e-01
 1.774e+00  1.287e-01
 1.775e+00  1.282e-01
 1.776e+00  1.277e-01
 1.776e+00  1.272e-01
 1.776e+00  1.267e-01
 1.777e+00  1.263e-01
 1.778e+00  1.258e-01
 1.778e+00  1.253e-01
 1.778e+00  1.249e-01
 1.779e+00  1.244e-01
 1.780e+00  1.240e-01
 1.780e+00  1.235e-01
 1.780e+00  1.231e-01
 1.781e+00  1.226e-01
 1.782e+00  1.222e-01
 1.782e+00  1.218e-01
 1.782e+00  1.213e-01
 1.783e+00  1.209e-01
 1.784e+00  1.205e-01
 1.784e+00  1.201e-01
 1.784e+00  1.196e-01
 1.785e+00  1.192e-01
 1.786e+00  1.188e-01
 1.786e+00  1.184e-01
 1.786e+00  1.179e-01
 1.787e+00  1.175e-01
 1.788e+00  1.171e-01
 1.788e+00  1.167e-01
 1.788e+00  1.163e-01
 1.789e+00  1.158e-01
 1.790e+00  1.154e-01
 1.790e+00  1.150e-01
 1.790e+00  1.146e-01
 1.791e+00  1.141e-01
 1.792e+00  1.137e-01
 1.792e+00  1.133e-01
 1.792e+00  1.129e-01
 1.793e+00  1.124e-01
 1.794e+00  1.120e-01
 1.794e+00  1.116e-01
 1.794e+00  1.111e-01
 1.795e+00  1.107e-01
 1.796e+00  1.102e-01
 1.796e+00  1.098e-01
 1.796e+00  1.093e-01
 1.797e+00  1.088e-01
 1.798e+00  1.084e-01
 1.798e+00  1.079e-01
 1.798e+00  1.074e-01
 1.799e+00  1.069e-01
 1.800e+00  1.065e-01
 1.800e+00  1.060e-01
 1.800e+00  1.055e-01
 1.801e+00  1.049e-01
 1.802e+00  1.044e-01
 1.802e+00  1.039e-01
 1.802e+00  1.034e-01
 1.803e+00  1.029e-01
 1.804e+00  1.023e-01
 1.804e+00  1.018e-01
 1.804e+00  1.012e-01
 1.805e+00  1.007e-01
 1.806e+00  1.001e-01
 1.806e+00  9.957e-02
 1.806e+00  9.901e-02
 1.807e+00  9.844e-02
 1.808e+00  9.787e-02
 1.808e+00  9.729e-02
 1.808e+00  9.672e-02
 1.809e+00  9.613e-02
 1.810e+00  9.555e-02
 1.810e+00  9.496e-02
 1.810e+00  9.436e-02
 1.811e+00  9.377e-02
 1.812e+00  9.317e-02
 1.812e+00  9.257e-02
 1.812e+00  9.197e-02
 1.813e+00  9.136e-02
 1.814e+00  9.075e-02
 1.814e+00  9.014e-02
 1.815e+00  8.953e-02
 1.815e+00  8.892e-02
 1.816e+00  8.831e-02
 1.816e+00  8.769e-02
 1.817e+00  8.708e-02
 1.817e+00  8.646e-02
 1.818e+00  8.584e-02
 1.818e+00  8.522e-02
 1.819e+00  8.460e-02
 1.819e+00  8.399e-02
 1.820e+00  8.337e-02
 1.820e+00  8.275e-02
 1.821e+00  8.213e-02
 1.821e+00  8.151e-02
 1.822e+00  8.089e-02
 1.822e+00  8.028e-02
 1.823e+00  7.966e-02
 1.823e+00  7.905e-02
 1.824e+00  7.843e-02
 1.824e+00  7.782e-02
 1.825e+00  7.721e-02
 1.825e+00  7.661e-02
 1.826e+00  7.600e-02
 1.826e+00  7.540e-02
 1.827e+00  7.479e-02
 1.827e+00  7.419e-02
 1.828e+00  7.360e-02
 1.828e+00  7.300e-02
 1.829e+00  7.241e-02
 1.829e+00  7.183e-02
 1.830e+00  7.124e-02
 1.830e+00  7.066e-02
 1.831e+00  7.009e-02
 1.831e+00  6.951e-02
 1.832e+00  6.895e-02
 1.832e+00  6.838e-02
 1.833e+00  6.782e-02
 1.833e+00  6.727e-02
 1.834e+00  6.672e-02
 1.834e+00  6.617e-02
 1.835e+00  6.563e-02
 1.835e+00  6.509e-02
 1.836e+00  6.456e-02
 1.836e+00  6.404e-02
 1.837e+00  6.352e-02
 1.837e+00  6.301e-02
 1.838e+00  6.250e-02
 1.838e+00  6.200e-02
 1.839e+00  6.151e-02
 1.839e+00  6.102e-02
 1.840e+00  6.054e-02
 1.840e+00  6.007e-02
 1.841e+00  5.961e-02
 1.841e+00  5.915e-02
 1.842e+00  5.870e-02
 1.842e+00  5.826e-02
 1.843e+00  5.782e-02
 1.843e+00  5.740e-02
 1.844e+00  5.698e-02
 1.844e+00  5.657e-02
 1.845e+00  5.617e-02
 1.845e+00  5.577e-02
 1.846e+00  5.539e-02
 1.846e+00  5.502e-02
 1.847e+00  5.465e-02
 1.847e+00  5.430e-02
 1.848e+00  5.395e-02
 1.848e+00  5.362e-02
 1.849e+00  5.329e-02
 1.849e+00  5.298e-02
 1.850e+00  5.267e-02
 1.850e+00  5.238e-02
 1.851e+00  5.210e-02
 1.851e+00  5.183e-02
 1.852e+00  5.156e-02
 1.852e+00  5.131e-02
 1.853e+00  5.107e-02
 1.853e+00  5.084e-02
 1.854e+00  5.062e-02
 1.854e+00  5.041e-02
 1.855e+00  5.021e-02
 1.855e+00  5.002e-02
 1.856e+00  4.983e-02
 1.856e+00  4.966e-02
 1.857e+00  4.950e-02
 1.857e+00  4.934e-02
 1.857e+00  4.920e-02
 1.858e+00  4.906e-02
 1.859e+00  4.893e-02
 1.859e+00  4.881e-02
 1.859e+00  4.870e-02
 1.860e+00  4.859e-02
 1.861e+00  4.850e-02
 1.861e+00  4.841e-02
 1.861e+00  4.833e-02
 1.862e+00  4.826e-02
 1.863e+00  4.819e-02
 1.863e+00  4.813e-02
 1.863e+00  4.808e-02
 1.864e+00  4.804e-02
 1.865e+00  4.800e-02
 1.865e+00  4.797e-02
 1.865e+00  4.794e-02
 1.866e+00  4.793e-02
 1.867e+00  4.791e-02
 1.867e+00  4.791e-02
 1.867e+00  4.791e-02
 1.868e+00  4.791e-02
 1.869e+00  4.793e-02
 1.869e+00  4.794e-02
 1.869e+00  4.796e-02
 1.870e+00  4.799e-02
 1.871e+00  4.802e-02
 1.871e+00  4.806e-02
 1.871e+00  4.810e-02
 1.872e+00  4.815e-02
 1.873e+00  4.820e-02
 1.873e+00  4.826e-02
 1.873e+00  4.832e-02
 1.874e+00  4.838e-02
 1.875e+00  4.845e-02
 1.875e+00  4.852e-02
 1.875e+00  4.859e-02
 1.876e+00  4.867e-02
 1.877e+00  4.875e-02
 1.877e+00  4.883e-02
 1.877e+00  4.892e-02
 1.878e+00  4.901e-02
 1.879e+00  4.910e-02
 1.879e+00  4.920e-02
 1.879e+00  4.929e-02
 1.880e+00  4.939e-02
 1.881e+00  4.949e-02
 1.881e+00  4.960e-02
 1.881e+00  4.970e-02
 1.882e+00  4.981e-02
 1.883e+00  4.991e-02
 1.883e+00  5.002e-02
 1.883e+00  5.013e-02
 1.884e+00  5.024e-02
 1.885e+00  5.035e-02
 1.885e+00  5.046e-02
 1.885e+00  5.058e-02
 1.886e+00  5.069e-02
 1.887e+00  5.080e-02
 1.887e+00  5.091e-02
 1.887e+00  5.103e-02
 1.888e+00  5.114e-02
 1.889e+00  5.125e-02
 1.889e+00  5.136e-02
 1.889e+00  5.147e-02
 1.890e+00  5.158e-02
 1.891e+00  5.169e-02
 1.891e+00  5.179e-02
 1.891e+00  5.190e-02
 1.892e+00  5.200e-02
 1.893e+00  5.210e-02
 1.893e+00  5.220e-02
 1.893e+00  5.230e-02
 1.894e+00  5.240e-02
 1.895e+00  5.249e-02
 1.895e+00  5.258e-02
 1.895e+00  5.267e-02
 1.896e+00  5.275e-02
 1.897e+00  5.283e-02
 1.897e+00  5.291e-02
 1.897e+00  5.299e-02
 1.898e+00  5.306e-02
 1.899e+00  5.313e-02
 1.899e+00  5.319e-02
 1.899e+00  5.325e-02
 1.900e+00  5.331e-02
 1.901e+00  5.336e-02
 1.901e+00  5.341e-02
 1.901e+00  5.345e-02
 1.902e+00  5.349e-02
 1.903e+00  5.352e-02
 1.903e+00  5.355e-02
 1.903e+00  5.358e-02
 1.904e+00  5.360e-02
 1.905e+00  5.362e-02
 1.905e+00  5.363e-02
 1.905e+00  5.364e-02
 1.906e+00  5.365e-02
 1.907e+00  5.365e-02
 1.907e+00  5.365e-02
 1.907e+00  5.364e-02
 1.908e+00  5.363e-02
 1.909e+00  5.362e-02
 1.909e+00  5.360e-02
 1.909e+00  5.358e-02
 1.910e+00  5.356e-02
 1.911e+00  5.353e-02
 1.911e+00  5.350e-02
 1.911e+00  5.346e-02
 1.912e+00  5.342e-02
 1.913e+00  5.338e-02
 1.913e+00  5.333e-02
 1.913e+00  5.328e-02
 1.914e+00  5.323e-02
 1.915e+00  5.317e-02
 1.915e+00  5.311e-02
 1.915e+00  5.305e-02
 1.916e+00  5.298e-02
 1.917e+00  5.291e-02
 1.917e+00  5.283e-02
 1.917e+00  5.276e-02
 1.918e+00  5.267e-02
 1.919e+00  5.259e-02
 1.919e+00  5.250e-02
 1.919e+00  5.241e-02
 1.920e+00  5.232e-02
 1.921e+00  5.222e-02
 1.921e+00  5.212e-02
 1.921e+00  5.202e-02
 1.922e+00  5.192e-02
 1.923e+00  5.181e-02
 1.923e+00  5.170e-02
 1.923e+00  5.158e-02
 1.924e+00  5.146e-02
 1.925e+00  5.134e-02
 1.925e+00  5.122e-02
 1.925e+00  5.110e-02
 1.926e+00  5.097e-02
 1.927e+00  5.084e-02
 1.927e+00  5.070e-02
 1.927e+00  5.057e-02
 1.928e+00  5.043e-02
 1.929e+00  5.028e-02
 1.929e+00  5.014e-02
 1.929e+00  4.999e-02
 1.930e+00  4.984e-02
 1.931e+00  4.969e-02
 1.931e+00  4.954e-02
 1.931e+00  4.938e-02
 1.932e+00  4.922e-02
 1.933e+00  4.906e-02
 1.933e+00  4.890e-02
 1.933e+00  4.873e-02
 1.934e+00  4.857e-02
 1.935e+00  4.840e-02
 1.935e+00  4.822e-02
 1.935e+00  4.805e-02
 1.936e+00  4.787e-02
 1.937e+00  4.769e-02
 1.937e+00  4.751e-02
 1.938e+00  4.733e-02
 1.938e+00  4.715e-02
 1.939e+00  4.696e-02
 1.939e+00  4.677e-02
 1.940e+00  4.658e-02
 1.940e+00  4.639e-02
 1.941e+00  4.620e-02
 1.941e+00  4.600e-02
 1.942e+00  4.580e-02
 1.942e+00  4.560e-02
 1.943e+00  4.540e-02
 1.943e+00  4.520e-02
 1.944e+00  4.500e-02
 1.944e+00  4.479e-02
 1.945e+00  4.458e-02
 1.945e+00  4.438e-02
 1.946e+00  4.417e-02
 1.946e+00  4.395e-02
 1.947e+00  4.374e-02
 1.947e+00  4.353e-02
 1.948e+00  4.331e-02
 1.948e+00  4.310e-02
 1.949e+00  4.288e-02
 1.949e+00  4.266e-02
 1.950e+00  4.244e-02
 1.950e+00  4.222e-02
 1.951e+00  4.199e-02
 1.951e+00  4.177e-02
 1.952e+00  4.155e-02
 1.952e+00  4.132e-02
 1.953e+00  4.109e-02
 1.953e+00  4.087e-02
 1.954e+00  4.064e-02
 1.954e+00  4.041e-02
 1.955e+00  4.018e-02
 1.955e+00  3.995e-02
 1.956e+00  3.972e-02
 1.956e+00  3.949e-02
 1.957e+00  3.926e-02
 1.957e+00  3.902e-02
 1.958e+00  3.879e-02
 1.958e+00  3.856e-02
 1.959e+00  3.832e-02
 1.959e+00  3.809e-02
 1.960e+00  3.786e-02
 1.960e+00  3.762e-02
 1.961e+00  3.739e-02
 1.961e+00  3.716e-02
 1.962e+00  3.692e-02
 1.962e+00  3.669e-02
 1.963e+00  3.646e-02
 1.963e+00  3.622e-02
 1.964e+00  3.599e-02
 1.964e+00  3.576e-02
 1.965e+00  3.552e-02
 1.965e+00  3.529e-02
 1.966e+00  3.506e-02
 1.966e+00  3.483e-02
 1.967e+00  3.460e-02
 1.967e+00  3.437e-02
 1.968e+00  3.414e-02
 1.968e+00  3.391e-02
 1.969e+00  3.369e-02
 1.969e+00  3.346e-02
 1.970e+00  3.324e-02
 1.970e+00  3.301e-02
 1.971e+00  3.279e-02
 1.971e+00  3.257e-02
 1.972e+00  3.235e-02
 1.972e+00  3.213e-02
 1.973e+00  3.191e-02
 1.973e+00  3.169e-02
 1.974e+00  3.147e-02
 1.974e+00  3.126e-02
 1.975e+00  3.105e-02
 1.975e+00  3.084e-02
 1.976e+00  3.063e-02
 1.976e+00  3.042e-02
 1.977e+00  3.021e-02
 1.977e+00  3.001e-02
 1.978e+00  2.980e-02
 1.978e+00  2.960e-02
 1.979e+00  2.940e-02
 1.979e+00  2.921e-02
 1.980e+00  2.901e-02
 1.980e+00  2.882e-02
 1.981e+00  2.863e-02
 1.981e+00  2.844e-02
 1.982e+00  2.826e-02
 1.982e+00  2.807e-02
 1.983e+00  2.789e-02
 1.983e+00  2.771e-02
 1.984e+00  2.753e-02
 1.984e+00  2.736e-02
 1.984e+00  2.719e-02
 1.985e+00  2.702e-02
 1.986e+00  2.685e-02
 1.986e+00  2.669e-02
 1.986e+00  2.653e-02
 1.987e+00  2.637e-02
 1.988e+00  2.622e-02
 1.988e+00  2.607e-02
 1.988e+00  2.592e-02
 1.989e+00  2.577e-02
 1.990e+00  2.563e-02
 1.990e+00  2.549e-02
 1.990e+00  2.536e-02
 1.991e+00  2.523e-02
 1.992e+00  2.510e-02
 1.992e+00  2.497e-02
 1.992e+00  2.485e-02
 1.993e+00  2.473e-02
 1.994e+00  2.462e-02
 1.994e+00  2.451e-02
 1.994e+00  2.440e-02
 1.995e+00  2.430e-02
 1.996e+00  2.420e-02
 1.996e+00  2.410e-02
 1.996e+00  2.401e-02
 1.997e+00  2.392e-02
 1.998e+00  2.384e-02
 1.998e+00  2.376e-02
 1.998e+00  2.369e-02
 1.999e+00  2.362e-02
 2.000e+00  2.355e-02
 2.000e+00  2.349e-02
