#     mass     R_mu^F
 1.709e+00  0.000e+00
 1.710e+00  1.266e-04
 1.710e+00  1.428e-03
 1.711e+00  2.748e-03
 1.711e+00  4.082e-03
 1.712e+00  5.433e-03
 1.712e+00  6.798e-03
 1.713e+00  8.179e-03
 1.713e+00  9.574e-03
 1.714e+00  1.098e-02
 1.714e+00  1.241e-02
 1.715e+00  1.385e-02
 1.715e+00  1.530e-02
 1.716e+00  1.676e-02
 1.716e+00  1.824e-02
 1.717e+00  1.973e-02
 1.717e+00  2.123e-02
 1.718e+00  2.275e-02
 1.718e+00  2.428e-02
 1.719e+00  2.582e-02
 1.719e+00  2.736e-02
 1.720e+00  2.893e-02
 1.720e+00  3.050e-02
 1.721e+00  3.208e-02
 1.721e+00  3.367e-02
 1.722e+00  3.527e-02
 1.722e+00  3.688e-02
 1.723e+00  3.851e-02
 1.723e+00  4.013e-02
 1.724e+00  4.177e-02
 1.724e+00  4.342e-02
 1.725e+00  4.507e-02
 1.725e+00  4.673e-02
 1.726e+00  4.840e-02
 1.726e+00  5.008e-02
 1.727e+00  5.176e-02
 1.727e+00  5.344e-02
 1.728e+00  5.514e-02
 1.728e+00  5.684e-02
 1.728e+00  5.854e-02
 1.729e+00  6.025e-02
 1.730e+00  6.196e-02
 1.730e+00  6.368e-02
 1.730e+00  6.540e-02
 1.731e+00  6.713e-02
 1.732e+00  6.885e-02
 1.732e+00  7.058e-02
 1.732e+00  7.232e-02
 1.733e+00  7.405e-02
 1.734e+00  7.579e-02
 1.734e+00  7.752e-02
 1.734e+00  7.926e-02
 1.735e+00  8.100e-02
 1.736e+00  8.274e-02
 1.736e+00  8.448e-02
 1.736e+00  8.622e-02
 1.737e+00  8.795e-02
 1.738e+00  8.969e-02
 1.738e+00  9.142e-02
 1.738e+00  9.315e-02
 1.739e+00  9.488e-02
 1.740e+00  9.660e-02
 1.740e+00  9.832e-02
 1.740e+00  1.000e-01
 1.741e+00  1.017e-01
 1.742e+00  1.034e-01
 1.742e+00  1.051e-01
 1.742e+00  1.068e-01
 1.743e+00  1.085e-01
 1.744e+00  1.102e-01
 1.744e+00  1.119e-01
 1.744e+00  1.135e-01
 1.745e+00  1.151e-01
 1.746e+00  1.168e-01
 1.746e+00  1.184e-01
 1.746e+00  1.200e-01
 1.747e+00  1.216e-01
 1.748e+00  1.232e-01
 1.748e+00  1.247e-01
 1.748e+00  1.263e-01
 1.749e+00  1.278e-01
 1.750e+00  1.293e-01
 1.750e+00  1.308e-01
 1.750e+00  1.323e-01
 1.751e+00  1.338e-01
 1.752e+00  1.352e-01
 1.752e+00  1.367e-01
 1.752e+00  1.381e-01
 1.753e+00  1.395e-01
 1.754e+00  1.408e-01
 1.754e+00  1.422e-01
 1.754e+00  1.435e-01
 1.755e+00  1.449e-01
 1.756e+00  1.462e-01
 1.756e+00  1.475e-01
 1.756e+00  1.487e-01
 1.757e+00  1.500e-01
 1.758e+00  1.512e-01
 1.758e+00  1.525e-01
 1.758e+00  1.537e-01
 1.759e+00  1.549e-01
 1.760e+00  1.560e-01
 1.760e+00  1.572e-01
 1.760e+00  1.584e-01
 1.761e+00  1.595e-01
 1.762e+00  1.606e-01
 1.762e+00  1.617e-01
 1.762e+00  1.628e-01
 1.763e+00  1.639e-01
 1.764e+00  1.649e-01
 1.764e+00  1.659e-01
 1.764e+00  1.670e-01
 1.765e+00  1.680e-01
 1.766e+00  1.690e-01
 1.766e+00  1.700e-01
 1.766e+00  1.709e-01
 1.767e+00  1.719e-01
 1.768e+00  1.728e-01
 1.768e+00  1.737e-01
 1.768e+00  1.747e-01
 1.769e+00  1.756e-01
 1.770e+00  1.764e-01
 1.770e+00  1.773e-01
 1.770e+00  1.782e-01
 1.771e+00  1.790e-01
 1.772e+00  1.799e-01
 1.772e+00  1.807e-01
 1.772e+00  1.815e-01
 1.773e+00  1.823e-01
 1.774e+00  1.831e-01
 1.774e+00  1.839e-01
 1.774e+00  1.846e-01
 1.775e+00  1.854e-01
 1.776e+00  1.861e-01
 1.776e+00  1.869e-01
 1.776e+00  1.876e-01
 1.777e+00  1.883e-01
 1.778e+00  1.890e-01
 1.778e+00  1.897e-01
 1.778e+00  1.904e-01
 1.779e+00  1.910e-01
 1.780e+00  1.917e-01
 1.780e+00  1.924e-01
 1.780e+00  1.930e-01
 1.781e+00  1.937e-01
 1.782e+00  1.943e-01
 1.782e+00  1.949e-01
 1.782e+00  1.955e-01
 1.783e+00  1.961e-01
 1.784e+00  1.967e-01
 1.784e+00  1.973e-01
 1.784e+00  1.979e-01
 1.785e+00  1.985e-01
 1.786e+00  1.991e-01
 1.786e+00  1.997e-01
 1.786e+00  2.002e-01
 1.787e+00  2.008e-01
 1.788e+00  2.013e-01
 1.788e+00  2.019e-01
 1.788e+00  2.024e-01
 1.789e+00  2.030e-01
 1.790e+00  2.035e-01
 1.790e+00  2.040e-01
 1.790e+00  2.045e-01
 1.791e+00  2.051e-01
 1.792e+00  2.056e-01
 1.792e+00  2.061e-01
 1.792e+00  2.066e-01
 1.793e+00  2.071e-01
 1.794e+00  2.077e-01
 1.794e+00  2.082e-01
 1.794e+00  2.087e-01
 1.795e+00  2.092e-01
 1.796e+00  2.097e-01
 1.796e+00  2.102e-01
 1.796e+00  2.107e-01
 1.797e+00  2.112e-01
 1.798e+00  2.117e-01
 1.798e+00  2.122e-01
 1.798e+00  2.128e-01
 1.799e+00  2.133e-01
 1.800e+00  2.138e-01
 1.800e+00  2.143e-01
 1.800e+00  2.148e-01
 1.801e+00  2.154e-01
 1.802e+00  2.159e-01
 1.802e+00  2.164e-01
 1.802e+00  2.170e-01
 1.803e+00  2.175e-01
 1.804e+00  2.181e-01
 1.804e+00  2.186e-01
 1.804e+00  2.191e-01
 1.805e+00  2.197e-01
 1.806e+00  2.202e-01
 1.806e+00  2.208e-01
 1.806e+00  2.213e-01
 1.807e+00  2.219e-01
 1.808e+00  2.224e-01
 1.808e+00  2.230e-01
 1.808e+00  2.236e-01
 1.809e+00  2.241e-01
 1.810e+00  2.247e-01
 1.810e+00  2.252e-01
 1.810e+00  2.258e-01
 1.811e+00  2.264e-01
 1.812e+00  2.269e-01
 1.812e+00  2.275e-01
 1.812e+00  2.280e-01
 1.813e+00  2.286e-01
 1.814e+00  2.292e-01
 1.814e+00  2.297e-01
 1.815e+00  2.303e-01
 1.815e+00  2.309e-01
 1.816e+00  2.314e-01
 1.816e+00  2.320e-01
 1.817e+00  2.325e-01
 1.817e+00  2.331e-01
 1.818e+00  2.337e-01
 1.818e+00  2.342e-01
 1.819e+00  2.348e-01
 1.819e+00  2.353e-01
 1.820e+00  2.359e-01
 1.820e+00  2.364e-01
 1.821e+00  2.370e-01
 1.821e+00  2.375e-01
 1.822e+00  2.381e-01
 1.822e+00  2.386e-01
 1.823e+00  2.391e-01
 1.823e+00  2.397e-01
 1.824e+00  2.402e-01
 1.824e+00  2.407e-01
 1.825e+00  2.413e-01
 1.825e+00  2.418e-01
 1.826e+00  2.423e-01
 1.826e+00  2.428e-01
 1.827e+00  2.434e-01
 1.827e+00  2.439e-01
 1.828e+00  2.444e-01
 1.828e+00  2.449e-01
 1.829e+00  2.454e-01
 1.829e+00  2.459e-01
 1.830e+00  2.464e-01
 1.830e+00  2.469e-01
 1.831e+00  2.474e-01
 1.831e+00  2.478e-01
 1.832e+00  2.483e-01
 1.832e+00  2.488e-01
 1.833e+00  2.492e-01
 1.833e+00  2.497e-01
 1.834e+00  2.502e-01
 1.834e+00  2.506e-01
 1.835e+00  2.511e-01
 1.835e+00  2.515e-01
 1.836e+00  2.519e-01
 1.836e+00  2.524e-01
 1.837e+00  2.528e-01
 1.837e+00  2.532e-01
 1.838e+00  2.536e-01
 1.838e+00  2.540e-01
 1.839e+00  2.544e-01
 1.839e+00  2.548e-01
 1.840e+00  2.552e-01
 1.840e+00  2.556e-01
 1.841e+00  2.560e-01
 1.841e+00  2.563e-01
 1.842e+00  2.567e-01
 1.842e+00  2.570e-01
 1.843e+00  2.574e-01
 1.843e+00  2.577e-01
 1.844e+00  2.580e-01
 1.844e+00  2.584e-01
 1.845e+00  2.587e-01
 1.845e+00  2.590e-01
 1.846e+00  2.593e-01
 1.846e+00  2.595e-01
 1.847e+00  2.598e-01
 1.847e+00  2.601e-01
 1.848e+00  2.603e-01
 1.848e+00  2.606e-01
 1.849e+00  2.608e-01
 1.849e+00  2.611e-01
 1.850e+00  2.613e-01
 1.850e+00  2.615e-01
 1.851e+00  2.617e-01
 1.851e+00  2.619e-01
 1.852e+00  2.620e-01
 1.852e+00  2.622e-01
 1.853e+00  2.624e-01
 1.853e+00  2.625e-01
 1.854e+00  2.627e-01
 1.854e+00  2.628e-01
 1.855e+00  2.629e-01
 1.855e+00  2.630e-01
 1.856e+00  2.631e-01
 1.856e+00  2.632e-01
 1.857e+00  2.633e-01
 1.857e+00  2.634e-01
 1.857e+00  2.634e-01
 1.858e+00  2.635e-01
 1.859e+00  2.635e-01
 1.859e+00  2.636e-01
 1.859e+00  2.636e-01
 1.860e+00  2.636e-01
 1.861e+00  2.637e-01
 1.861e+00  2.637e-01
 1.861e+00  2.637e-01
 1.862e+00  2.637e-01
 1.863e+00  2.637e-01
 1.863e+00  2.636e-01
 1.863e+00  2.636e-01
 1.864e+00  2.636e-01
 1.865e+00  2.636e-01
 1.865e+00  2.635e-01
 1.865e+00  2.635e-01
 1.866e+00  2.634e-01
 1.867e+00  2.633e-01
 1.867e+00  2.633e-01
 1.867e+00  2.632e-01
 1.868e+00  2.631e-01
 1.869e+00  2.630e-01
 1.869e+00  2.630e-01
 1.869e+00  2.629e-01
 1.870e+00  2.628e-01
 1.871e+00  2.627e-01
 1.871e+00  2.626e-01
 1.871e+00  2.625e-01
 1.872e+00  2.623e-01
 1.873e+00  2.622e-01
 1.873e+00  2.621e-01
 1.873e+00  2.620e-01
 1.874e+00  2.618e-01
 1.875e+00  2.617e-01
 1.875e+00  2.616e-01
 1.875e+00  2.614e-01
 1.876e+00  2.613e-01
 1.877e+00  2.612e-01
 1.877e+00  2.610e-01
 1.877e+00  2.609e-01
 1.878e+00  2.607e-01
 1.879e+00  2.605e-01
 1.879e+00  2.604e-01
 1.879e+00  2.602e-01
 1.880e+00  2.601e-01
 1.881e+00  2.599e-01
 1.881e+00  2.598e-01
 1.881e+00  2.596e-01
 1.882e+00  2.594e-01
 1.883e+00  2.593e-01
 1.883e+00  2.591e-01
 1.883e+00  2.589e-01
 1.884e+00  2.588e-01
 1.885e+00  2.586e-01
 1.885e+00  2.584e-01
 1.885e+00  2.583e-01
 1.886e+00  2.581e-01
 1.887e+00  2.579e-01
 1.887e+00  2.578e-01
 1.887e+00  2.576e-01
 1.888e+00  2.574e-01
 1.889e+00  2.573e-01
 1.889e+00  2.571e-01
 1.889e+00  2.569e-01
 1.890e+00  2.568e-01
 1.891e+00  2.566e-01
 1.891e+00  2.565e-01
 1.891e+00  2.563e-01
 1.892e+00  2.561e-01
 1.893e+00  2.560e-01
 1.893e+00  2.558e-01
 1.893e+00  2.557e-01
 1.894e+00  2.556e-01
 1.895e+00  2.554e-01
 1.895e+00  2.553e-01
 1.895e+00  2.551e-01
 1.896e+00  2.550e-01
 1.897e+00  2.549e-01
 1.897e+00  2.548e-01
 1.897e+00  2.546e-01
 1.898e+00  2.545e-01
 1.899e+00  2.544e-01
 1.899e+00  2.543e-01
 1.899e+00  2.542e-01
 1.900e+00  2.541e-01
 1.901e+00  2.540e-01
 1.901e+00  2.539e-01
 1.901e+00  2.538e-01
 1.902e+00  2.538e-01
 1.903e+00  2.537e-01
 1.903e+00  2.536e-01
 1.903e+00  2.535e-01
 1.904e+00  2.535e-01
 1.905e+00  2.534e-01
 1.905e+00  2.534e-01
 1.905e+00  2.533e-01
 1.906e+00  2.533e-01
 1.907e+00  2.532e-01
 1.907e+00  2.532e-01
 1.907e+00  2.532e-01
 1.908e+00  2.531e-01
 1.909e+00  2.531e-01
 1.909e+00  2.531e-01
 1.909e+00  2.531e-01
 1.910e+00  2.531e-01
 1.911e+00  2.531e-01
 1.911e+00  2.531e-01
 1.911e+00  2.531e-01
 1.912e+00  2.531e-01
 1.913e+00  2.531e-01
 1.913e+00  2.531e-01
 1.913e+00  2.531e-01
 1.914e+00  2.532e-01
 1.915e+00  2.532e-01
 1.915e+00  2.532e-01
 1.915e+00  2.532e-01
 1.916e+00  2.533e-01
 1.917e+00  2.533e-01
 1.917e+00  2.534e-01
 1.917e+00  2.534e-01
 1.918e+00  2.535e-01
 1.919e+00  2.535e-01
 1.919e+00  2.536e-01
 1.919e+00  2.537e-01
 1.920e+00  2.537e-01
 1.921e+00  2.538e-01
 1.921e+00  2.539e-01
 1.921e+00  2.539e-01
 1.922e+00  2.540e-01
 1.923e+00  2.541e-01
 1.923e+00  2.542e-01
 1.923e+00  2.543e-01
 1.924e+00  2.544e-01
 1.925e+00  2.545e-01
 1.925e+00  2.546e-01
 1.925e+00  2.547e-01
 1.926e+00  2.548e-01
 1.927e+00  2.549e-01
 1.927e+00  2.550e-01
 1.927e+00  2.551e-01
 1.928e+00  2.552e-01
 1.929e+00  2.554e-01
 1.929e+00  2.555e-01
 1.929e+00  2.556e-01
 1.930e+00  2.557e-01
 1.931e+00  2.559e-01
 1.931e+00  2.560e-01
 1.931e+00  2.561e-01
 1.932e+00  2.563e-01
 1.933e+00  2.564e-01
 1.933e+00  2.566e-01
 1.933e+00  2.567e-01
 1.934e+00  2.569e-01
 1.935e+00  2.570e-01
 1.935e+00  2.572e-01
 1.935e+00  2.573e-01
 1.936e+00  2.575e-01
 1.937e+00  2.577e-01
 1.937e+00  2.578e-01
 1.938e+00  2.580e-01
 1.938e+00  2.582e-01
 1.939e+00  2.583e-01
 1.939e+00  2.585e-01
 1.940e+00  2.587e-01
 1.940e+00  2.589e-01
 1.941e+00  2.591e-01
 1.941e+00  2.592e-01
 1.942e+00  2.594e-01
 1.942e+00  2.596e-01
 1.943e+00  2.598e-01
 1.943e+00  2.600e-01
 1.944e+00  2.602e-01
 1.944e+00  2.604e-01
 1.945e+00  2.606e-01
 1.945e+00  2.608e-01
 1.946e+00  2.610e-01
 1.946e+00  2.612e-01
 1.947e+00  2.614e-01
 1.947e+00  2.616e-01
 1.948e+00  2.618e-01
 1.948e+00  2.620e-01
 1.949e+00  2.622e-01
 1.949e+00  2.624e-01
 1.950e+00  2.626e-01
 1.950e+00  2.629e-01
 1.951e+00  2.631e-01
 1.951e+00  2.633e-01
 1.952e+00  2.635e-01
 1.952e+00  2.637e-01
 1.953e+00  2.639e-01
 1.953e+00  2.642e-01
 1.954e+00  2.644e-01
 1.954e+00  2.646e-01
 1.955e+00  2.648e-01
 1.955e+00  2.651e-01
 1.956e+00  2.653e-01
 1.956e+00  2.655e-01
 1.957e+00  2.657e-01
 1.957e+00  2.660e-01
 1.958e+00  2.662e-01
 1.958e+00  2.664e-01
 1.959e+00  2.667e-01
 1.959e+00  2.669e-01
 1.960e+00  2.671e-01
 1.960e+00  2.674e-01
 1.961e+00  2.676e-01
 1.961e+00  2.678e-01
 1.962e+00  2.681e-01
 1.962e+00  2.683e-01
 1.963e+00  2.685e-01
 1.963e+00  2.687e-01
 1.964e+00  2.690e-01
 1.964e+00  2.692e-01
 1.965e+00  2.694e-01
 1.965e+00  2.697e-01
 1.966e+00  2.699e-01
 1.966e+00  2.701e-01
 1.967e+00  2.704e-01
 1.967e+00  2.706e-01
 1.968e+00  2.708e-01
 1.968e+00  2.711e-01
 1.969e+00  2.713e-01
 1.969e+00  2.715e-01
 1.970e+00  2.717e-01
 1.970e+00  2.720e-01
 1.971e+00  2.722e-01
 1.971e+00  2.724e-01
 1.972e+00  2.726e-01
 1.972e+00  2.729e-01
 1.973e+00  2.731e-01
 1.973e+00  2.733e-01
 1.974e+00  2.735e-01
 1.974e+00  2.737e-01
 1.975e+00  2.739e-01
 1.975e+00  2.742e-01
 1.976e+00  2.744e-01
 1.976e+00  2.746e-01
 1.977e+00  2.748e-01
 1.977e+00  2.750e-01
 1.978e+00  2.752e-01
 1.978e+00  2.754e-01
 1.979e+00  2.756e-01
 1.979e+00  2.758e-01
 1.980e+00  2.760e-01
 1.980e+00  2.762e-01
 1.981e+00  2.764e-01
 1.981e+00  2.766e-01
 1.982e+00  2.768e-01
 1.982e+00  2.770e-01
 1.983e+00  2.772e-01
 1.983e+00  2.774e-01
 1.984e+00  2.775e-01
 1.984e+00  2.777e-01
 1.984e+00  2.779e-01
 1.985e+00  2.781e-01
 1.986e+00  2.782e-01
 1.986e+00  2.784e-01
 1.986e+00  2.786e-01
 1.987e+00  2.787e-01
 1.988e+00  2.789e-01
 1.988e+00  2.791e-01
 1.988e+00  2.792e-01
 1.989e+00  2.794e-01
 1.990e+00  2.795e-01
 1.990e+00  2.797e-01
 1.990e+00  2.798e-01
 1.991e+00  2.799e-01
 1.992e+00  2.801e-01
 1.992e+00  2.802e-01
 1.992e+00  2.803e-01
 1.993e+00  2.805e-01
 1.994e+00  2.806e-01
 1.994e+00  2.807e-01
 1.994e+00  2.808e-01
 1.995e+00  2.809e-01
 1.996e+00  2.810e-01
 1.996e+00  2.811e-01
 1.996e+00  2.812e-01
 1.997e+00  2.813e-01
 1.998e+00  2.814e-01
 1.998e+00  2.815e-01
 1.998e+00  2.816e-01
 1.999e+00  2.817e-01
 2.000e+00  2.817e-01
 2.000e+00  2.818e-01
