#     mass     R_mu^F
 1.480e+00  0.000e+00
 1.480e+00  3.978e-02
 1.481e+00  4.659e-02
 1.482e+00  5.336e-02
 1.482e+00  6.009e-02
 1.482e+00  6.679e-02
 1.483e+00  7.344e-02
 1.484e+00  8.004e-02
 1.484e+00  8.658e-02
 1.484e+00  9.308e-02
 1.485e+00  9.951e-02
 1.486e+00  1.059e-01
 1.486e+00  1.122e-01
 1.486e+00  1.184e-01
 1.487e+00  1.246e-01
 1.488e+00  1.307e-01
 1.488e+00  1.367e-01
 1.488e+00  1.426e-01
 1.489e+00  1.485e-01
 1.490e+00  1.542e-01
 1.490e+00  1.599e-01
 1.490e+00  1.655e-01
 1.491e+00  1.709e-01
 1.492e+00  1.763e-01
 1.492e+00  1.815e-01
 1.492e+00  1.867e-01
 1.493e+00  1.917e-01
 1.494e+00  1.967e-01
 1.494e+00  2.015e-01
 1.494e+00  2.061e-01
 1.495e+00  2.107e-01
 1.496e+00  2.151e-01
 1.496e+00  2.194e-01
 1.496e+00  2.235e-01
 1.497e+00  2.275e-01
 1.498e+00  2.314e-01
 1.498e+00  2.351e-01
 1.498e+00  2.387e-01
 1.499e+00  2.421e-01
 1.500e+00  2.454e-01
 1.500e+00  2.485e-01
 1.500e+00  2.515e-01
 1.501e+00  2.544e-01
 1.502e+00  2.571e-01
 1.502e+00  2.596e-01
 1.502e+00  2.620e-01
 1.503e+00  2.643e-01
 1.504e+00  2.663e-01
 1.504e+00  2.683e-01
 1.504e+00  2.701e-01
 1.505e+00  2.718e-01
 1.506e+00  2.733e-01
 1.506e+00  2.746e-01
 1.506e+00  2.759e-01
 1.507e+00  2.770e-01
 1.508e+00  2.780e-01
 1.508e+00  2.788e-01
 1.508e+00  2.795e-01
 1.509e+00  2.801e-01
 1.510e+00  2.806e-01
 1.510e+00  2.809e-01
 1.510e+00  2.812e-01
 1.511e+00  2.813e-01
 1.512e+00  2.813e-01
 1.512e+00  2.812e-01
 1.512e+00  2.809e-01
 1.513e+00  2.806e-01
 1.514e+00  2.802e-01
 1.514e+00  2.796e-01
 1.514e+00  2.790e-01
 1.515e+00  2.783e-01
 1.516e+00  2.774e-01
 1.516e+00  2.765e-01
 1.516e+00  2.755e-01
 1.517e+00  2.744e-01
 1.518e+00  2.732e-01
 1.518e+00  2.720e-01
 1.518e+00  2.706e-01
 1.519e+00  2.692e-01
 1.520e+00  2.677e-01
 1.520e+00  2.661e-01
 1.520e+00  2.644e-01
 1.521e+00  2.627e-01
 1.522e+00  2.609e-01
 1.522e+00  2.591e-01
 1.522e+00  2.572e-01
 1.523e+00  2.552e-01
 1.524e+00  2.531e-01
 1.524e+00  2.510e-01
 1.524e+00  2.489e-01
 1.525e+00  2.467e-01
 1.526e+00  2.444e-01
 1.526e+00  2.421e-01
 1.526e+00  2.398e-01
 1.527e+00  2.374e-01
 1.528e+00  2.350e-01
 1.528e+00  2.325e-01
 1.528e+00  2.300e-01
 1.529e+00  2.275e-01
 1.530e+00  2.249e-01
 1.530e+00  2.223e-01
 1.530e+00  2.197e-01
 1.531e+00  2.171e-01
 1.532e+00  2.144e-01
 1.532e+00  2.117e-01
 1.532e+00  2.090e-01
 1.533e+00  2.063e-01
 1.534e+00  2.036e-01
 1.534e+00  2.008e-01
 1.534e+00  1.981e-01
 1.535e+00  1.954e-01
 1.536e+00  1.926e-01
 1.536e+00  1.899e-01
 1.536e+00  1.871e-01
 1.537e+00  1.844e-01
 1.538e+00  1.816e-01
 1.538e+00  1.789e-01
 1.538e+00  1.762e-01
 1.539e+00  1.735e-01
 1.540e+00  1.708e-01
 1.540e+00  1.681e-01
 1.540e+00  1.654e-01
 1.541e+00  1.628e-01
 1.542e+00  1.602e-01
 1.542e+00  1.576e-01
 1.542e+00  1.551e-01
 1.543e+00  1.526e-01
 1.544e+00  1.501e-01
 1.544e+00  1.476e-01
 1.544e+00  1.452e-01
 1.545e+00  1.429e-01
 1.546e+00  1.406e-01
 1.546e+00  1.383e-01
 1.546e+00  1.361e-01
 1.547e+00  1.339e-01
 1.548e+00  1.318e-01
 1.548e+00  1.297e-01
 1.548e+00  1.277e-01
 1.549e+00  1.257e-01
 1.550e+00  1.239e-01
 1.550e+00  1.220e-01
 1.550e+00  1.203e-01
 1.551e+00  1.186e-01
 1.552e+00  1.170e-01
 1.552e+00  1.154e-01
 1.552e+00  1.140e-01
 1.553e+00  1.125e-01
 1.554e+00  1.112e-01
 1.554e+00  1.099e-01
 1.554e+00  1.087e-01
 1.555e+00  1.075e-01
 1.556e+00  1.064e-01
 1.556e+00  1.054e-01
 1.556e+00  1.044e-01
 1.557e+00  1.035e-01
 1.558e+00  1.027e-01
 1.558e+00  1.019e-01
 1.558e+00  1.012e-01
 1.559e+00  1.005e-01
 1.560e+00  9.992e-02
 1.560e+00  9.939e-02
 1.560e+00  9.892e-02
 1.561e+00  9.851e-02
 1.562e+00  9.816e-02
 1.562e+00  9.787e-02
 1.562e+00  9.763e-02
 1.563e+00  9.747e-02
 1.564e+00  9.735e-02
 1.564e+00  9.730e-02
 1.565e+00  9.730e-02
 1.565e+00  9.737e-02
 1.566e+00  9.748e-02
 1.566e+00  9.766e-02
 1.567e+00  9.789e-02
 1.567e+00  9.819e-02
 1.568e+00  9.853e-02
 1.568e+00  9.893e-02
 1.569e+00  9.939e-02
 1.569e+00  9.990e-02
 1.570e+00  1.005e-01
 1.570e+00  1.011e-01
 1.571e+00  1.018e-01
 1.571e+00  1.025e-01
 1.572e+00  1.033e-01
 1.572e+00  1.041e-01
 1.573e+00  1.050e-01
 1.573e+00  1.060e-01
 1.574e+00  1.070e-01
 1.574e+00  1.080e-01
 1.575e+00  1.091e-01
 1.575e+00  1.103e-01
 1.576e+00  1.115e-01
 1.576e+00  1.127e-01
 1.577e+00  1.140e-01
 1.577e+00  1.154e-01
 1.578e+00  1.168e-01
 1.578e+00  1.182e-01
 1.579e+00  1.197e-01
 1.579e+00  1.213e-01
 1.580e+00  1.229e-01
 1.580e+00  1.245e-01
 1.581e+00  1.262e-01
 1.581e+00  1.280e-01
 1.582e+00  1.298e-01
 1.582e+00  1.316e-01
 1.583e+00  1.335e-01
 1.583e+00  1.354e-01
 1.584e+00  1.374e-01
 1.584e+00  1.394e-01
 1.585e+00  1.415e-01
 1.585e+00  1.436e-01
 1.586e+00  1.458e-01
 1.586e+00  1.480e-01
 1.587e+00  1.502e-01
 1.587e+00  1.525e-01
 1.588e+00  1.549e-01
 1.588e+00  1.572e-01
 1.589e+00  1.596e-01
 1.589e+00  1.621e-01
 1.590e+00  1.646e-01
 1.590e+00  1.672e-01
 1.591e+00  1.697e-01
 1.591e+00  1.724e-01
 1.592e+00  1.750e-01
 1.592e+00  1.778e-01
 1.593e+00  1.805e-01
 1.593e+00  1.833e-01
 1.594e+00  1.861e-01
 1.594e+00  1.890e-01
 1.595e+00  1.919e-01
 1.595e+00  1.949e-01
 1.596e+00  1.979e-01
 1.596e+00  2.009e-01
 1.597e+00  2.040e-01
 1.597e+00  2.071e-01
 1.598e+00  2.103e-01
 1.598e+00  2.135e-01
 1.599e+00  2.167e-01
 1.599e+00  2.200e-01
 1.600e+00  2.233e-01
 1.600e+00  2.267e-01
 1.601e+00  2.301e-01
 1.601e+00  2.335e-01
 1.601e+00  2.370e-01
 1.602e+00  2.405e-01
 1.603e+00  2.440e-01
 1.603e+00  2.476e-01
 1.603e+00  2.512e-01
 1.604e+00  2.548e-01
 1.605e+00  2.585e-01
 1.605e+00  2.622e-01
 1.605e+00  2.659e-01
 1.606e+00  2.697e-01
 1.607e+00  2.735e-01
 1.607e+00  2.773e-01
 1.607e+00  2.811e-01
 1.608e+00  2.850e-01
 1.609e+00  2.889e-01
 1.609e+00  2.928e-01
 1.609e+00  2.968e-01
 1.610e+00  3.007e-01
 1.611e+00  3.047e-01
 1.611e+00  3.088e-01
 1.611e+00  3.128e-01
 1.612e+00  3.168e-01
 1.613e+00  3.209e-01
 1.613e+00  3.250e-01
 1.613e+00  3.291e-01
 1.614e+00  3.332e-01
 1.615e+00  3.374e-01
 1.615e+00  3.415e-01
 1.615e+00  3.457e-01
 1.616e+00  3.499e-01
 1.617e+00  3.541e-01
 1.617e+00  3.583e-01
 1.617e+00  3.625e-01
 1.618e+00  3.667e-01
 1.619e+00  3.709e-01
 1.619e+00  3.751e-01
 1.619e+00  3.794e-01
 1.620e+00  3.836e-01
 1.621e+00  3.879e-01
 1.621e+00  3.922e-01
 1.621e+00  3.964e-01
 1.622e+00  4.007e-01
 1.623e+00  4.050e-01
 1.623e+00  4.092e-01
 1.623e+00  4.135e-01
 1.624e+00  4.178e-01
 1.625e+00  4.220e-01
 1.625e+00  4.263e-01
 1.625e+00  4.305e-01
 1.626e+00  4.348e-01
 1.627e+00  4.390e-01
 1.627e+00  4.433e-01
 1.627e+00  4.475e-01
 1.628e+00  4.518e-01
 1.629e+00  4.560e-01
 1.629e+00  4.602e-01
 1.629e+00  4.644e-01
 1.630e+00  4.686e-01
 1.631e+00  4.727e-01
 1.631e+00  4.769e-01
 1.631e+00  4.811e-01
 1.632e+00  4.852e-01
 1.633e+00  4.893e-01
 1.633e+00  4.934e-01
 1.633e+00  4.975e-01
 1.634e+00  5.015e-01
 1.635e+00  5.056e-01
 1.635e+00  5.096e-01
 1.635e+00  5.136e-01
 1.636e+00  5.170e-01
 1.637e+00  5.205e-01
 1.637e+00  5.239e-01
 1.637e+00  5.273e-01
 1.638e+00  5.307e-01
 1.639e+00  5.340e-01
 1.639e+00  5.373e-01
 1.639e+00  5.406e-01
 1.640e+00  5.438e-01
 1.641e+00  5.470e-01
 1.641e+00  5.502e-01
 1.641e+00  5.533e-01
 1.642e+00  5.564e-01
 1.643e+00  5.595e-01
 1.643e+00  5.625e-01
 1.643e+00  5.654e-01
 1.644e+00  5.683e-01
 1.645e+00  5.712e-01
 1.645e+00  5.740e-01
 1.645e+00  5.768e-01
 1.646e+00  5.795e-01
 1.647e+00  5.822e-01
 1.647e+00  5.848e-01
 1.647e+00  5.874e-01
 1.648e+00  5.899e-01
 1.649e+00  5.924e-01
 1.649e+00  5.948e-01
 1.649e+00  5.971e-01
 1.650e+00  5.994e-01
 1.651e+00  6.016e-01
 1.651e+00  6.038e-01
 1.651e+00  6.059e-01
 1.652e+00  6.079e-01
 1.653e+00  6.099e-01
 1.653e+00  6.119e-01
 1.653e+00  6.137e-01
 1.654e+00  6.156e-01
 1.655e+00  6.173e-01
 1.655e+00  6.190e-01
 1.655e+00  6.207e-01
 1.656e+00  6.223e-01
 1.657e+00  6.239e-01
 1.657e+00  6.254e-01
 1.657e+00  6.269e-01
 1.658e+00  6.283e-01
 1.659e+00  6.297e-01
 1.659e+00  6.310e-01
 1.659e+00  6.323e-01
 1.660e+00  6.336e-01
 1.661e+00  6.348e-01
 1.661e+00  6.359e-01
 1.661e+00  6.371e-01
 1.662e+00  6.381e-01
 1.663e+00  6.392e-01
 1.663e+00  6.402e-01
 1.663e+00  6.412e-01
 1.664e+00  6.422e-01
 1.665e+00  6.431e-01
 1.665e+00  6.439e-01
 1.665e+00  6.448e-01
 1.666e+00  6.456e-01
 1.667e+00  6.464e-01
 1.667e+00  6.472e-01
 1.667e+00  6.479e-01
 1.668e+00  6.486e-01
 1.669e+00  6.493e-01
 1.669e+00  6.500e-01
 1.669e+00  6.506e-01
 1.670e+00  6.513e-01
 1.671e+00  6.519e-01
 1.671e+00  6.525e-01
 1.671e+00  6.530e-01
 1.672e+00  6.536e-01
 1.673e+00  6.541e-01
 1.673e+00  6.546e-01
 1.673e+00  6.551e-01
 1.674e+00  6.556e-01
 1.675e+00  6.561e-01
 1.675e+00  6.566e-01
 1.675e+00  6.571e-01
 1.676e+00  6.575e-01
 1.677e+00  6.580e-01
 1.677e+00  6.584e-01
 1.677e+00  6.589e-01
 1.678e+00  6.593e-01
 1.679e+00  6.598e-01
 1.679e+00  6.602e-01
 1.679e+00  6.607e-01
 1.680e+00  6.611e-01
 1.681e+00  6.615e-01
 1.681e+00  6.620e-01
 1.681e+00  6.625e-01
 1.682e+00  6.629e-01
 1.683e+00  6.634e-01
 1.683e+00  6.639e-01
 1.683e+00  6.644e-01
 1.684e+00  6.649e-01
 1.685e+00  6.654e-01
 1.685e+00  6.659e-01
 1.685e+00  6.665e-01
 1.686e+00  6.670e-01
 1.687e+00  6.676e-01
 1.687e+00  6.682e-01
 1.688e+00  6.688e-01
 1.688e+00  6.695e-01
 1.689e+00  6.701e-01
 1.689e+00  6.708e-01
 1.690e+00  6.715e-01
 1.690e+00  6.723e-01
 1.691e+00  6.730e-01
 1.691e+00  6.738e-01
 1.692e+00  6.747e-01
 1.692e+00  6.755e-01
 1.693e+00  6.764e-01
 1.693e+00  6.774e-01
 1.694e+00  6.783e-01
 1.694e+00  6.794e-01
 1.695e+00  6.804e-01
 1.695e+00  6.815e-01
 1.696e+00  6.826e-01
 1.696e+00  6.838e-01
 1.697e+00  6.851e-01
 1.697e+00  6.864e-01
 1.698e+00  6.877e-01
 1.698e+00  6.891e-01
 1.699e+00  6.905e-01
 1.699e+00  6.920e-01
 1.700e+00  6.936e-01
 1.700e+00  6.952e-01
 1.701e+00  6.968e-01
 1.701e+00  6.986e-01
 1.702e+00  7.004e-01
 1.702e+00  7.022e-01
 1.703e+00  7.041e-01
 1.703e+00  7.061e-01
 1.704e+00  7.081e-01
 1.704e+00  7.102e-01
 1.705e+00  7.123e-01
 1.705e+00  7.144e-01
 1.706e+00  7.167e-01
 1.706e+00  7.189e-01
 1.707e+00  7.213e-01
 1.707e+00  7.236e-01
 1.708e+00  7.260e-01
 1.708e+00  7.285e-01
 1.709e+00  7.310e-01
 1.709e+00  7.336e-01
 1.710e+00  7.360e-01
 1.710e+00  7.374e-01
 1.711e+00  7.387e-01
 1.711e+00  7.401e-01
 1.712e+00  7.416e-01
 1.712e+00  7.430e-01
 1.713e+00  7.444e-01
 1.713e+00  7.459e-01
 1.714e+00  7.474e-01
 1.714e+00  7.490e-01
 1.715e+00  7.505e-01
 1.715e+00  7.521e-01
 1.716e+00  7.537e-01
 1.716e+00  7.553e-01
 1.717e+00  7.569e-01
 1.717e+00  7.585e-01
 1.718e+00  7.602e-01
 1.718e+00  7.618e-01
 1.719e+00  7.635e-01
 1.719e+00  7.652e-01
 1.720e+00  7.669e-01
 1.720e+00  7.687e-01
 1.721e+00  7.704e-01
 1.721e+00  7.722e-01
 1.722e+00  7.739e-01
 1.722e+00  7.757e-01
 1.723e+00  7.775e-01
 1.723e+00  7.793e-01
 1.724e+00  7.811e-01
 1.724e+00  7.829e-01
 1.725e+00  7.847e-01
 1.725e+00  7.866e-01
 1.726e+00  7.884e-01
 1.726e+00  7.902e-01
 1.727e+00  7.921e-01
 1.727e+00  7.939e-01
 1.728e+00  7.958e-01
 1.728e+00  7.976e-01
 1.728e+00  7.995e-01
 1.729e+00  8.013e-01
 1.730e+00  8.032e-01
 1.730e+00  8.050e-01
 1.730e+00  8.069e-01
 1.731e+00  8.088e-01
 1.732e+00  8.106e-01
 1.732e+00  8.125e-01
 1.732e+00  8.143e-01
 1.733e+00  8.162e-01
 1.734e+00  8.180e-01
 1.734e+00  8.198e-01
 1.734e+00  8.217e-01
 1.735e+00  8.235e-01
 1.736e+00  8.253e-01
 1.736e+00  8.271e-01
 1.736e+00  8.289e-01
 1.737e+00  8.307e-01
 1.738e+00  8.325e-01
 1.738e+00  8.343e-01
 1.738e+00  8.361e-01
 1.739e+00  8.378e-01
 1.740e+00  8.396e-01
 1.740e+00  8.413e-01
 1.740e+00  8.430e-01
 1.741e+00  8.447e-01
 1.742e+00  8.464e-01
 1.742e+00  8.481e-01
 1.742e+00  8.497e-01
 1.743e+00  8.513e-01
 1.744e+00  8.530e-01
 1.744e+00  8.546e-01
 1.744e+00  8.561e-01
 1.745e+00  8.577e-01
 1.746e+00  8.593e-01
 1.746e+00  8.608e-01
 1.746e+00  8.623e-01
 1.747e+00  8.638e-01
 1.748e+00  8.652e-01
 1.748e+00  8.667e-01
 1.748e+00  8.681e-01
 1.749e+00  8.695e-01
 1.750e+00  8.708e-01
 1.750e+00  8.722e-01
 1.750e+00  8.735e-01
 1.751e+00  8.748e-01
 1.752e+00  8.760e-01
 1.752e+00  8.772e-01
 1.752e+00  8.784e-01
 1.753e+00  8.796e-01
 1.754e+00  8.808e-01
 1.754e+00  8.819e-01
 1.754e+00  8.830e-01
 1.755e+00  8.841e-01
 1.756e+00  8.851e-01
 1.756e+00  8.861e-01
 1.756e+00  8.871e-01
 1.757e+00  8.881e-01
 1.758e+00  8.890e-01
 1.758e+00  8.899e-01
 1.758e+00  8.908e-01
 1.759e+00  8.917e-01
 1.760e+00  8.925e-01
 1.760e+00  8.934e-01
 1.760e+00  8.941e-01
 1.761e+00  8.949e-01
 1.762e+00  8.956e-01
 1.762e+00  8.963e-01
 1.762e+00  8.970e-01
 1.763e+00  8.977e-01
 1.764e+00  8.983e-01
 1.764e+00  8.989e-01
 1.764e+00  8.995e-01
 1.765e+00  9.001e-01
 1.766e+00  9.006e-01
 1.766e+00  9.011e-01
 1.766e+00  9.016e-01
 1.767e+00  9.020e-01
 1.768e+00  9.024e-01
 1.768e+00  9.028e-01
 1.768e+00  9.032e-01
 1.769e+00  9.036e-01
 1.770e+00  9.039e-01
 1.770e+00  9.042e-01
 1.770e+00  9.044e-01
 1.771e+00  9.047e-01
 1.772e+00  9.049e-01
 1.772e+00  9.051e-01
 1.772e+00  9.053e-01
 1.773e+00  9.054e-01
 1.774e+00  9.056e-01
 1.774e+00  9.057e-01
 1.774e+00  9.057e-01
 1.775e+00  9.058e-01
 1.776e+00  9.058e-01
 1.776e+00  9.058e-01
 1.776e+00  9.058e-01
 1.777e+00  9.057e-01
 1.778e+00  9.056e-01
 1.778e+00  9.055e-01
 1.778e+00  9.054e-01
 1.779e+00  9.052e-01
 1.780e+00  9.051e-01
 1.780e+00  9.048e-01
 1.780e+00  9.046e-01
 1.781e+00  9.044e-01
 1.782e+00  9.041e-01
 1.782e+00  9.038e-01
 1.782e+00  9.035e-01
 1.783e+00  9.031e-01
 1.784e+00  9.027e-01
 1.784e+00  9.023e-01
 1.784e+00  9.019e-01
 1.785e+00  9.014e-01
 1.786e+00  9.010e-01
 1.786e+00  9.005e-01
 1.786e+00  8.999e-01
 1.787e+00  8.994e-01
 1.788e+00  8.988e-01
 1.788e+00  8.982e-01
 1.788e+00  8.976e-01
 1.789e+00  8.969e-01
 1.790e+00  8.963e-01
 1.790e+00  8.956e-01
 1.790e+00  8.949e-01
 1.791e+00  8.941e-01
 1.792e+00  8.933e-01
 1.792e+00  8.925e-01
 1.792e+00  8.917e-01
 1.793e+00  8.909e-01
 1.794e+00  8.900e-01
 1.794e+00  8.891e-01
 1.794e+00  8.882e-01
 1.795e+00  8.873e-01
 1.796e+00  8.863e-01
 1.796e+00  8.853e-01
 1.796e+00  8.843e-01
 1.797e+00  8.833e-01
 1.798e+00  8.822e-01
 1.798e+00  8.811e-01
 1.798e+00  8.800e-01
 1.799e+00  8.789e-01
 1.800e+00  8.777e-01
 1.800e+00  8.765e-01
 1.800e+00  8.753e-01
 1.801e+00  8.741e-01
 1.802e+00  8.729e-01
 1.802e+00  8.716e-01
 1.802e+00  8.703e-01
 1.803e+00  8.690e-01
 1.804e+00  8.676e-01
 1.804e+00  8.663e-01
 1.804e+00  8.649e-01
 1.805e+00  8.635e-01
 1.806e+00  8.620e-01
 1.806e+00  8.606e-01
 1.806e+00  8.591e-01
 1.807e+00  8.577e-01
 1.808e+00  8.561e-01
 1.808e+00  8.546e-01
 1.808e+00  8.531e-01
 1.809e+00  8.515e-01
 1.810e+00  8.500e-01
 1.810e+00  8.484e-01
 1.810e+00  8.468e-01
 1.811e+00  8.451e-01
 1.812e+00  8.435e-01
 1.812e+00  8.418e-01
 1.812e+00  8.402e-01
 1.813e+00  8.385e-01
 1.814e+00  8.368e-01
 1.814e+00  8.351e-01
 1.815e+00  8.333e-01
 1.815e+00  8.316e-01
 1.816e+00  8.298e-01
 1.816e+00  8.281e-01
 1.817e+00  8.263e-01
 1.817e+00  8.245e-01
 1.818e+00  8.227e-01
 1.818e+00  8.209e-01
 1.819e+00  8.190e-01
 1.819e+00  8.172e-01
 1.820e+00  8.153e-01
 1.820e+00  8.135e-01
 1.821e+00  8.116e-01
 1.821e+00  8.097e-01
 1.822e+00  8.078e-01
 1.822e+00  8.060e-01
 1.823e+00  8.040e-01
 1.823e+00  8.021e-01
 1.824e+00  8.002e-01
 1.824e+00  7.983e-01
 1.825e+00  7.964e-01
 1.825e+00  7.944e-01
 1.826e+00  7.925e-01
 1.826e+00  7.905e-01
 1.827e+00  7.886e-01
 1.827e+00  7.866e-01
 1.828e+00  7.846e-01
 1.828e+00  7.827e-01
 1.829e+00  7.807e-01
 1.829e+00  7.787e-01
 1.830e+00  7.767e-01
 1.830e+00  7.747e-01
 1.831e+00  7.728e-01
 1.831e+00  7.708e-01
 1.832e+00  7.688e-01
 1.832e+00  7.668e-01
 1.833e+00  7.648e-01
 1.833e+00  7.628e-01
 1.834e+00  7.608e-01
 1.834e+00  7.588e-01
 1.835e+00  7.568e-01
 1.835e+00  7.548e-01
 1.836e+00  7.528e-01
 1.836e+00  7.508e-01
 1.837e+00  7.488e-01
 1.837e+00  7.469e-01
 1.838e+00  7.449e-01
 1.838e+00  7.429e-01
 1.839e+00  7.409e-01
 1.839e+00  7.389e-01
 1.840e+00  7.370e-01
 1.840e+00  7.350e-01
 1.841e+00  7.330e-01
 1.841e+00  7.311e-01
 1.842e+00  7.291e-01
 1.842e+00  7.272e-01
 1.843e+00  7.252e-01
 1.843e+00  7.233e-01
 1.844e+00  7.214e-01
 1.844e+00  7.195e-01
 1.845e+00  7.175e-01
 1.845e+00  7.156e-01
 1.846e+00  7.137e-01
 1.846e+00  7.118e-01
 1.847e+00  7.100e-01
 1.847e+00  7.081e-01
 1.848e+00  7.062e-01
 1.848e+00  7.044e-01
 1.849e+00  7.025e-01
 1.849e+00  7.007e-01
 1.850e+00  6.989e-01
 1.850e+00  6.971e-01
 1.851e+00  6.953e-01
 1.851e+00  6.935e-01
 1.852e+00  6.917e-01
 1.852e+00  6.900e-01
 1.853e+00  6.882e-01
 1.853e+00  6.865e-01
 1.854e+00  6.848e-01
 1.854e+00  6.831e-01
 1.855e+00  6.814e-01
 1.855e+00  6.797e-01
 1.856e+00  6.780e-01
 1.856e+00  6.764e-01
 1.857e+00  6.747e-01
 1.857e+00  6.731e-01
 1.857e+00  6.715e-01
 1.858e+00  6.699e-01
 1.859e+00  6.684e-01
 1.859e+00  6.668e-01
 1.859e+00  6.653e-01
 1.860e+00  6.638e-01
 1.861e+00  6.623e-01
 1.861e+00  6.608e-01
 1.861e+00  6.593e-01
 1.862e+00  6.578e-01
 1.863e+00  6.564e-01
 1.863e+00  6.550e-01
 1.863e+00  6.536e-01
 1.864e+00  6.522e-01
 1.865e+00  6.509e-01
 1.865e+00  6.495e-01
 1.865e+00  6.482e-01
 1.866e+00  6.469e-01
 1.867e+00  6.456e-01
 1.867e+00  6.444e-01
 1.867e+00  6.431e-01
 1.868e+00  6.419e-01
 1.869e+00  6.407e-01
 1.869e+00  6.395e-01
 1.869e+00  6.384e-01
 1.870e+00  6.373e-01
 1.871e+00  6.362e-01
 1.871e+00  6.351e-01
 1.871e+00  6.340e-01
 1.872e+00  6.330e-01
 1.873e+00  6.320e-01
 1.873e+00  6.310e-01
 1.873e+00  6.300e-01
 1.874e+00  6.291e-01
 1.875e+00  6.281e-01
 1.875e+00  6.273e-01
 1.875e+00  6.264e-01
 1.876e+00  6.255e-01
 1.877e+00  6.247e-01
 1.877e+00  6.239e-01
 1.877e+00  6.232e-01
 1.878e+00  6.224e-01
 1.879e+00  6.217e-01
 1.879e+00  6.210e-01
 1.879e+00  6.204e-01
 1.880e+00  6.198e-01
 1.881e+00  6.192e-01
 1.881e+00  6.186e-01
 1.881e+00  6.180e-01
 1.882e+00  6.175e-01
 1.883e+00  6.170e-01
 1.883e+00  6.166e-01
 1.883e+00  6.162e-01
 1.884e+00  6.158e-01
 1.885e+00  6.154e-01
 1.885e+00  6.150e-01
 1.885e+00  6.147e-01
 1.886e+00  6.145e-01
 1.887e+00  6.142e-01
 1.887e+00  6.140e-01
 1.887e+00  6.138e-01
 1.888e+00  6.137e-01
 1.889e+00  6.136e-01
 1.889e+00  6.135e-01
 1.889e+00  6.134e-01
 1.890e+00  6.134e-01
 1.891e+00  6.134e-01
 1.891e+00  6.134e-01
 1.891e+00  6.135e-01
 1.892e+00  6.136e-01
 1.893e+00  6.138e-01
 1.893e+00  6.140e-01
 1.893e+00  6.142e-01
 1.894e+00  6.144e-01
 1.895e+00  6.147e-01
 1.895e+00  6.151e-01
 1.895e+00  6.154e-01
 1.896e+00  6.158e-01
 1.897e+00  6.162e-01
 1.897e+00  6.167e-01
 1.897e+00  6.172e-01
 1.898e+00  6.178e-01
 1.899e+00  6.183e-01
 1.899e+00  6.189e-01
 1.899e+00  6.196e-01
 1.900e+00  6.203e-01
 1.901e+00  6.210e-01
 1.901e+00  6.218e-01
 1.901e+00  6.226e-01
 1.902e+00  6.235e-01
 1.903e+00  6.243e-01
 1.903e+00  6.253e-01
 1.903e+00  6.262e-01
 1.904e+00  6.272e-01
 1.905e+00  6.283e-01
 1.905e+00  6.293e-01
 1.905e+00  6.305e-01
 1.906e+00  6.316e-01
 1.907e+00  6.328e-01
 1.907e+00  6.341e-01
 1.907e+00  6.353e-01
 1.908e+00  6.366e-01
 1.909e+00  6.380e-01
 1.909e+00  6.394e-01
 1.909e+00  6.408e-01
 1.910e+00  6.423e-01
 1.911e+00  6.438e-01
 1.911e+00  6.453e-01
 1.911e+00  6.469e-01
 1.912e+00  6.485e-01
 1.913e+00  6.501e-01
 1.913e+00  6.518e-01
 1.913e+00  6.536e-01
 1.914e+00  6.553e-01
 1.915e+00  6.571e-01
 1.915e+00  6.590e-01
 1.915e+00  6.609e-01
 1.916e+00  6.628e-01
 1.917e+00  6.647e-01
 1.917e+00  6.667e-01
 1.917e+00  6.688e-01
 1.918e+00  6.709e-01
 1.919e+00  6.730e-01
 1.919e+00  6.751e-01
 1.919e+00  6.773e-01
 1.920e+00  6.795e-01
 1.921e+00  6.818e-01
 1.921e+00  6.841e-01
 1.921e+00  6.864e-01
 1.922e+00  6.888e-01
 1.923e+00  6.912e-01
 1.923e+00  6.937e-01
 1.923e+00  6.962e-01
 1.924e+00  6.987e-01
 1.925e+00  7.013e-01
 1.925e+00  7.039e-01
 1.925e+00  7.065e-01
 1.926e+00  7.092e-01
 1.927e+00  7.120e-01
 1.927e+00  7.147e-01
 1.927e+00  7.175e-01
 1.928e+00  7.203e-01
 1.929e+00  7.232e-01
 1.929e+00  7.261e-01
 1.929e+00  7.291e-01
 1.930e+00  7.321e-01
 1.931e+00  7.351e-01
 1.931e+00  7.382e-01
 1.931e+00  7.413e-01
 1.932e+00  7.444e-01
 1.933e+00  7.476e-01
 1.933e+00  7.508e-01
 1.933e+00  7.540e-01
 1.934e+00  7.573e-01
 1.935e+00  7.607e-01
 1.935e+00  7.640e-01
 1.935e+00  7.674e-01
 1.936e+00  7.709e-01
 1.937e+00  7.743e-01
 1.937e+00  7.779e-01
 1.938e+00  7.814e-01
 1.938e+00  7.850e-01
 1.939e+00  7.886e-01
 1.939e+00  7.923e-01
 1.940e+00  7.960e-01
 1.940e+00  7.997e-01
 1.941e+00  8.035e-01
 1.941e+00  8.073e-01
 1.942e+00  8.112e-01
 1.942e+00  8.151e-01
 1.943e+00  8.190e-01
 1.943e+00  8.230e-01
 1.944e+00  8.270e-01
 1.944e+00  8.310e-01
 1.945e+00  8.351e-01
 1.945e+00  8.392e-01
 1.946e+00  8.434e-01
 1.946e+00  8.476e-01
 1.947e+00  8.518e-01
 1.947e+00  8.561e-01
 1.948e+00  8.604e-01
 1.948e+00  8.647e-01
 1.949e+00  8.691e-01
 1.949e+00  8.735e-01
 1.950e+00  8.780e-01
 1.950e+00  8.825e-01
 1.951e+00  8.870e-01
 1.951e+00  8.916e-01
 1.952e+00  8.962e-01
 1.952e+00  9.008e-01
 1.953e+00  9.054e-01
 1.953e+00  9.101e-01
 1.954e+00  9.148e-01
 1.954e+00  9.195e-01
 1.955e+00  9.242e-01
 1.955e+00  9.289e-01
 1.956e+00  9.336e-01
 1.956e+00  9.383e-01
 1.957e+00  9.430e-01
 1.957e+00  9.477e-01
 1.958e+00  9.524e-01
 1.958e+00  9.571e-01
 1.959e+00  9.617e-01
 1.959e+00  9.663e-01
 1.960e+00  9.709e-01
 1.960e+00  9.755e-01
 1.961e+00  9.800e-01
 1.961e+00  9.845e-01
 1.962e+00  9.890e-01
 1.962e+00  9.934e-01
 1.963e+00  9.978e-01
 1.963e+00  1.002e+00
 1.964e+00  1.006e+00
 1.964e+00  1.011e+00
 1.965e+00  1.015e+00
 1.965e+00  1.019e+00
 1.966e+00  1.023e+00
 1.966e+00  1.027e+00
 1.967e+00  1.031e+00
 1.967e+00  1.034e+00
 1.968e+00  1.038e+00
 1.968e+00  1.042e+00
 1.969e+00  1.045e+00
 1.969e+00  1.049e+00
 1.970e+00  1.052e+00
 1.970e+00  1.055e+00
 1.971e+00  1.058e+00
 1.971e+00  1.061e+00
 1.972e+00  1.064e+00
 1.972e+00  1.067e+00
 1.973e+00  1.070e+00
 1.973e+00  1.072e+00
 1.974e+00  1.075e+00
 1.974e+00  1.077e+00
 1.975e+00  1.079e+00
 1.975e+00  1.081e+00
 1.976e+00  1.083e+00
 1.976e+00  1.085e+00
 1.977e+00  1.086e+00
 1.977e+00  1.088e+00
 1.978e+00  1.089e+00
 1.978e+00  1.090e+00
 1.979e+00  1.091e+00
 1.979e+00  1.092e+00
 1.980e+00  1.093e+00
 1.980e+00  1.093e+00
 1.981e+00  1.094e+00
 1.981e+00  1.094e+00
 1.982e+00  1.094e+00
 1.982e+00  1.093e+00
 1.983e+00  1.093e+00
 1.983e+00  1.092e+00
 1.984e+00  1.092e+00
 1.984e+00  1.091e+00
 1.984e+00  1.089e+00
 1.985e+00  1.088e+00
 1.986e+00  1.086e+00
 1.986e+00  1.084e+00
 1.986e+00  1.082e+00
 1.987e+00  1.080e+00
 1.988e+00  1.078e+00
 1.988e+00  1.075e+00
 1.988e+00  1.072e+00
 1.989e+00  1.069e+00
 1.990e+00  1.065e+00
 1.990e+00  1.062e+00
 1.990e+00  1.058e+00
 1.991e+00  1.053e+00
 1.992e+00  1.049e+00
 1.992e+00  1.044e+00
 1.992e+00  1.039e+00
 1.993e+00  1.034e+00
 1.994e+00  1.029e+00
 1.994e+00  1.023e+00
 1.994e+00  1.017e+00
 1.995e+00  1.011e+00
 1.996e+00  1.004e+00
 1.996e+00  9.973e-01
 1.996e+00  9.901e-01
 1.997e+00  9.827e-01
 1.998e+00  9.750e-01
 1.998e+00  9.669e-01
 1.998e+00  9.586e-01
 1.999e+00  9.500e-01
 2.000e+00  9.410e-01
 2.000e+00  9.318e-01
