#     mass     R_mu^F
 1.635e+00  0.000e+00
 1.636e+00  5.683e-04
 1.637e+00  1.071e-03
 1.637e+00  1.579e-03
 1.637e+00  2.090e-03
 1.638e+00  2.605e-03
 1.639e+00  3.123e-03
 1.639e+00  3.644e-03
 1.639e+00  4.169e-03
 1.640e+00  4.697e-03
 1.641e+00  5.228e-03
 1.641e+00  5.762e-03
 1.641e+00  6.299e-03
 1.642e+00  6.839e-03
 1.643e+00  7.382e-03
 1.643e+00  7.928e-03
 1.643e+00  8.476e-03
 1.644e+00  9.027e-03
 1.645e+00  9.580e-03
 1.645e+00  1.014e-02
 1.645e+00  1.070e-02
 1.646e+00  1.126e-02
 1.647e+00  1.182e-02
 1.647e+00  1.238e-02
 1.647e+00  1.295e-02
 1.648e+00  1.352e-02
 1.649e+00  1.409e-02
 1.649e+00  1.467e-02
 1.649e+00  1.524e-02
 1.650e+00  1.582e-02
 1.651e+00  1.640e-02
 1.651e+00  1.698e-02
 1.651e+00  1.756e-02
 1.652e+00  1.814e-02
 1.653e+00  1.873e-02
 1.653e+00  1.931e-02
 1.653e+00  1.990e-02
 1.654e+00  2.049e-02
 1.655e+00  2.108e-02
 1.655e+00  2.167e-02
 1.655e+00  2.226e-02
 1.656e+00  2.285e-02
 1.657e+00  2.344e-02
 1.657e+00  2.404e-02
 1.657e+00  2.463e-02
 1.658e+00  2.523e-02
 1.659e+00  2.582e-02
 1.659e+00  2.642e-02
 1.659e+00  2.702e-02
 1.660e+00  2.761e-02
 1.661e+00  2.821e-02
 1.661e+00  2.881e-02
 1.661e+00  2.941e-02
 1.662e+00  3.001e-02
 1.663e+00  3.060e-02
 1.663e+00  3.120e-02
 1.663e+00  3.180e-02
 1.664e+00  3.240e-02
 1.665e+00  3.300e-02
 1.665e+00  3.360e-02
 1.665e+00  3.419e-02
 1.666e+00  3.479e-02
 1.667e+00  3.539e-02
 1.667e+00  3.598e-02
 1.667e+00  3.658e-02
 1.668e+00  3.717e-02
 1.669e+00  3.777e-02
 1.669e+00  3.836e-02
 1.669e+00  3.896e-02
 1.670e+00  3.955e-02
 1.671e+00  4.014e-02
 1.671e+00  4.073e-02
 1.671e+00  4.132e-02
 1.672e+00  4.191e-02
 1.673e+00  4.250e-02
 1.673e+00  4.309e-02
 1.673e+00  4.367e-02
 1.674e+00  4.426e-02
 1.675e+00  4.484e-02
 1.675e+00  4.542e-02
 1.675e+00  4.600e-02
 1.676e+00  4.658e-02
 1.677e+00  4.716e-02
 1.677e+00  4.773e-02
 1.677e+00  4.831e-02
 1.678e+00  4.888e-02
 1.679e+00  4.945e-02
 1.679e+00  5.002e-02
 1.679e+00  5.059e-02
 1.680e+00  5.116e-02
 1.681e+00  5.172e-02
 1.681e+00  5.228e-02
 1.681e+00  5.284e-02
 1.682e+00  5.340e-02
 1.683e+00  5.396e-02
 1.683e+00  5.451e-02
 1.683e+00  5.506e-02
 1.684e+00  5.561e-02
 1.685e+00  5.616e-02
 1.685e+00  5.671e-02
 1.685e+00  5.725e-02
 1.686e+00  5.779e-02
 1.687e+00  5.833e-02
 1.687e+00  5.887e-02
 1.688e+00  5.940e-02
 1.688e+00  5.994e-02
 1.689e+00  6.047e-02
 1.689e+00  6.099e-02
 1.690e+00  6.152e-02
 1.690e+00  6.204e-02
 1.691e+00  6.256e-02
 1.691e+00  6.307e-02
 1.692e+00  6.359e-02
 1.692e+00  6.410e-02
 1.693e+00  6.461e-02
 1.693e+00  6.511e-02
 1.694e+00  6.561e-02
 1.694e+00  6.611e-02
 1.695e+00  6.661e-02
 1.695e+00  6.710e-02
 1.696e+00  6.759e-02
 1.696e+00  6.808e-02
 1.697e+00  6.857e-02
 1.697e+00  6.905e-02
 1.698e+00  6.953e-02
 1.698e+00  7.000e-02
 1.699e+00  7.048e-02
 1.699e+00  7.095e-02
 1.700e+00  7.141e-02
 1.700e+00  7.187e-02
 1.701e+00  7.233e-02
 1.701e+00  7.279e-02
 1.702e+00  7.324e-02
 1.702e+00  7.369e-02
 1.703e+00  7.414e-02
 1.703e+00  7.458e-02
 1.704e+00  7.502e-02
 1.704e+00  7.546e-02
 1.705e+00  7.589e-02
 1.705e+00  7.633e-02
 1.706e+00  7.675e-02
 1.706e+00  7.718e-02
 1.707e+00  7.760e-02
 1.707e+00  7.802e-02
 1.708e+00  7.843e-02
 1.708e+00  7.885e-02
 1.709e+00  7.926e-02
 1.709e+00  7.966e-02
 1.710e+00  8.007e-02
 1.710e+00  8.047e-02
 1.711e+00  8.087e-02
 1.711e+00  8.126e-02
 1.712e+00  8.165e-02
 1.712e+00  8.204e-02
 1.713e+00  8.243e-02
 1.713e+00  8.281e-02
 1.714e+00  8.319e-02
 1.714e+00  8.357e-02
 1.715e+00  8.395e-02
 1.715e+00  8.432e-02
 1.716e+00  8.469e-02
 1.716e+00  8.506e-02
 1.717e+00  8.542e-02
 1.717e+00  8.578e-02
 1.718e+00  8.614e-02
 1.718e+00  8.650e-02
 1.719e+00  8.685e-02
 1.719e+00  8.720e-02
 1.720e+00  8.755e-02
 1.720e+00  8.789e-02
 1.721e+00  8.824e-02
 1.721e+00  8.858e-02
 1.722e+00  8.891e-02
 1.722e+00  8.925e-02
 1.723e+00  8.958e-02
 1.723e+00  8.991e-02
 1.724e+00  9.024e-02
 1.724e+00  9.056e-02
 1.725e+00  9.089e-02
 1.725e+00  9.121e-02
 1.726e+00  9.152e-02
 1.726e+00  9.184e-02
 1.727e+00  9.215e-02
 1.727e+00  9.246e-02
 1.728e+00  9.277e-02
 1.728e+00  9.307e-02
 1.728e+00  9.338e-02
 1.729e+00  9.368e-02
 1.730e+00  9.398e-02
 1.730e+00  9.427e-02
 1.730e+00  9.457e-02
 1.731e+00  9.486e-02
 1.732e+00  9.515e-02
 1.732e+00  9.543e-02
 1.732e+00  9.572e-02
 1.733e+00  9.600e-02
 1.734e+00  9.628e-02
 1.734e+00  9.655e-02
 1.734e+00  9.683e-02
 1.735e+00  9.710e-02
 1.736e+00  9.737e-02
 1.736e+00  9.764e-02
 1.736e+00  9.791e-02
 1.737e+00  9.817e-02
 1.738e+00  9.843e-02
 1.738e+00  9.869e-02
 1.738e+00  9.895e-02
 1.739e+00  9.921e-02
 1.740e+00  9.946e-02
 1.740e+00  9.971e-02
 1.740e+00  9.996e-02
 1.741e+00  1.002e-01
 1.742e+00  1.005e-01
 1.742e+00  1.007e-01
 1.742e+00  1.009e-01
 1.743e+00  1.012e-01
 1.744e+00  1.014e-01
 1.744e+00  1.016e-01
 1.744e+00  1.019e-01
 1.745e+00  1.021e-01
 1.746e+00  1.023e-01
 1.746e+00  1.026e-01
 1.746e+00  1.028e-01
 1.747e+00  1.030e-01
 1.748e+00  1.032e-01
 1.748e+00  1.035e-01
 1.748e+00  1.037e-01
 1.749e+00  1.039e-01
 1.750e+00  1.041e-01
 1.750e+00  1.043e-01
 1.750e+00  1.045e-01
 1.751e+00  1.047e-01
 1.752e+00  1.049e-01
 1.752e+00  1.051e-01
 1.752e+00  1.053e-01
 1.753e+00  1.055e-01
 1.754e+00  1.057e-01
 1.754e+00  1.059e-01
 1.754e+00  1.061e-01
 1.755e+00  1.063e-01
 1.756e+00  1.065e-01
 1.756e+00  1.067e-01
 1.756e+00  1.069e-01
 1.757e+00  1.071e-01
 1.758e+00  1.073e-01
 1.758e+00  1.074e-01
 1.758e+00  1.076e-01
 1.759e+00  1.078e-01
 1.760e+00  1.080e-01
 1.760e+00  1.081e-01
 1.760e+00  1.083e-01
 1.761e+00  1.085e-01
 1.762e+00  1.087e-01
 1.762e+00  1.088e-01
 1.762e+00  1.090e-01
 1.763e+00  1.092e-01
 1.764e+00  1.093e-01
 1.764e+00  1.095e-01
 1.764e+00  1.096e-01
 1.765e+00  1.098e-01
 1.766e+00  1.100e-01
 1.766e+00  1.101e-01
 1.766e+00  1.103e-01
 1.767e+00  1.104e-01
 1.768e+00  1.106e-01
 1.768e+00  1.107e-01
 1.768e+00  1.109e-01
 1.769e+00  1.110e-01
 1.770e+00  1.112e-01
 1.770e+00  1.113e-01
 1.770e+00  1.114e-01
 1.771e+00  1.116e-01
 1.772e+00  1.117e-01
 1.772e+00  1.118e-01
 1.772e+00  1.120e-01
 1.773e+00  1.121e-01
 1.774e+00  1.122e-01
 1.774e+00  1.124e-01
 1.774e+00  1.125e-01
 1.775e+00  1.126e-01
 1.776e+00  1.128e-01
 1.776e+00  1.129e-01
 1.776e+00  1.130e-01
 1.777e+00  1.131e-01
 1.778e+00  1.132e-01
 1.778e+00  1.134e-01
 1.778e+00  1.135e-01
 1.779e+00  1.136e-01
 1.780e+00  1.137e-01
 1.780e+00  1.138e-01
 1.780e+00  1.139e-01
 1.781e+00  1.140e-01
 1.782e+00  1.141e-01
 1.782e+00  1.143e-01
 1.782e+00  1.144e-01
 1.783e+00  1.145e-01
 1.784e+00  1.146e-01
 1.784e+00  1.147e-01
 1.784e+00  1.148e-01
 1.785e+00  1.149e-01
 1.786e+00  1.150e-01
 1.786e+00  1.151e-01
 1.786e+00  1.151e-01
 1.787e+00  1.152e-01
 1.788e+00  1.153e-01
 1.788e+00  1.154e-01
 1.788e+00  1.155e-01
 1.789e+00  1.156e-01
 1.790e+00  1.157e-01
 1.790e+00  1.158e-01
 1.790e+00  1.158e-01
 1.791e+00  1.159e-01
 1.792e+00  1.160e-01
 1.792e+00  1.161e-01
 1.792e+00  1.162e-01
 1.793e+00  1.162e-01
 1.794e+00  1.163e-01
 1.794e+00  1.164e-01
 1.794e+00  1.165e-01
 1.795e+00  1.165e-01
 1.796e+00  1.166e-01
 1.796e+00  1.167e-01
 1.796e+00  1.167e-01
 1.797e+00  1.168e-01
 1.798e+00  1.169e-01
 1.798e+00  1.169e-01
 1.798e+00  1.170e-01
 1.799e+00  1.171e-01
 1.800e+00  1.171e-01
 1.800e+00  1.172e-01
 1.800e+00  1.172e-01
 1.801e+00  1.173e-01
 1.802e+00  1.174e-01
 1.802e+00  1.174e-01
 1.802e+00  1.175e-01
 1.803e+00  1.175e-01
 1.804e+00  1.176e-01
 1.804e+00  1.176e-01
 1.804e+00  1.177e-01
 1.805e+00  1.177e-01
 1.806e+00  1.178e-01
 1.806e+00  1.178e-01
 1.806e+00  1.178e-01
 1.807e+00  1.179e-01
 1.808e+00  1.179e-01
 1.808e+00  1.180e-01
 1.808e+00  1.180e-01
 1.809e+00  1.180e-01
 1.810e+00  1.181e-01
 1.810e+00  1.181e-01
 1.810e+00  1.182e-01
 1.811e+00  1.182e-01
 1.812e+00  1.182e-01
 1.812e+00  1.183e-01
 1.812e+00  1.183e-01
 1.813e+00  1.183e-01
 1.814e+00  1.184e-01
 1.814e+00  1.184e-01
 1.815e+00  1.184e-01
 1.815e+00  1.184e-01
 1.816e+00  1.185e-01
 1.816e+00  1.185e-01
 1.817e+00  1.185e-01
 1.817e+00  1.185e-01
 1.818e+00  1.186e-01
 1.818e+00  1.186e-01
 1.819e+00  1.186e-01
 1.819e+00  1.186e-01
 1.820e+00  1.187e-01
 1.820e+00  1.187e-01
 1.821e+00  1.187e-01
 1.821e+00  1.187e-01
 1.822e+00  1.187e-01
 1.822e+00  1.187e-01
 1.823e+00  1.188e-01
 1.823e+00  1.188e-01
 1.824e+00  1.188e-01
 1.824e+00  1.188e-01
 1.825e+00  1.188e-01
 1.825e+00  1.188e-01
 1.826e+00  1.188e-01
 1.826e+00  1.189e-01
 1.827e+00  1.189e-01
 1.827e+00  1.189e-01
 1.828e+00  1.189e-01
 1.828e+00  1.189e-01
 1.829e+00  1.189e-01
 1.829e+00  1.189e-01
 1.830e+00  1.189e-01
 1.830e+00  1.189e-01
 1.831e+00  1.189e-01
 1.831e+00  1.189e-01
 1.832e+00  1.190e-01
 1.832e+00  1.190e-01
 1.833e+00  1.190e-01
 1.833e+00  1.190e-01
 1.834e+00  1.190e-01
 1.834e+00  1.190e-01
 1.835e+00  1.190e-01
 1.835e+00  1.190e-01
 1.836e+00  1.190e-01
 1.836e+00  1.190e-01
 1.837e+00  1.190e-01
 1.837e+00  1.190e-01
 1.838e+00  1.190e-01
 1.838e+00  1.190e-01
 1.839e+00  1.190e-01
 1.839e+00  1.190e-01
 1.840e+00  1.190e-01
 1.840e+00  1.190e-01
 1.841e+00  1.190e-01
 1.841e+00  1.190e-01
 1.842e+00  1.190e-01
 1.842e+00  1.190e-01
 1.843e+00  1.190e-01
 1.843e+00  1.190e-01
 1.844e+00  1.190e-01
 1.844e+00  1.190e-01
 1.845e+00  1.190e-01
 1.845e+00  1.190e-01
 1.846e+00  1.190e-01
 1.846e+00  1.190e-01
 1.847e+00  1.190e-01
 1.847e+00  1.190e-01
 1.848e+00  1.190e-01
 1.848e+00  1.190e-01
 1.849e+00  1.190e-01
 1.849e+00  1.190e-01
 1.850e+00  1.190e-01
 1.850e+00  1.190e-01
 1.851e+00  1.190e-01
 1.851e+00  1.190e-01
 1.852e+00  1.190e-01
 1.852e+00  1.190e-01
 1.853e+00  1.190e-01
 1.853e+00  1.190e-01
 1.854e+00  1.190e-01
 1.854e+00  1.190e-01
 1.855e+00  1.190e-01
 1.855e+00  1.189e-01
 1.856e+00  1.189e-01
 1.856e+00  1.189e-01
 1.857e+00  1.189e-01
 1.857e+00  1.189e-01
 1.857e+00  1.189e-01
 1.858e+00  1.189e-01
 1.859e+00  1.189e-01
 1.859e+00  1.189e-01
 1.859e+00  1.189e-01
 1.860e+00  1.189e-01
 1.861e+00  1.189e-01
 1.861e+00  1.189e-01
 1.861e+00  1.189e-01
 1.862e+00  1.189e-01
 1.863e+00  1.189e-01
 1.863e+00  1.189e-01
 1.863e+00  1.189e-01
 1.864e+00  1.189e-01
 1.865e+00  1.189e-01
 1.865e+00  1.189e-01
 1.865e+00  1.189e-01
 1.866e+00  1.190e-01
 1.867e+00  1.190e-01
 1.867e+00  1.190e-01
 1.867e+00  1.190e-01
 1.868e+00  1.190e-01
 1.869e+00  1.190e-01
 1.869e+00  1.190e-01
 1.869e+00  1.190e-01
 1.870e+00  1.190e-01
 1.871e+00  1.190e-01
 1.871e+00  1.190e-01
 1.871e+00  1.190e-01
 1.872e+00  1.190e-01
 1.873e+00  1.190e-01
 1.873e+00  1.190e-01
 1.873e+00  1.190e-01
 1.874e+00  1.191e-01
 1.875e+00  1.191e-01
 1.875e+00  1.191e-01
 1.875e+00  1.191e-01
 1.876e+00  1.191e-01
 1.877e+00  1.191e-01
 1.877e+00  1.191e-01
 1.877e+00  1.191e-01
 1.878e+00  1.192e-01
 1.879e+00  1.192e-01
 1.879e+00  1.192e-01
 1.879e+00  1.192e-01
 1.880e+00  1.192e-01
 1.881e+00  1.192e-01
 1.881e+00  1.193e-01
 1.881e+00  1.193e-01
 1.882e+00  1.193e-01
 1.883e+00  1.193e-01
 1.883e+00  1.193e-01
 1.883e+00  1.194e-01
 1.884e+00  1.194e-01
 1.885e+00  1.194e-01
 1.885e+00  1.194e-01
 1.885e+00  1.195e-01
 1.886e+00  1.195e-01
 1.887e+00  1.195e-01
 1.887e+00  1.195e-01
 1.887e+00  1.196e-01
 1.888e+00  1.196e-01
 1.889e+00  1.196e-01
 1.889e+00  1.197e-01
 1.889e+00  1.197e-01
 1.890e+00  1.197e-01
 1.891e+00  1.198e-01
 1.891e+00  1.198e-01
 1.891e+00  1.198e-01
 1.892e+00  1.199e-01
 1.893e+00  1.199e-01
 1.893e+00  1.200e-01
 1.893e+00  1.200e-01
 1.894e+00  1.200e-01
 1.895e+00  1.201e-01
 1.895e+00  1.201e-01
 1.895e+00  1.202e-01
 1.896e+00  1.202e-01
 1.897e+00  1.203e-01
 1.897e+00  1.203e-01
 1.897e+00  1.203e-01
 1.898e+00  1.204e-01
 1.899e+00  1.204e-01
 1.899e+00  1.205e-01
 1.899e+00  1.206e-01
 1.900e+00  1.206e-01
 1.901e+00  1.207e-01
 1.901e+00  1.207e-01
 1.901e+00  1.208e-01
 1.902e+00  1.208e-01
 1.903e+00  1.209e-01
 1.903e+00  1.209e-01
 1.903e+00  1.210e-01
 1.904e+00  1.211e-01
 1.905e+00  1.211e-01
 1.905e+00  1.212e-01
 1.905e+00  1.213e-01
 1.906e+00  1.213e-01
 1.907e+00  1.214e-01
 1.907e+00  1.215e-01
 1.907e+00  1.215e-01
 1.908e+00  1.216e-01
 1.909e+00  1.217e-01
 1.909e+00  1.218e-01
 1.909e+00  1.218e-01
 1.910e+00  1.219e-01
 1.911e+00  1.220e-01
 1.911e+00  1.221e-01
 1.911e+00  1.222e-01
 1.912e+00  1.222e-01
 1.913e+00  1.223e-01
 1.913e+00  1.224e-01
 1.913e+00  1.225e-01
 1.914e+00  1.226e-01
 1.915e+00  1.227e-01
 1.915e+00  1.228e-01
 1.915e+00  1.229e-01
 1.916e+00  1.229e-01
 1.917e+00  1.230e-01
 1.917e+00  1.231e-01
 1.917e+00  1.232e-01
 1.918e+00  1.233e-01
 1.919e+00  1.234e-01
 1.919e+00  1.235e-01
 1.919e+00  1.236e-01
 1.920e+00  1.237e-01
 1.921e+00  1.238e-01
 1.921e+00  1.240e-01
 1.921e+00  1.241e-01
 1.922e+00  1.242e-01
 1.923e+00  1.243e-01
 1.923e+00  1.244e-01
 1.923e+00  1.245e-01
 1.924e+00  1.246e-01
 1.925e+00  1.247e-01
 1.925e+00  1.249e-01
 1.925e+00  1.250e-01
 1.926e+00  1.251e-01
 1.927e+00  1.252e-01
 1.927e+00  1.253e-01
 1.927e+00  1.255e-01
 1.928e+00  1.256e-01
 1.929e+00  1.257e-01
 1.929e+00  1.259e-01
 1.929e+00  1.260e-01
 1.930e+00  1.261e-01
 1.931e+00  1.263e-01
 1.931e+00  1.264e-01
 1.931e+00  1.265e-01
 1.932e+00  1.267e-01
 1.933e+00  1.268e-01
 1.933e+00  1.270e-01
 1.933e+00  1.271e-01
 1.934e+00  1.272e-01
 1.935e+00  1.274e-01
 1.935e+00  1.275e-01
 1.935e+00  1.277e-01
 1.936e+00  1.278e-01
 1.937e+00  1.280e-01
 1.937e+00  1.281e-01
 1.938e+00  1.283e-01
 1.938e+00  1.285e-01
 1.939e+00  1.286e-01
 1.939e+00  1.288e-01
 1.940e+00  1.289e-01
 1.940e+00  1.291e-01
 1.941e+00  1.293e-01
 1.941e+00  1.294e-01
 1.942e+00  1.296e-01
 1.942e+00  1.298e-01
 1.943e+00  1.299e-01
 1.943e+00  1.301e-01
 1.944e+00  1.303e-01
 1.944e+00  1.305e-01
 1.945e+00  1.306e-01
 1.945e+00  1.308e-01
 1.946e+00  1.310e-01
 1.946e+00  1.312e-01
 1.947e+00  1.314e-01
 1.947e+00  1.315e-01
 1.948e+00  1.317e-01
 1.948e+00  1.319e-01
 1.949e+00  1.321e-01
 1.949e+00  1.323e-01
 1.950e+00  1.325e-01
 1.950e+00  1.327e-01
 1.951e+00  1.329e-01
 1.951e+00  1.331e-01
 1.952e+00  1.333e-01
 1.952e+00  1.335e-01
 1.953e+00  1.337e-01
 1.953e+00  1.339e-01
 1.954e+00  1.341e-01
 1.954e+00  1.343e-01
 1.955e+00  1.345e-01
 1.955e+00  1.347e-01
 1.956e+00  1.349e-01
 1.956e+00  1.351e-01
 1.957e+00  1.353e-01
 1.957e+00  1.355e-01
 1.958e+00  1.357e-01
 1.958e+00  1.360e-01
 1.959e+00  1.362e-01
 1.959e+00  1.364e-01
 1.960e+00  1.366e-01
 1.960e+00  1.368e-01
 1.961e+00  1.370e-01
 1.961e+00  1.373e-01
 1.962e+00  1.375e-01
 1.962e+00  1.377e-01
 1.963e+00  1.379e-01
 1.963e+00  1.382e-01
 1.964e+00  1.384e-01
 1.964e+00  1.386e-01
 1.965e+00  1.388e-01
 1.965e+00  1.391e-01
 1.966e+00  1.393e-01
 1.966e+00  1.395e-01
 1.967e+00  1.398e-01
 1.967e+00  1.400e-01
 1.968e+00  1.402e-01
 1.968e+00  1.405e-01
 1.969e+00  1.407e-01
 1.969e+00  1.410e-01
 1.970e+00  1.412e-01
 1.970e+00  1.414e-01
 1.971e+00  1.417e-01
 1.971e+00  1.419e-01
 1.972e+00  1.422e-01
 1.972e+00  1.424e-01
 1.973e+00  1.427e-01
 1.973e+00  1.429e-01
 1.974e+00  1.431e-01
 1.974e+00  1.434e-01
 1.975e+00  1.436e-01
 1.975e+00  1.439e-01
 1.976e+00  1.441e-01
 1.976e+00  1.444e-01
 1.977e+00  1.446e-01
 1.977e+00  1.449e-01
 1.978e+00  1.451e-01
 1.978e+00  1.454e-01
 1.979e+00  1.456e-01
 1.979e+00  1.459e-01
 1.980e+00  1.461e-01
 1.980e+00  1.464e-01
 1.981e+00  1.467e-01
 1.981e+00  1.469e-01
 1.982e+00  1.472e-01
 1.982e+00  1.474e-01
 1.983e+00  1.477e-01
 1.983e+00  1.479e-01
 1.984e+00  1.482e-01
 1.984e+00  1.484e-01
 1.984e+00  1.487e-01
 1.985e+00  1.490e-01
 1.986e+00  1.492e-01
 1.986e+00  1.495e-01
 1.986e+00  1.497e-01
 1.987e+00  1.500e-01
 1.988e+00  1.502e-01
 1.988e+00  1.505e-01
 1.988e+00  1.507e-01
 1.989e+00  1.510e-01
 1.990e+00  1.513e-01
 1.990e+00  1.515e-01
 1.990e+00  1.518e-01
 1.991e+00  1.520e-01
 1.992e+00  1.523e-01
 1.992e+00  1.525e-01
 1.992e+00  1.528e-01
 1.993e+00  1.530e-01
 1.994e+00  1.533e-01
 1.994e+00  1.535e-01
 1.994e+00  1.538e-01
 1.995e+00  1.540e-01
 1.996e+00  1.543e-01
 1.996e+00  1.545e-01
 1.996e+00  1.548e-01
 1.997e+00  1.550e-01
 1.998e+00  1.553e-01
 1.998e+00  1.555e-01
 1.998e+00  1.558e-01
 1.999e+00  1.560e-01
 2.000e+00  1.562e-01
 2.000e+00  1.565e-01
