#     mass     R_mu^F
 8.000e-01  0.000e+00
 8.005e-01  2.032e-05
 8.010e-01  4.047e-05
 8.015e-01  6.045e-05
 8.020e-01  8.026e-05
 8.025e-01  9.991e-05
 8.030e-01  1.194e-04
 8.035e-01  1.387e-04
 8.040e-01  1.579e-04
 8.045e-01  1.769e-04
 8.050e-01  1.957e-04
 8.055e-01  2.144e-04
 8.060e-01  2.329e-04
 8.065e-01  2.513e-04
 8.070e-01  2.695e-04
 8.075e-01  2.876e-04
 8.080e-01  3.055e-04
 8.085e-01  3.233e-04
 8.090e-01  3.409e-04
 8.095e-01  3.584e-04
 8.100e-01  3.758e-04
 8.105e-01  3.930e-04
 8.110e-01  4.101e-04
 8.115e-01  4.270e-04
 8.120e-01  4.438e-04
 8.125e-01  4.605e-04
 8.130e-01  4.770e-04
 8.135e-01  4.934e-04
 8.140e-01  5.097e-04
 8.145e-01  5.259e-04
 8.150e-01  5.419e-04
 8.155e-01  5.578e-04
 8.160e-01  5.736e-04
 8.165e-01  5.892e-04
 8.170e-01  6.048e-04
 8.175e-01  6.202e-04
 8.180e-01  6.355e-04
 8.185e-01  6.507e-04
 8.190e-01  6.658e-04
 8.195e-01  6.808e-04
 8.200e-01  6.957e-04
 8.205e-01  7.104e-04
 8.210e-01  7.251e-04
 8.215e-01  7.397e-04
 8.220e-01  7.541e-04
 8.225e-01  7.685e-04
 8.230e-01  7.827e-04
 8.235e-01  7.969e-04
 8.240e-01  8.109e-04
 8.245e-01  8.249e-04
 8.250e-01  8.388e-04
 8.255e-01  8.526e-04
 8.260e-01  8.663e-04
 8.265e-01  8.799e-04
 8.270e-01  8.934e-04
 8.275e-01  9.069e-04
 8.280e-01  9.203e-04
 8.285e-01  9.335e-04
 8.290e-01  9.467e-04
 8.295e-01  9.599e-04
 8.300e-01  9.729e-04
 8.305e-01  9.859e-04
 8.310e-01  9.988e-04
 8.315e-01  1.012e-03
 8.320e-01  1.024e-03
 8.325e-01  1.037e-03
 8.330e-01  1.050e-03
 8.335e-01  1.062e-03
 8.340e-01  1.075e-03
 8.345e-01  1.087e-03
 8.350e-01  1.100e-03
 8.355e-01  1.112e-03
 8.360e-01  1.124e-03
 8.365e-01  1.137e-03
 8.370e-01  1.149e-03
 8.375e-01  1.161e-03
 8.380e-01  1.173e-03
 8.385e-01  1.185e-03
 8.390e-01  1.197e-03
 8.395e-01  1.209e-03
 8.400e-01  1.221e-03
 8.405e-01  1.233e-03
 8.410e-01  1.245e-03
 8.415e-01  1.256e-03
 8.420e-01  1.268e-03
 8.425e-01  1.280e-03
 8.430e-01  1.292e-03
 8.435e-01  1.303e-03
 8.440e-01  1.315e-03
 8.445e-01  1.327e-03
 8.450e-01  1.338e-03
 8.455e-01  1.350e-03
 8.460e-01  1.361e-03
 8.465e-01  1.373e-03
 8.470e-01  1.384e-03
 8.475e-01  1.396e-03
 8.480e-01  1.407e-03
 8.485e-01  1.419e-03
 8.490e-01  1.430e-03
 8.495e-01  1.442e-03
 8.500e-01  1.453e-03
 8.505e-01  1.464e-03
 8.510e-01  1.476e-03
 8.515e-01  1.487e-03
 8.520e-01  1.499e-03
 8.525e-01  1.510e-03
 8.530e-01  1.521e-03
 8.535e-01  1.533e-03
 8.540e-01  1.544e-03
 8.545e-01  1.556e-03
 8.550e-01  1.567e-03
 8.555e-01  1.579e-03
 8.560e-01  1.590e-03
 8.565e-01  1.602e-03
 8.570e-01  1.613e-03
 8.575e-01  1.625e-03
 8.580e-01  1.636e-03
 8.585e-01  1.648e-03
 8.590e-01  1.659e-03
 8.595e-01  1.671e-03
 8.600e-01  1.683e-03
 8.605e-01  1.694e-03
 8.610e-01  1.706e-03
 8.615e-01  1.718e-03
 8.620e-01  1.729e-03
 8.625e-01  1.741e-03
 8.630e-01  1.753e-03
 8.635e-01  1.765e-03
 8.640e-01  1.777e-03
 8.645e-01  1.789e-03
 8.650e-01  1.801e-03
 8.655e-01  1.813e-03
 8.660e-01  1.825e-03
 8.665e-01  1.837e-03
 8.670e-01  1.849e-03
 8.675e-01  1.861e-03
 8.680e-01  1.873e-03
 8.685e-01  1.886e-03
 8.690e-01  1.898e-03
 8.695e-01  1.911e-03
 8.700e-01  1.923e-03
 8.705e-01  1.936e-03
 8.710e-01  1.948e-03
 8.715e-01  1.961e-03
 8.720e-01  1.974e-03
 8.725e-01  1.987e-03
 8.730e-01  1.999e-03
 8.735e-01  2.012e-03
 8.740e-01  2.025e-03
 8.745e-01  2.039e-03
 8.750e-01  2.052e-03
 8.755e-01  2.065e-03
 8.760e-01  2.078e-03
 8.765e-01  2.092e-03
 8.770e-01  2.105e-03
 8.775e-01  2.119e-03
 8.780e-01  2.133e-03
 8.785e-01  2.146e-03
 8.790e-01  2.160e-03
 8.795e-01  2.174e-03
 8.800e-01  2.188e-03
 8.805e-01  2.202e-03
 8.810e-01  2.217e-03
 8.815e-01  2.231e-03
 8.820e-01  2.245e-03
 8.825e-01  2.260e-03
 8.830e-01  2.274e-03
 8.835e-01  2.289e-03
 8.840e-01  2.304e-03
 8.845e-01  2.319e-03
 8.850e-01  2.334e-03
 8.855e-01  2.349e-03
 8.860e-01  2.365e-03
 8.865e-01  2.380e-03
 8.870e-01  2.396e-03
 8.875e-01  2.411e-03
 8.880e-01  2.427e-03
 8.885e-01  2.443e-03
 8.890e-01  2.459e-03
 8.895e-01  2.475e-03
 8.900e-01  2.491e-03
 8.905e-01  2.508e-03
 8.910e-01  2.524e-03
 8.915e-01  2.541e-03
 8.920e-01  2.558e-03
 8.925e-01  2.575e-03
 8.930e-01  2.592e-03
 8.935e-01  2.609e-03
 8.940e-01  2.626e-03
 8.945e-01  2.644e-03
 8.950e-01  2.661e-03
 8.955e-01  2.679e-03
 8.960e-01  2.697e-03
 8.965e-01  2.715e-03
 8.970e-01  2.733e-03
 8.975e-01  2.752e-03
 8.980e-01  2.770e-03
 8.985e-01  2.789e-03
 8.990e-01  2.808e-03
 8.995e-01  2.827e-03
 9.000e-01  2.846e-03
 9.005e-01  2.865e-03
 9.010e-01  2.885e-03
 9.015e-01  2.904e-03
 9.020e-01  2.924e-03
 9.025e-01  2.944e-03
 9.030e-01  2.964e-03
 9.035e-01  2.985e-03
 9.040e-01  3.005e-03
 9.045e-01  3.026e-03
 9.050e-01  3.047e-03
 9.055e-01  3.068e-03
 9.060e-01  3.089e-03
 9.065e-01  3.111e-03
 9.070e-01  3.132e-03
 9.075e-01  3.154e-03
 9.080e-01  3.176e-03
 9.085e-01  3.198e-03
 9.090e-01  3.221e-03
 9.095e-01  3.243e-03
 9.100e-01  3.266e-03
 9.105e-01  3.289e-03
 9.110e-01  3.312e-03
 9.115e-01  3.335e-03
 9.120e-01  3.359e-03
 9.125e-01  3.383e-03
 9.130e-01  3.407e-03
 9.135e-01  3.431e-03
 9.140e-01  3.455e-03
 9.145e-01  3.480e-03
 9.150e-01  3.505e-03
 9.155e-01  3.530e-03
 9.160e-01  3.555e-03
 9.165e-01  3.580e-03
 9.170e-01  3.606e-03
 9.175e-01  3.632e-03
 9.180e-01  3.658e-03
 9.185e-01  3.684e-03
 9.190e-01  3.711e-03
 9.195e-01  3.738e-03
 9.200e-01  3.765e-03
 9.205e-01  3.792e-03
 9.210e-01  3.819e-03
 9.215e-01  3.847e-03
 9.220e-01  3.875e-03
 9.225e-01  3.903e-03
 9.230e-01  3.932e-03
 9.235e-01  3.960e-03
 9.240e-01  3.989e-03
 9.245e-01  4.019e-03
 9.250e-01  4.048e-03
 9.255e-01  4.078e-03
 9.260e-01  4.107e-03
 9.265e-01  4.138e-03
 9.270e-01  4.168e-03
 9.275e-01  4.199e-03
 9.280e-01  4.230e-03
 9.285e-01  4.261e-03
 9.290e-01  4.292e-03
 9.295e-01  4.324e-03
 9.300e-01  4.356e-03
 9.305e-01  4.388e-03
 9.310e-01  4.421e-03
 9.315e-01  4.454e-03
 9.320e-01  4.487e-03
 9.325e-01  4.520e-03
 9.330e-01  4.553e-03
 9.335e-01  4.587e-03
 9.340e-01  4.621e-03
 9.345e-01  4.656e-03
 9.350e-01  4.691e-03
 9.355e-01  4.726e-03
 9.360e-01  4.761e-03
 9.365e-01  4.796e-03
 9.370e-01  4.832e-03
 9.375e-01  4.868e-03
 9.380e-01  4.905e-03
 9.385e-01  4.942e-03
 9.390e-01  4.979e-03
 9.395e-01  5.016e-03
 9.400e-01  5.054e-03
 9.405e-01  5.091e-03
 9.410e-01  5.130e-03
 9.415e-01  5.168e-03
 9.420e-01  5.207e-03
 9.425e-01  5.246e-03
 9.430e-01  5.286e-03
 9.435e-01  5.325e-03
 9.440e-01  5.365e-03
 9.445e-01  5.406e-03
 9.450e-01  5.446e-03
 9.455e-01  5.487e-03
 9.460e-01  5.529e-03
 9.465e-01  5.570e-03
 9.470e-01  5.612e-03
 9.475e-01  5.655e-03
 9.480e-01  5.697e-03
 9.485e-01  5.740e-03
 9.490e-01  5.783e-03
 9.495e-01  5.827e-03
 9.500e-01  5.871e-03
 9.505e-01  5.915e-03
 9.510e-01  5.960e-03
 9.515e-01  6.005e-03
 9.520e-01  6.050e-03
 9.525e-01  6.096e-03
 9.530e-01  6.142e-03
 9.535e-01  6.188e-03
 9.540e-01  6.235e-03
 9.545e-01  6.282e-03
 9.550e-01  6.329e-03
 9.555e-01  6.377e-03
 9.560e-01  6.425e-03
 9.565e-01  6.473e-03
 9.570e-01  6.522e-03
 9.575e-01  6.571e-03
 9.580e-01  6.620e-03
 9.585e-01  6.670e-03
 9.590e-01  6.720e-03
 9.595e-01  6.771e-03
 9.600e-01  6.822e-03
 9.605e-01  6.873e-03
 9.610e-01  6.925e-03
 9.615e-01  6.977e-03
 9.620e-01  7.029e-03
 9.625e-01  7.082e-03
 9.630e-01  7.135e-03
 9.635e-01  7.189e-03
 9.640e-01  7.243e-03
 9.645e-01  7.297e-03
 9.650e-01  7.352e-03
 9.655e-01  7.407e-03
 9.660e-01  7.462e-03
 9.665e-01  7.518e-03
 9.670e-01  7.575e-03
 9.675e-01  7.631e-03
 9.680e-01  7.688e-03
 9.685e-01  7.746e-03
 9.690e-01  7.804e-03
 9.695e-01  7.862e-03
 9.700e-01  7.920e-03
 9.705e-01  7.979e-03
 9.710e-01  8.039e-03
 9.715e-01  8.099e-03
 9.720e-01  8.159e-03
 9.725e-01  8.220e-03
 9.730e-01  8.281e-03
 9.735e-01  8.342e-03
 9.740e-01  8.404e-03
 9.745e-01  8.466e-03
 9.750e-01  8.529e-03
 9.755e-01  8.592e-03
 9.760e-01  8.656e-03
 9.765e-01  8.720e-03
 9.770e-01  8.784e-03
 9.775e-01  8.849e-03
 9.780e-01  8.915e-03
 9.785e-01  8.980e-03
 9.790e-01  9.046e-03
 9.795e-01  9.113e-03
 9.800e-01  9.180e-03
 9.805e-01  9.247e-03
 9.810e-01  9.315e-03
 9.815e-01  9.384e-03
 9.820e-01  9.452e-03
 9.825e-01  9.522e-03
 9.830e-01  9.591e-03
 9.835e-01  9.661e-03
 9.840e-01  9.732e-03
 9.845e-01  9.803e-03
 9.850e-01  9.874e-03
 9.855e-01  9.946e-03
 9.860e-01  1.002e-02
 9.865e-01  1.009e-02
 9.870e-01  1.016e-02
 9.875e-01  1.024e-02
 9.880e-01  1.031e-02
 9.885e-01  1.039e-02
 9.890e-01  1.046e-02
 9.895e-01  1.054e-02
 9.900e-01  1.061e-02
 9.905e-01  1.069e-02
 9.910e-01  1.077e-02
 9.915e-01  1.085e-02
 9.920e-01  1.092e-02
 9.925e-01  1.100e-02
 9.930e-01  1.108e-02
 9.935e-01  1.116e-02
 9.940e-01  1.124e-02
 9.945e-01  1.132e-02
 9.950e-01  1.140e-02
 9.955e-01  1.148e-02
 9.960e-01  1.156e-02
 9.965e-01  1.165e-02
 9.970e-01  1.173e-02
 9.975e-01  1.181e-02
 9.980e-01  1.190e-02
 9.985e-01  1.198e-02
 9.990e-01  1.207e-02
 9.995e-01  1.215e-02
 1.000e+00  1.224e-02
 1.000e+00  1.232e-02
 1.001e+00  1.241e-02
 1.002e+00  1.250e-02
 1.002e+00  1.259e-02
 1.002e+00  1.267e-02
 1.003e+00  1.276e-02
 1.004e+00  1.285e-02
 1.004e+00  1.294e-02
 1.004e+00  1.303e-02
 1.005e+00  1.313e-02
 1.006e+00  1.322e-02
 1.006e+00  1.331e-02
 1.006e+00  1.340e-02
 1.007e+00  1.350e-02
 1.008e+00  1.359e-02
 1.008e+00  1.369e-02
 1.008e+00  1.378e-02
 1.009e+00  1.388e-02
 1.010e+00  1.398e-02
 1.010e+00  1.407e-02
 1.010e+00  1.417e-02
 1.011e+00  1.427e-02
 1.012e+00  1.437e-02
 1.012e+00  1.447e-02
 1.012e+00  1.457e-02
 1.013e+00  1.467e-02
 1.014e+00  1.478e-02
 1.014e+00  1.488e-02
 1.014e+00  1.499e-02
 1.015e+00  1.509e-02
 1.016e+00  1.520e-02
 1.016e+00  1.530e-02
 1.016e+00  1.541e-02
 1.017e+00  1.552e-02
 1.018e+00  1.563e-02
 1.018e+00  1.574e-02
 1.018e+00  1.585e-02
 1.019e+00  1.596e-02
 1.020e+00  1.607e-02
 1.020e+00  1.619e-02
 1.020e+00  1.630e-02
 1.021e+00  1.642e-02
 1.022e+00  1.653e-02
 1.022e+00  1.665e-02
 1.022e+00  1.677e-02
 1.023e+00  1.689e-02
 1.024e+00  1.700e-02
 1.024e+00  1.713e-02
 1.024e+00  1.725e-02
 1.025e+00  1.737e-02
 1.026e+00  1.749e-02
 1.026e+00  1.762e-02
 1.026e+00  1.774e-02
 1.027e+00  1.787e-02
 1.028e+00  1.800e-02
 1.028e+00  1.813e-02
 1.028e+00  1.826e-02
 1.029e+00  1.839e-02
 1.030e+00  1.852e-02
 1.030e+00  1.865e-02
 1.030e+00  1.878e-02
 1.031e+00  1.892e-02
 1.032e+00  1.906e-02
 1.032e+00  1.919e-02
 1.032e+00  1.933e-02
 1.033e+00  1.947e-02
 1.034e+00  1.961e-02
 1.034e+00  1.975e-02
 1.034e+00  1.989e-02
 1.035e+00  2.004e-02
 1.036e+00  2.018e-02
 1.036e+00  2.033e-02
 1.036e+00  2.048e-02
 1.037e+00  2.062e-02
 1.038e+00  2.077e-02
 1.038e+00  2.093e-02
 1.038e+00  2.108e-02
 1.039e+00  2.123e-02
 1.040e+00  2.139e-02
 1.040e+00  2.154e-02
 1.040e+00  2.170e-02
 1.041e+00  2.186e-02
 1.042e+00  2.202e-02
 1.042e+00  2.218e-02
 1.042e+00  2.234e-02
 1.043e+00  2.250e-02
 1.044e+00  2.267e-02
 1.044e+00  2.283e-02
 1.044e+00  2.300e-02
 1.045e+00  2.317e-02
 1.046e+00  2.334e-02
 1.046e+00  2.351e-02
 1.046e+00  2.368e-02
 1.047e+00  2.386e-02
 1.048e+00  2.403e-02
 1.048e+00  2.421e-02
 1.048e+00  2.439e-02
 1.049e+00  2.457e-02
 1.050e+00  2.475e-02
 1.050e+00  2.493e-02
 1.050e+00  2.512e-02
 1.051e+00  2.530e-02
 1.052e+00  2.549e-02
 1.052e+00  2.568e-02
 1.052e+00  2.587e-02
 1.053e+00  2.606e-02
 1.054e+00  2.625e-02
 1.054e+00  2.645e-02
 1.054e+00  2.664e-02
 1.055e+00  2.684e-02
 1.056e+00  2.704e-02
 1.056e+00  2.724e-02
 1.056e+00  2.744e-02
 1.057e+00  2.765e-02
 1.058e+00  2.785e-02
 1.058e+00  2.806e-02
 1.058e+00  2.827e-02
 1.059e+00  2.848e-02
 1.060e+00  2.869e-02
 1.060e+00  2.890e-02
 1.060e+00  2.912e-02
 1.061e+00  2.933e-02
 1.062e+00  2.955e-02
 1.062e+00  2.977e-02
 1.062e+00  2.999e-02
 1.063e+00  3.022e-02
 1.064e+00  3.044e-02
 1.064e+00  3.067e-02
 1.065e+00  3.089e-02
 1.065e+00  3.112e-02
 1.066e+00  3.136e-02
 1.066e+00  3.159e-02
 1.067e+00  3.182e-02
 1.067e+00  3.206e-02
 1.068e+00  3.230e-02
 1.068e+00  3.254e-02
 1.069e+00  3.278e-02
 1.069e+00  3.303e-02
 1.070e+00  3.327e-02
 1.070e+00  3.352e-02
 1.071e+00  3.377e-02
 1.071e+00  3.402e-02
 1.072e+00  3.427e-02
 1.072e+00  3.453e-02
 1.073e+00  3.479e-02
 1.073e+00  3.504e-02
 1.074e+00  3.530e-02
 1.074e+00  3.557e-02
 1.075e+00  3.583e-02
 1.075e+00  3.610e-02
 1.076e+00  3.637e-02
 1.076e+00  3.664e-02
 1.077e+00  3.691e-02
 1.077e+00  3.718e-02
 1.078e+00  3.746e-02
 1.078e+00  3.773e-02
 1.079e+00  3.801e-02
 1.079e+00  3.830e-02
 1.080e+00  3.858e-02
 1.080e+00  3.887e-02
 1.081e+00  3.915e-02
 1.081e+00  3.944e-02
 1.082e+00  3.973e-02
 1.082e+00  4.003e-02
 1.083e+00  4.032e-02
 1.083e+00  4.062e-02
 1.084e+00  4.092e-02
 1.084e+00  4.122e-02
 1.085e+00  4.153e-02
 1.085e+00  4.183e-02
 1.086e+00  4.214e-02
 1.086e+00  4.245e-02
 1.087e+00  4.277e-02
 1.087e+00  4.308e-02
 1.088e+00  4.340e-02
 1.088e+00  4.372e-02
 1.089e+00  4.404e-02
 1.089e+00  4.436e-02
 1.089e+00  4.468e-02
 1.090e+00  4.501e-02
 1.091e+00  4.534e-02
 1.091e+00  4.567e-02
 1.091e+00  4.601e-02
 1.092e+00  4.634e-02
 1.093e+00  4.668e-02
 1.093e+00  4.702e-02
 1.093e+00  4.737e-02
 1.094e+00  4.771e-02
 1.095e+00  4.806e-02
 1.095e+00  4.841e-02
 1.095e+00  4.876e-02
 1.096e+00  4.912e-02
 1.097e+00  4.947e-02
 1.097e+00  4.983e-02
 1.097e+00  5.019e-02
 1.098e+00  5.056e-02
 1.099e+00  5.092e-02
 1.099e+00  5.129e-02
 1.099e+00  5.166e-02
 1.100e+00  5.204e-02
 1.101e+00  5.241e-02
 1.101e+00  5.279e-02
 1.101e+00  5.317e-02
 1.102e+00  5.355e-02
 1.103e+00  5.394e-02
 1.103e+00  5.432e-02
 1.103e+00  5.471e-02
 1.104e+00  5.511e-02
 1.105e+00  5.550e-02
 1.105e+00  5.590e-02
 1.105e+00  5.630e-02
 1.106e+00  5.670e-02
 1.107e+00  5.710e-02
 1.107e+00  5.751e-02
 1.107e+00  5.791e-02
 1.108e+00  5.832e-02
 1.109e+00  5.874e-02
 1.109e+00  5.915e-02
 1.109e+00  5.957e-02
 1.110e+00  5.999e-02
 1.111e+00  6.041e-02
 1.111e+00  6.083e-02
 1.111e+00  6.126e-02
 1.112e+00  6.169e-02
 1.113e+00  6.212e-02
 1.113e+00  6.255e-02
 1.113e+00  6.299e-02
 1.114e+00  6.343e-02
 1.115e+00  6.386e-02
 1.115e+00  6.431e-02
 1.115e+00  6.475e-02
 1.116e+00  6.520e-02
 1.117e+00  6.564e-02
 1.117e+00  6.610e-02
 1.117e+00  6.655e-02
 1.118e+00  6.700e-02
 1.119e+00  6.746e-02
 1.119e+00  6.792e-02
 1.119e+00  6.838e-02
 1.120e+00  6.884e-02
 1.121e+00  6.931e-02
 1.121e+00  6.977e-02
 1.121e+00  7.024e-02
 1.122e+00  7.072e-02
 1.123e+00  7.119e-02
 1.123e+00  7.167e-02
 1.123e+00  7.214e-02
 1.124e+00  7.262e-02
 1.125e+00  7.311e-02
 1.125e+00  7.359e-02
 1.125e+00  7.408e-02
 1.126e+00  7.456e-02
 1.127e+00  7.505e-02
 1.127e+00  7.555e-02
 1.127e+00  7.604e-02
 1.128e+00  7.654e-02
 1.129e+00  7.703e-02
 1.129e+00  7.754e-02
 1.129e+00  7.804e-02
 1.130e+00  7.854e-02
 1.131e+00  7.905e-02
 1.131e+00  7.956e-02
 1.131e+00  8.007e-02
 1.132e+00  8.058e-02
 1.133e+00  8.109e-02
 1.133e+00  8.161e-02
 1.133e+00  8.213e-02
 1.134e+00  8.265e-02
 1.135e+00  8.317e-02
 1.135e+00  8.369e-02
 1.135e+00  8.422e-02
 1.136e+00  8.475e-02
 1.137e+00  8.528e-02
 1.137e+00  8.581e-02
 1.137e+00  8.634e-02
 1.138e+00  8.688e-02
 1.139e+00  8.741e-02
 1.139e+00  8.795e-02
 1.139e+00  8.849e-02
 1.140e+00  8.904e-02
 1.141e+00  8.958e-02
 1.141e+00  9.013e-02
 1.141e+00  9.067e-02
 1.142e+00  9.122e-02
 1.143e+00  9.178e-02
 1.143e+00  9.233e-02
 1.143e+00  9.289e-02
 1.144e+00  9.344e-02
 1.145e+00  9.400e-02
 1.145e+00  9.456e-02
 1.145e+00  9.513e-02
 1.146e+00  9.569e-02
 1.147e+00  9.626e-02
 1.147e+00  9.682e-02
 1.147e+00  9.739e-02
 1.148e+00  9.797e-02
 1.149e+00  9.854e-02
 1.149e+00  9.911e-02
 1.149e+00  9.969e-02
 1.150e+00  1.003e-01
 1.151e+00  1.008e-01
 1.151e+00  1.014e-01
 1.151e+00  1.020e-01
 1.152e+00  1.026e-01
 1.153e+00  1.032e-01
 1.153e+00  1.038e-01
 1.153e+00  1.044e-01
 1.154e+00  1.050e-01
 1.155e+00  1.056e-01
 1.155e+00  1.061e-01
 1.155e+00  1.067e-01
 1.156e+00  1.073e-01
 1.157e+00  1.079e-01
 1.157e+00  1.085e-01
 1.157e+00  1.091e-01
 1.158e+00  1.098e-01
 1.159e+00  1.104e-01
 1.159e+00  1.110e-01
 1.159e+00  1.116e-01
 1.160e+00  1.122e-01
 1.161e+00  1.128e-01
 1.161e+00  1.134e-01
 1.161e+00  1.140e-01
 1.162e+00  1.147e-01
 1.163e+00  1.153e-01
 1.163e+00  1.159e-01
 1.163e+00  1.165e-01
 1.164e+00  1.171e-01
 1.165e+00  1.178e-01
 1.165e+00  1.184e-01
 1.165e+00  1.190e-01
 1.166e+00  1.197e-01
 1.167e+00  1.203e-01
 1.167e+00  1.209e-01
 1.167e+00  1.216e-01
 1.168e+00  1.222e-01
 1.169e+00  1.228e-01
 1.169e+00  1.235e-01
 1.169e+00  1.241e-01
 1.170e+00  1.247e-01
 1.171e+00  1.254e-01
 1.171e+00  1.260e-01
 1.171e+00  1.267e-01
 1.172e+00  1.273e-01
 1.173e+00  1.280e-01
 1.173e+00  1.286e-01
 1.173e+00  1.293e-01
 1.174e+00  1.299e-01
 1.175e+00  1.306e-01
 1.175e+00  1.312e-01
 1.175e+00  1.319e-01
 1.176e+00  1.326e-01
 1.177e+00  1.332e-01
 1.177e+00  1.339e-01
 1.177e+00  1.346e-01
 1.178e+00  1.352e-01
 1.179e+00  1.359e-01
 1.179e+00  1.366e-01
 1.179e+00  1.372e-01
 1.180e+00  1.379e-01
 1.181e+00  1.386e-01
 1.181e+00  1.392e-01
 1.181e+00  1.399e-01
 1.182e+00  1.406e-01
 1.183e+00  1.413e-01
 1.183e+00  1.419e-01
 1.183e+00  1.426e-01
 1.184e+00  1.433e-01
 1.185e+00  1.440e-01
 1.185e+00  1.447e-01
 1.185e+00  1.453e-01
 1.186e+00  1.460e-01
 1.187e+00  1.467e-01
 1.187e+00  1.474e-01
 1.188e+00  1.481e-01
 1.188e+00  1.488e-01
 1.189e+00  1.495e-01
 1.189e+00  1.502e-01
 1.190e+00  1.509e-01
 1.190e+00  1.516e-01
 1.191e+00  1.523e-01
 1.191e+00  1.530e-01
 1.192e+00  1.536e-01
 1.192e+00  1.543e-01
 1.193e+00  1.551e-01
 1.193e+00  1.558e-01
 1.194e+00  1.565e-01
 1.194e+00  1.572e-01
 1.195e+00  1.579e-01
 1.195e+00  1.586e-01
 1.196e+00  1.593e-01
 1.196e+00  1.600e-01
 1.197e+00  1.607e-01
 1.197e+00  1.614e-01
 1.198e+00  1.621e-01
 1.198e+00  1.628e-01
 1.199e+00  1.636e-01
 1.199e+00  1.643e-01
 1.200e+00  1.650e-01
 1.200e+00  1.657e-01
 1.201e+00  1.664e-01
 1.201e+00  1.671e-01
 1.202e+00  1.679e-01
 1.202e+00  1.686e-01
 1.203e+00  1.693e-01
 1.203e+00  1.700e-01
 1.204e+00  1.708e-01
 1.204e+00  1.715e-01
 1.205e+00  1.722e-01
 1.205e+00  1.729e-01
 1.206e+00  1.737e-01
 1.206e+00  1.744e-01
 1.207e+00  1.751e-01
 1.207e+00  1.759e-01
 1.208e+00  1.766e-01
 1.208e+00  1.773e-01
 1.209e+00  1.781e-01
 1.209e+00  1.788e-01
 1.210e+00  1.795e-01
 1.210e+00  1.803e-01
 1.211e+00  1.810e-01
 1.211e+00  1.818e-01
 1.212e+00  1.825e-01
 1.212e+00  1.833e-01
 1.213e+00  1.840e-01
 1.213e+00  1.848e-01
 1.214e+00  1.855e-01
 1.214e+00  1.863e-01
 1.215e+00  1.870e-01
 1.215e+00  1.878e-01
 1.216e+00  1.885e-01
 1.216e+00  1.893e-01
 1.216e+00  1.900e-01
 1.217e+00  1.908e-01
 1.218e+00  1.916e-01
 1.218e+00  1.923e-01
 1.218e+00  1.931e-01
 1.219e+00  1.938e-01
 1.220e+00  1.946e-01
 1.220e+00  1.954e-01
 1.220e+00  1.961e-01
 1.221e+00  1.969e-01
 1.222e+00  1.977e-01
 1.222e+00  1.985e-01
 1.222e+00  1.992e-01
 1.223e+00  2.000e-01
 1.224e+00  2.008e-01
 1.224e+00  2.016e-01
 1.224e+00  2.024e-01
 1.225e+00  2.031e-01
 1.226e+00  2.039e-01
 1.226e+00  2.047e-01
 1.226e+00  2.055e-01
 1.227e+00  2.063e-01
 1.228e+00  2.071e-01
 1.228e+00  2.079e-01
 1.228e+00  2.087e-01
 1.229e+00  2.095e-01
 1.230e+00  2.103e-01
 1.230e+00  2.111e-01
 1.230e+00  2.119e-01
 1.231e+00  2.127e-01
 1.232e+00  2.135e-01
 1.232e+00  2.143e-01
 1.232e+00  2.151e-01
 1.233e+00  2.159e-01
 1.234e+00  2.167e-01
 1.234e+00  2.175e-01
 1.234e+00  2.183e-01
 1.235e+00  2.191e-01
 1.236e+00  2.200e-01
 1.236e+00  2.208e-01
 1.236e+00  2.216e-01
 1.237e+00  2.224e-01
 1.238e+00  2.232e-01
 1.238e+00  2.241e-01
 1.238e+00  2.249e-01
 1.239e+00  2.257e-01
 1.240e+00  2.266e-01
 1.240e+00  2.274e-01
 1.240e+00  2.282e-01
 1.241e+00  2.291e-01
 1.242e+00  2.299e-01
 1.242e+00  2.308e-01
 1.242e+00  2.316e-01
 1.243e+00  2.324e-01
 1.244e+00  2.333e-01
 1.244e+00  2.341e-01
 1.244e+00  2.350e-01
 1.245e+00  2.358e-01
 1.246e+00  2.367e-01
 1.246e+00  2.376e-01
 1.246e+00  2.384e-01
 1.247e+00  2.393e-01
 1.248e+00  2.401e-01
 1.248e+00  2.410e-01
 1.248e+00  2.419e-01
 1.249e+00  2.427e-01
 1.250e+00  2.436e-01
 1.250e+00  2.445e-01
 1.250e+00  2.454e-01
 1.251e+00  2.462e-01
 1.252e+00  2.471e-01
 1.252e+00  2.480e-01
 1.252e+00  2.489e-01
 1.253e+00  2.498e-01
 1.254e+00  2.507e-01
 1.254e+00  2.515e-01
 1.254e+00  2.524e-01
 1.255e+00  2.533e-01
 1.256e+00  2.542e-01
 1.256e+00  2.551e-01
 1.256e+00  2.560e-01
 1.257e+00  2.569e-01
 1.258e+00  2.578e-01
 1.258e+00  2.588e-01
 1.258e+00  2.597e-01
 1.259e+00  2.606e-01
 1.260e+00  2.615e-01
 1.260e+00  2.624e-01
 1.260e+00  2.633e-01
 1.261e+00  2.642e-01
 1.262e+00  2.652e-01
 1.262e+00  2.661e-01
 1.262e+00  2.670e-01
 1.263e+00  2.680e-01
 1.264e+00  2.689e-01
 1.264e+00  2.698e-01
 1.264e+00  2.708e-01
 1.265e+00  2.717e-01
 1.266e+00  2.726e-01
 1.266e+00  2.736e-01
 1.266e+00  2.745e-01
 1.267e+00  2.755e-01
 1.268e+00  2.764e-01
 1.268e+00  2.774e-01
 1.268e+00  2.783e-01
 1.269e+00  2.793e-01
 1.270e+00  2.803e-01
 1.270e+00  2.812e-01
 1.270e+00  2.822e-01
 1.271e+00  2.832e-01
 1.272e+00  2.841e-01
 1.272e+00  2.851e-01
 1.272e+00  2.861e-01
 1.273e+00  2.871e-01
 1.274e+00  2.881e-01
 1.274e+00  2.890e-01
 1.274e+00  2.900e-01
 1.275e+00  2.910e-01
 1.276e+00  2.920e-01
 1.276e+00  2.930e-01
 1.276e+00  2.940e-01
 1.277e+00  2.950e-01
 1.278e+00  2.960e-01
 1.278e+00  2.970e-01
 1.278e+00  2.980e-01
 1.279e+00  2.990e-01
 1.280e+00  3.000e-01
 1.280e+00  3.011e-01
 1.280e+00  3.021e-01
 1.281e+00  3.031e-01
 1.282e+00  3.041e-01
 1.282e+00  3.051e-01
 1.282e+00  3.062e-01
 1.283e+00  3.072e-01
 1.284e+00  3.082e-01
 1.284e+00  3.093e-01
 1.284e+00  3.103e-01
 1.285e+00  3.114e-01
 1.286e+00  3.124e-01
 1.286e+00  3.135e-01
 1.286e+00  3.145e-01
 1.287e+00  3.156e-01
 1.288e+00  3.166e-01
 1.288e+00  3.177e-01
 1.288e+00  3.187e-01
 1.289e+00  3.198e-01
 1.290e+00  3.209e-01
 1.290e+00  3.219e-01
 1.290e+00  3.230e-01
 1.291e+00  3.241e-01
 1.292e+00  3.252e-01
 1.292e+00  3.263e-01
 1.292e+00  3.273e-01
 1.293e+00  3.284e-01
 1.294e+00  3.295e-01
 1.294e+00  3.306e-01
 1.294e+00  3.317e-01
 1.295e+00  3.328e-01
 1.296e+00  3.339e-01
 1.296e+00  3.350e-01
 1.296e+00  3.361e-01
 1.297e+00  3.373e-01
 1.298e+00  3.384e-01
 1.298e+00  3.395e-01
 1.298e+00  3.406e-01
 1.299e+00  3.417e-01
 1.300e+00  3.429e-01
 1.300e+00  3.440e-01
 1.300e+00  3.451e-01
 1.301e+00  3.463e-01
 1.302e+00  3.474e-01
 1.302e+00  3.485e-01
 1.302e+00  3.497e-01
 1.303e+00  3.508e-01
 1.304e+00  3.520e-01
 1.304e+00  3.532e-01
 1.304e+00  3.543e-01
 1.305e+00  3.555e-01
 1.306e+00  3.566e-01
 1.306e+00  3.578e-01
 1.306e+00  3.590e-01
 1.307e+00  3.601e-01
 1.308e+00  3.613e-01
 1.308e+00  3.625e-01
 1.308e+00  3.637e-01
 1.309e+00  3.649e-01
 1.310e+00  3.660e-01
 1.310e+00  3.672e-01
 1.310e+00  3.684e-01
 1.311e+00  3.696e-01
 1.312e+00  3.708e-01
 1.312e+00  3.720e-01
 1.312e+00  3.732e-01
 1.313e+00  3.744e-01
 1.314e+00  3.756e-01
 1.314e+00  3.769e-01
 1.315e+00  3.781e-01
 1.315e+00  3.793e-01
 1.316e+00  3.805e-01
 1.316e+00  3.817e-01
 1.317e+00  3.829e-01
 1.317e+00  3.842e-01
 1.318e+00  3.854e-01
 1.318e+00  3.866e-01
 1.319e+00  3.879e-01
 1.319e+00  3.891e-01
 1.320e+00  3.903e-01
 1.320e+00  3.916e-01
 1.321e+00  3.928e-01
 1.321e+00  3.941e-01
 1.322e+00  3.953e-01
 1.322e+00  3.966e-01
 1.323e+00  3.978e-01
 1.323e+00  3.991e-01
 1.324e+00  4.003e-01
 1.324e+00  4.016e-01
 1.325e+00  4.028e-01
 1.325e+00  4.041e-01
 1.326e+00  4.054e-01
 1.326e+00  4.066e-01
 1.327e+00  4.079e-01
 1.327e+00  4.092e-01
 1.328e+00  4.104e-01
 1.328e+00  4.117e-01
 1.329e+00  4.130e-01
 1.329e+00  4.143e-01
 1.330e+00  4.156e-01
 1.330e+00  4.168e-01
 1.331e+00  4.181e-01
 1.331e+00  4.194e-01
 1.332e+00  4.207e-01
 1.332e+00  4.220e-01
 1.333e+00  4.233e-01
 1.333e+00  4.246e-01
 1.334e+00  4.259e-01
 1.334e+00  4.272e-01
 1.335e+00  4.285e-01
 1.335e+00  4.298e-01
 1.336e+00  4.311e-01
 1.336e+00  4.324e-01
 1.337e+00  4.337e-01
 1.337e+00  4.350e-01
 1.338e+00  4.363e-01
 1.338e+00  4.376e-01
 1.339e+00  4.389e-01
 1.339e+00  4.403e-01
 1.340e+00  4.416e-01
 1.340e+00  4.429e-01
 1.341e+00  4.442e-01
 1.341e+00  4.455e-01
 1.342e+00  4.469e-01
 1.342e+00  4.482e-01
 1.343e+00  4.495e-01
 1.343e+00  4.508e-01
 1.344e+00  4.522e-01
 1.344e+00  4.535e-01
 1.345e+00  4.548e-01
 1.345e+00  4.562e-01
 1.345e+00  4.575e-01
 1.346e+00  4.588e-01
 1.347e+00  4.602e-01
 1.347e+00  4.615e-01
 1.347e+00  4.629e-01
 1.348e+00  4.642e-01
 1.349e+00  4.655e-01
 1.349e+00  4.669e-01
 1.349e+00  4.682e-01
 1.350e+00  4.696e-01
 1.351e+00  4.709e-01
 1.351e+00  4.723e-01
 1.351e+00  4.736e-01
 1.352e+00  4.750e-01
 1.353e+00  4.763e-01
 1.353e+00  4.777e-01
 1.353e+00  4.790e-01
 1.354e+00  4.804e-01
 1.355e+00  4.818e-01
 1.355e+00  4.831e-01
 1.355e+00  4.845e-01
 1.356e+00  4.858e-01
 1.357e+00  4.872e-01
 1.357e+00  4.886e-01
 1.357e+00  4.899e-01
 1.358e+00  4.913e-01
 1.359e+00  4.926e-01
 1.359e+00  4.940e-01
 1.359e+00  4.954e-01
 1.360e+00  4.968e-01
 1.361e+00  4.981e-01
 1.361e+00  4.995e-01
 1.361e+00  5.009e-01
 1.362e+00  5.022e-01
 1.363e+00  5.036e-01
 1.363e+00  5.050e-01
 1.363e+00  5.063e-01
 1.364e+00  5.077e-01
 1.365e+00  5.091e-01
 1.365e+00  5.105e-01
 1.365e+00  5.118e-01
 1.366e+00  5.132e-01
 1.367e+00  5.146e-01
 1.367e+00  5.160e-01
 1.367e+00  5.174e-01
 1.368e+00  5.187e-01
 1.369e+00  5.201e-01
 1.369e+00  5.215e-01
 1.369e+00  5.229e-01
 1.370e+00  5.243e-01
 1.371e+00  5.256e-01
 1.371e+00  5.270e-01
 1.371e+00  5.284e-01
 1.372e+00  5.298e-01
 1.373e+00  5.312e-01
 1.373e+00  5.325e-01
 1.373e+00  5.339e-01
 1.374e+00  5.353e-01
 1.375e+00  5.367e-01
 1.375e+00  5.381e-01
 1.375e+00  5.395e-01
 1.376e+00  5.409e-01
 1.377e+00  5.422e-01
 1.377e+00  5.436e-01
 1.377e+00  5.450e-01
 1.378e+00  5.464e-01
 1.379e+00  5.478e-01
 1.379e+00  5.492e-01
 1.379e+00  5.506e-01
 1.380e+00  5.519e-01
 1.381e+00  5.533e-01
 1.381e+00  5.547e-01
 1.381e+00  5.561e-01
 1.382e+00  5.575e-01
 1.383e+00  5.589e-01
 1.383e+00  5.603e-01
 1.383e+00  5.616e-01
 1.384e+00  5.630e-01
 1.385e+00  5.644e-01
 1.385e+00  5.658e-01
 1.385e+00  5.672e-01
 1.386e+00  5.686e-01
 1.387e+00  5.700e-01
 1.387e+00  5.713e-01
 1.387e+00  5.727e-01
 1.388e+00  5.741e-01
 1.389e+00  5.755e-01
 1.389e+00  5.769e-01
 1.389e+00  5.783e-01
 1.390e+00  5.797e-01
 1.391e+00  5.810e-01
 1.391e+00  5.824e-01
 1.391e+00  5.838e-01
 1.392e+00  5.852e-01
 1.393e+00  5.866e-01
 1.393e+00  5.880e-01
 1.393e+00  5.893e-01
 1.394e+00  5.907e-01
 1.395e+00  5.921e-01
 1.395e+00  5.935e-01
 1.395e+00  5.949e-01
 1.396e+00  5.962e-01
 1.397e+00  5.976e-01
 1.397e+00  5.990e-01
 1.397e+00  6.004e-01
 1.398e+00  6.017e-01
 1.399e+00  6.031e-01
 1.399e+00  6.045e-01
 1.399e+00  6.059e-01
 1.400e+00  6.072e-01
 1.401e+00  6.086e-01
 1.401e+00  6.100e-01
 1.401e+00  6.114e-01
 1.402e+00  6.127e-01
 1.403e+00  6.141e-01
 1.403e+00  6.155e-01
 1.403e+00  6.168e-01
 1.404e+00  6.182e-01
 1.405e+00  6.196e-01
 1.405e+00  6.209e-01
 1.405e+00  6.223e-01
 1.406e+00  6.237e-01
 1.407e+00  6.250e-01
 1.407e+00  6.264e-01
 1.407e+00  6.278e-01
 1.408e+00  6.291e-01
 1.409e+00  6.305e-01
 1.409e+00  6.318e-01
 1.409e+00  6.332e-01
 1.410e+00  6.345e-01
 1.411e+00  6.359e-01
 1.411e+00  6.372e-01
 1.411e+00  6.386e-01
 1.412e+00  6.399e-01
 1.413e+00  6.413e-01
 1.413e+00  6.426e-01
 1.413e+00  6.440e-01
 1.414e+00  6.453e-01
 1.415e+00  6.466e-01
 1.415e+00  6.480e-01
 1.415e+00  6.493e-01
 1.416e+00  6.506e-01
 1.417e+00  6.520e-01
 1.417e+00  6.533e-01
 1.417e+00  6.546e-01
 1.418e+00  6.560e-01
 1.419e+00  6.573e-01
 1.419e+00  6.586e-01
 1.419e+00  6.599e-01
 1.420e+00  6.612e-01
 1.421e+00  6.625e-01
 1.421e+00  6.639e-01
 1.421e+00  6.652e-01
 1.422e+00  6.665e-01
 1.423e+00  6.678e-01
 1.423e+00  6.691e-01
 1.423e+00  6.704e-01
 1.424e+00  6.717e-01
 1.425e+00  6.730e-01
 1.425e+00  6.743e-01
 1.425e+00  6.755e-01
 1.426e+00  6.768e-01
 1.427e+00  6.781e-01
 1.427e+00  6.794e-01
 1.427e+00  6.807e-01
 1.428e+00  6.819e-01
 1.429e+00  6.832e-01
 1.429e+00  6.845e-01
 1.429e+00  6.857e-01
 1.430e+00  6.870e-01
 1.431e+00  6.883e-01
 1.431e+00  6.895e-01
 1.431e+00  6.908e-01
 1.432e+00  6.920e-01
 1.433e+00  6.933e-01
 1.433e+00  6.945e-01
 1.433e+00  6.957e-01
 1.434e+00  6.970e-01
 1.435e+00  6.982e-01
 1.435e+00  6.994e-01
 1.435e+00  7.007e-01
 1.436e+00  7.019e-01
 1.437e+00  7.031e-01
 1.437e+00  7.043e-01
 1.438e+00  7.055e-01
 1.438e+00  7.067e-01
 1.439e+00  7.079e-01
 1.439e+00  7.091e-01
 1.440e+00  7.103e-01
 1.440e+00  7.115e-01
 1.441e+00  7.127e-01
 1.441e+00  7.139e-01
 1.442e+00  7.151e-01
 1.442e+00  7.162e-01
 1.443e+00  7.174e-01
 1.443e+00  7.186e-01
 1.444e+00  7.197e-01
 1.444e+00  7.209e-01
 1.445e+00  7.221e-01
 1.445e+00  7.232e-01
 1.446e+00  7.244e-01
 1.446e+00  7.255e-01
 1.447e+00  7.266e-01
 1.447e+00  7.278e-01
 1.448e+00  7.289e-01
 1.448e+00  7.300e-01
 1.449e+00  7.311e-01
 1.449e+00  7.322e-01
 1.450e+00  7.334e-01
 1.450e+00  7.345e-01
 1.451e+00  7.356e-01
 1.451e+00  7.367e-01
 1.452e+00  7.377e-01
 1.452e+00  7.388e-01
 1.453e+00  7.399e-01
 1.453e+00  7.410e-01
 1.454e+00  7.421e-01
 1.454e+00  7.431e-01
 1.455e+00  7.442e-01
 1.455e+00  7.452e-01
 1.456e+00  7.463e-01
 1.456e+00  7.473e-01
 1.457e+00  7.484e-01
 1.457e+00  7.494e-01
 1.458e+00  7.504e-01
 1.458e+00  7.514e-01
 1.459e+00  7.525e-01
 1.459e+00  7.535e-01
 1.460e+00  7.545e-01
 1.460e+00  7.555e-01
 1.461e+00  7.565e-01
 1.461e+00  7.575e-01
 1.462e+00  7.585e-01
 1.462e+00  7.594e-01
 1.463e+00  7.604e-01
 1.463e+00  7.614e-01
 1.464e+00  7.623e-01
 1.464e+00  7.633e-01
 1.465e+00  7.642e-01
 1.465e+00  7.652e-01
 1.466e+00  7.661e-01
 1.466e+00  7.671e-01
 1.467e+00  7.680e-01
 1.467e+00  7.689e-01
 1.468e+00  7.698e-01
 1.468e+00  7.707e-01
 1.469e+00  7.716e-01
 1.469e+00  7.725e-01
 1.470e+00  7.734e-01
 1.470e+00  7.743e-01
 1.471e+00  7.752e-01
 1.471e+00  7.760e-01
 1.472e+00  7.769e-01
 1.472e+00  7.778e-01
 1.472e+00  7.786e-01
 1.473e+00  7.794e-01
 1.474e+00  7.803e-01
 1.474e+00  7.811e-01
 1.474e+00  7.819e-01
 1.475e+00  7.827e-01
 1.476e+00  7.836e-01
 1.476e+00  7.844e-01
 1.476e+00  7.852e-01
 1.477e+00  7.859e-01
 1.478e+00  7.867e-01
 1.478e+00  7.875e-01
 1.478e+00  7.883e-01
 1.479e+00  7.890e-01
 1.480e+00  7.898e-01
 1.480e+00  7.905e-01
 1.480e+00  7.913e-01
 1.481e+00  7.920e-01
 1.482e+00  7.927e-01
 1.482e+00  7.934e-01
 1.482e+00  7.941e-01
 1.483e+00  7.949e-01
 1.484e+00  7.955e-01
 1.484e+00  7.962e-01
 1.484e+00  7.969e-01
 1.485e+00  7.976e-01
 1.486e+00  7.983e-01
 1.486e+00  7.989e-01
 1.486e+00  7.996e-01
 1.487e+00  8.002e-01
 1.488e+00  8.008e-01
 1.488e+00  8.015e-01
 1.488e+00  8.021e-01
 1.489e+00  8.027e-01
 1.490e+00  8.033e-01
 1.490e+00  8.039e-01
 1.490e+00  8.045e-01
 1.491e+00  8.050e-01
 1.492e+00  8.056e-01
 1.492e+00  8.062e-01
 1.492e+00  8.067e-01
 1.493e+00  8.073e-01
 1.494e+00  8.078e-01
 1.494e+00  8.083e-01
 1.494e+00  8.089e-01
 1.495e+00  8.094e-01
 1.496e+00  8.099e-01
 1.496e+00  8.104e-01
 1.496e+00  8.109e-01
 1.497e+00  8.113e-01
 1.498e+00  8.118e-01
 1.498e+00  8.123e-01
 1.498e+00  8.127e-01
 1.499e+00  8.132e-01
 1.500e+00  8.136e-01
 1.500e+00  8.140e-01
 1.500e+00  8.144e-01
 1.501e+00  8.148e-01
 1.502e+00  8.152e-01
 1.502e+00  8.156e-01
 1.502e+00  8.160e-01
 1.503e+00  8.164e-01
 1.504e+00  8.168e-01
 1.504e+00  8.171e-01
 1.504e+00  8.175e-01
 1.505e+00  8.178e-01
 1.506e+00  8.181e-01
 1.506e+00  8.184e-01
 1.506e+00  8.188e-01
 1.507e+00  8.191e-01
 1.508e+00  8.194e-01
 1.508e+00  8.196e-01
 1.508e+00  8.199e-01
 1.509e+00  8.202e-01
 1.510e+00  8.205e-01
 1.510e+00  8.207e-01
 1.510e+00  8.210e-01
 1.511e+00  8.212e-01
 1.512e+00  8.214e-01
 1.512e+00  8.216e-01
 1.512e+00  8.219e-01
 1.513e+00  8.221e-01
 1.514e+00  8.223e-01
 1.514e+00  8.225e-01
 1.514e+00  8.226e-01
 1.515e+00  8.228e-01
 1.516e+00  8.230e-01
 1.516e+00  8.231e-01
 1.516e+00  8.233e-01
 1.517e+00  8.234e-01
 1.518e+00  8.236e-01
 1.518e+00  8.237e-01
 1.518e+00  8.238e-01
 1.519e+00  8.239e-01
 1.520e+00  8.240e-01
 1.520e+00  8.241e-01
 1.520e+00  8.242e-01
 1.521e+00  8.243e-01
 1.522e+00  8.244e-01
 1.522e+00  8.244e-01
 1.522e+00  8.245e-01
 1.523e+00  8.245e-01
 1.524e+00  8.246e-01
 1.524e+00  8.246e-01
 1.524e+00  8.247e-01
 1.525e+00  8.247e-01
 1.526e+00  8.247e-01
 1.526e+00  8.247e-01
 1.526e+00  8.247e-01
 1.527e+00  8.247e-01
 1.528e+00  8.247e-01
 1.528e+00  8.247e-01
 1.528e+00  8.246e-01
 1.529e+00  8.246e-01
 1.530e+00  8.246e-01
 1.530e+00  8.245e-01
 1.530e+00  8.245e-01
 1.531e+00  8.244e-01
 1.532e+00  8.243e-01
 1.532e+00  8.243e-01
 1.532e+00  8.242e-01
 1.533e+00  8.241e-01
 1.534e+00  8.240e-01
 1.534e+00  8.239e-01
 1.534e+00  8.238e-01
 1.535e+00  8.237e-01
 1.536e+00  8.235e-01
 1.536e+00  8.234e-01
 1.536e+00  8.233e-01
 1.537e+00  8.231e-01
 1.538e+00  8.230e-01
 1.538e+00  8.228e-01
 1.538e+00  8.227e-01
 1.539e+00  8.225e-01
 1.540e+00  8.223e-01
 1.540e+00  8.221e-01
 1.540e+00  8.220e-01
 1.541e+00  8.218e-01
 1.542e+00  8.216e-01
 1.542e+00  8.214e-01
 1.542e+00  8.211e-01
 1.543e+00  8.209e-01
 1.544e+00  8.207e-01
 1.544e+00  8.205e-01
 1.544e+00  8.202e-01
 1.545e+00  8.200e-01
 1.546e+00  8.198e-01
 1.546e+00  8.195e-01
 1.546e+00  8.192e-01
 1.547e+00  8.190e-01
 1.548e+00  8.187e-01
 1.548e+00  8.184e-01
 1.548e+00  8.181e-01
 1.549e+00  8.179e-01
 1.550e+00  8.176e-01
 1.550e+00  8.173e-01
 1.550e+00  8.170e-01
 1.551e+00  8.166e-01
 1.552e+00  8.163e-01
 1.552e+00  8.160e-01
 1.552e+00  8.157e-01
 1.553e+00  8.154e-01
 1.554e+00  8.150e-01
 1.554e+00  8.147e-01
 1.554e+00  8.143e-01
 1.555e+00  8.140e-01
 1.556e+00  8.136e-01
 1.556e+00  8.132e-01
 1.556e+00  8.129e-01
 1.557e+00  8.125e-01
 1.558e+00  8.121e-01
 1.558e+00  8.117e-01
 1.558e+00  8.114e-01
 1.559e+00  8.110e-01
 1.560e+00  8.106e-01
 1.560e+00  8.102e-01
 1.560e+00  8.097e-01
 1.561e+00  8.093e-01
 1.562e+00  8.089e-01
 1.562e+00  8.085e-01
 1.562e+00  8.081e-01
 1.563e+00  8.076e-01
 1.564e+00  8.072e-01
 1.564e+00  8.067e-01
 1.565e+00  8.063e-01
 1.565e+00  8.058e-01
 1.566e+00  8.054e-01
 1.566e+00  8.049e-01
 1.567e+00  8.044e-01
 1.567e+00  8.040e-01
 1.568e+00  8.035e-01
 1.568e+00  8.030e-01
 1.569e+00  8.025e-01
 1.569e+00  8.020e-01
 1.570e+00  8.016e-01
 1.570e+00  8.011e-01
 1.571e+00  8.006e-01
 1.571e+00  8.000e-01
 1.572e+00  7.995e-01
 1.572e+00  7.990e-01
 1.573e+00  7.985e-01
 1.573e+00  7.980e-01
 1.574e+00  7.975e-01
 1.574e+00  7.969e-01
 1.575e+00  7.964e-01
 1.575e+00  7.958e-01
 1.576e+00  7.953e-01
 1.576e+00  7.948e-01
 1.577e+00  7.942e-01
 1.577e+00  7.937e-01
 1.578e+00  7.931e-01
 1.578e+00  7.925e-01
 1.579e+00  7.920e-01
 1.579e+00  7.914e-01
 1.580e+00  7.908e-01
 1.580e+00  7.902e-01
 1.581e+00  7.897e-01
 1.581e+00  7.891e-01
 1.582e+00  7.885e-01
 1.582e+00  7.879e-01
 1.583e+00  7.873e-01
 1.583e+00  7.867e-01
 1.584e+00  7.861e-01
 1.584e+00  7.855e-01
 1.585e+00  7.849e-01
 1.585e+00  7.843e-01
 1.586e+00  7.837e-01
 1.586e+00  7.830e-01
 1.587e+00  7.824e-01
 1.587e+00  7.818e-01
 1.588e+00  7.812e-01
 1.588e+00  7.805e-01
 1.589e+00  7.799e-01
 1.589e+00  7.793e-01
 1.590e+00  7.786e-01
 1.590e+00  7.780e-01
 1.591e+00  7.773e-01
 1.591e+00  7.767e-01
 1.592e+00  7.760e-01
 1.592e+00  7.754e-01
 1.593e+00  7.747e-01
 1.593e+00  7.740e-01
 1.594e+00  7.734e-01
 1.594e+00  7.727e-01
 1.595e+00  7.720e-01
 1.595e+00  7.714e-01
 1.596e+00  7.707e-01
 1.596e+00  7.700e-01
 1.597e+00  7.693e-01
 1.597e+00  7.687e-01
 1.598e+00  7.680e-01
 1.598e+00  7.673e-01
 1.599e+00  7.666e-01
 1.599e+00  7.659e-01
 1.600e+00  7.652e-01
 1.600e+00  7.645e-01
 1.601e+00  7.638e-01
 1.601e+00  7.631e-01
 1.601e+00  7.624e-01
 1.602e+00  7.617e-01
 1.603e+00  7.610e-01
 1.603e+00  7.603e-01
 1.603e+00  7.596e-01
 1.604e+00  7.588e-01
 1.605e+00  7.581e-01
 1.605e+00  7.574e-01
 1.605e+00  7.567e-01
 1.606e+00  7.560e-01
 1.607e+00  7.552e-01
 1.607e+00  7.545e-01
 1.607e+00  7.538e-01
 1.608e+00  7.530e-01
 1.609e+00  7.523e-01
 1.609e+00  7.516e-01
 1.609e+00  7.508e-01
 1.610e+00  7.501e-01
 1.611e+00  7.493e-01
 1.611e+00  7.486e-01
 1.611e+00  7.478e-01
 1.612e+00  7.471e-01
 1.613e+00  7.463e-01
 1.613e+00  7.456e-01
 1.613e+00  7.448e-01
 1.614e+00  7.441e-01
 1.615e+00  7.433e-01
 1.615e+00  7.425e-01
 1.615e+00  7.418e-01
 1.616e+00  7.410e-01
 1.617e+00  7.402e-01
 1.617e+00  7.395e-01
 1.617e+00  7.387e-01
 1.618e+00  7.379e-01
 1.619e+00  7.371e-01
 1.619e+00  7.364e-01
 1.619e+00  7.356e-01
 1.620e+00  7.348e-01
 1.621e+00  7.340e-01
 1.621e+00  7.332e-01
 1.621e+00  7.324e-01
 1.622e+00  7.316e-01
 1.623e+00  7.309e-01
 1.623e+00  7.301e-01
 1.623e+00  7.293e-01
 1.624e+00  7.285e-01
 1.625e+00  7.277e-01
 1.625e+00  7.269e-01
 1.625e+00  7.261e-01
 1.626e+00  7.253e-01
 1.627e+00  7.245e-01
 1.627e+00  7.236e-01
 1.627e+00  7.228e-01
 1.628e+00  7.220e-01
 1.629e+00  7.212e-01
 1.629e+00  7.204e-01
 1.629e+00  7.196e-01
 1.630e+00  7.188e-01
 1.631e+00  7.179e-01
 1.631e+00  7.171e-01
 1.631e+00  7.163e-01
 1.632e+00  7.155e-01
 1.633e+00  7.146e-01
 1.633e+00  7.138e-01
 1.633e+00  7.130e-01
 1.634e+00  7.122e-01
 1.635e+00  7.113e-01
 1.635e+00  7.105e-01
 1.635e+00  7.097e-01
 1.636e+00  7.088e-01
 1.637e+00  7.080e-01
 1.637e+00  7.071e-01
 1.637e+00  7.063e-01
 1.638e+00  7.054e-01
 1.639e+00  7.046e-01
 1.639e+00  7.038e-01
 1.639e+00  7.029e-01
 1.640e+00  7.021e-01
 1.641e+00  7.012e-01
 1.641e+00  7.004e-01
 1.641e+00  6.995e-01
 1.642e+00  6.986e-01
 1.643e+00  6.978e-01
 1.643e+00  6.969e-01
 1.643e+00  6.961e-01
 1.644e+00  6.952e-01
 1.645e+00  6.943e-01
 1.645e+00  6.935e-01
 1.645e+00  6.926e-01
 1.646e+00  6.918e-01
 1.647e+00  6.909e-01
 1.647e+00  6.900e-01
 1.647e+00  6.891e-01
 1.648e+00  6.883e-01
 1.649e+00  6.874e-01
 1.649e+00  6.865e-01
 1.649e+00  6.856e-01
 1.650e+00  6.848e-01
 1.651e+00  6.839e-01
 1.651e+00  6.830e-01
 1.651e+00  6.821e-01
 1.652e+00  6.813e-01
 1.653e+00  6.804e-01
 1.653e+00  6.795e-01
 1.653e+00  6.786e-01
 1.654e+00  6.777e-01
 1.655e+00  6.768e-01
 1.655e+00  6.759e-01
 1.655e+00  6.751e-01
 1.656e+00  6.742e-01
 1.657e+00  6.733e-01
 1.657e+00  6.724e-01
 1.657e+00  6.715e-01
 1.658e+00  6.706e-01
 1.659e+00  6.697e-01
 1.659e+00  6.688e-01
 1.659e+00  6.679e-01
 1.660e+00  6.670e-01
 1.661e+00  6.661e-01
 1.661e+00  6.652e-01
 1.661e+00  6.643e-01
 1.662e+00  6.634e-01
 1.663e+00  6.625e-01
 1.663e+00  6.616e-01
 1.663e+00  6.607e-01
 1.664e+00  6.598e-01
 1.665e+00  6.589e-01
 1.665e+00  6.580e-01
 1.665e+00  6.570e-01
 1.666e+00  6.561e-01
 1.667e+00  6.552e-01
 1.667e+00  6.543e-01
 1.667e+00  6.534e-01
 1.668e+00  6.525e-01
 1.669e+00  6.516e-01
 1.669e+00  6.507e-01
 1.669e+00  6.497e-01
 1.670e+00  6.488e-01
 1.671e+00  6.479e-01
 1.671e+00  6.470e-01
 1.671e+00  6.461e-01
 1.672e+00  6.451e-01
 1.673e+00  6.442e-01
 1.673e+00  6.433e-01
 1.673e+00  6.424e-01
 1.674e+00  6.415e-01
 1.675e+00  6.405e-01
 1.675e+00  6.396e-01
 1.675e+00  6.387e-01
 1.676e+00  6.378e-01
 1.677e+00  6.368e-01
 1.677e+00  6.359e-01
 1.677e+00  6.350e-01
 1.678e+00  6.341e-01
 1.679e+00  6.331e-01
 1.679e+00  6.322e-01
 1.679e+00  6.313e-01
 1.680e+00  6.303e-01
 1.681e+00  6.294e-01
 1.681e+00  6.285e-01
 1.681e+00  6.275e-01
 1.682e+00  6.266e-01
 1.683e+00  6.257e-01
 1.683e+00  6.247e-01
 1.683e+00  6.238e-01
 1.684e+00  6.229e-01
 1.685e+00  6.219e-01
 1.685e+00  6.210e-01
 1.685e+00  6.201e-01
 1.686e+00  6.191e-01
 1.687e+00  6.182e-01
 1.687e+00  6.173e-01
 1.688e+00  6.163e-01
 1.688e+00  6.154e-01
 1.689e+00  6.144e-01
 1.689e+00  6.135e-01
 1.690e+00  6.126e-01
 1.690e+00  6.116e-01
 1.691e+00  6.107e-01
 1.691e+00  6.097e-01
 1.692e+00  6.088e-01
 1.692e+00  6.079e-01
 1.693e+00  6.069e-01
 1.693e+00  6.060e-01
 1.694e+00  6.050e-01
 1.694e+00  6.041e-01
 1.695e+00  6.032e-01
 1.695e+00  6.022e-01
 1.696e+00  6.013e-01
 1.696e+00  6.003e-01
 1.697e+00  5.994e-01
 1.697e+00  5.984e-01
 1.698e+00  5.975e-01
 1.698e+00  5.966e-01
 1.699e+00  5.956e-01
 1.699e+00  5.947e-01
 1.700e+00  5.937e-01
 1.700e+00  5.928e-01
 1.701e+00  5.918e-01
 1.701e+00  5.909e-01
 1.702e+00  5.899e-01
 1.702e+00  5.890e-01
 1.703e+00  5.881e-01
 1.703e+00  5.871e-01
 1.704e+00  5.862e-01
 1.704e+00  5.852e-01
 1.705e+00  5.843e-01
 1.705e+00  5.833e-01
 1.706e+00  5.824e-01
 1.706e+00  5.814e-01
 1.707e+00  5.805e-01
 1.707e+00  5.795e-01
 1.708e+00  5.786e-01
 1.708e+00  5.777e-01
 1.709e+00  5.767e-01
 1.709e+00  5.758e-01
 1.710e+00  5.748e-01
 1.710e+00  5.739e-01
 1.711e+00  5.729e-01
 1.711e+00  5.720e-01
 1.712e+00  5.710e-01
 1.712e+00  5.701e-01
 1.713e+00  5.692e-01
 1.713e+00  5.682e-01
 1.714e+00  5.673e-01
 1.714e+00  5.663e-01
 1.715e+00  5.654e-01
 1.715e+00  5.644e-01
 1.716e+00  5.635e-01
 1.716e+00  5.625e-01
 1.717e+00  5.616e-01
 1.717e+00  5.607e-01
 1.718e+00  5.597e-01
 1.718e+00  5.588e-01
 1.719e+00  5.578e-01
 1.719e+00  5.569e-01
 1.720e+00  5.559e-01
 1.720e+00  5.550e-01
 1.721e+00  5.541e-01
 1.721e+00  5.531e-01
 1.722e+00  5.522e-01
 1.722e+00  5.512e-01
 1.723e+00  5.503e-01
 1.723e+00  5.494e-01
 1.724e+00  5.484e-01
 1.724e+00  5.475e-01
 1.725e+00  5.465e-01
 1.725e+00  5.456e-01
 1.726e+00  5.447e-01
 1.726e+00  5.437e-01
 1.727e+00  5.428e-01
 1.727e+00  5.418e-01
 1.728e+00  5.409e-01
 1.728e+00  5.400e-01
 1.728e+00  5.390e-01
 1.729e+00  5.381e-01
 1.730e+00  5.371e-01
 1.730e+00  5.362e-01
 1.730e+00  5.353e-01
 1.731e+00  5.343e-01
 1.732e+00  5.334e-01
 1.732e+00  5.325e-01
 1.732e+00  5.315e-01
 1.733e+00  5.306e-01
 1.734e+00  5.297e-01
 1.734e+00  5.287e-01
 1.734e+00  5.278e-01
 1.735e+00  5.269e-01
 1.736e+00  5.259e-01
 1.736e+00  5.250e-01
 1.736e+00  5.241e-01
 1.737e+00  5.231e-01
 1.738e+00  5.222e-01
 1.738e+00  5.213e-01
 1.738e+00  5.204e-01
 1.739e+00  5.194e-01
 1.740e+00  5.185e-01
 1.740e+00  5.176e-01
 1.740e+00  5.166e-01
 1.741e+00  5.157e-01
 1.742e+00  5.148e-01
 1.742e+00  5.139e-01
 1.742e+00  5.129e-01
 1.743e+00  5.120e-01
 1.744e+00  5.111e-01
 1.744e+00  5.102e-01
 1.744e+00  5.093e-01
 1.745e+00  5.083e-01
 1.746e+00  5.074e-01
 1.746e+00  5.065e-01
 1.746e+00  5.056e-01
 1.747e+00  5.047e-01
 1.748e+00  5.037e-01
 1.748e+00  5.028e-01
 1.748e+00  5.019e-01
 1.749e+00  5.010e-01
 1.750e+00  5.001e-01
 1.750e+00  4.992e-01
 1.750e+00  4.982e-01
 1.751e+00  4.973e-01
 1.752e+00  4.964e-01
 1.752e+00  4.955e-01
 1.752e+00  4.946e-01
 1.753e+00  4.937e-01
 1.754e+00  4.928e-01
 1.754e+00  4.919e-01
 1.754e+00  4.910e-01
 1.755e+00  4.901e-01
 1.756e+00  4.891e-01
 1.756e+00  4.882e-01
 1.756e+00  4.873e-01
 1.757e+00  4.864e-01
 1.758e+00  4.855e-01
 1.758e+00  4.846e-01
 1.758e+00  4.837e-01
 1.759e+00  4.828e-01
 1.760e+00  4.819e-01
 1.760e+00  4.810e-01
 1.760e+00  4.801e-01
 1.761e+00  4.792e-01
 1.762e+00  4.783e-01
 1.762e+00  4.774e-01
 1.762e+00  4.765e-01
 1.763e+00  4.756e-01
 1.764e+00  4.748e-01
 1.764e+00  4.739e-01
 1.764e+00  4.730e-01
 1.765e+00  4.721e-01
 1.766e+00  4.712e-01
 1.766e+00  4.703e-01
 1.766e+00  4.694e-01
 1.767e+00  4.685e-01
 1.768e+00  4.677e-01
 1.768e+00  4.668e-01
 1.768e+00  4.659e-01
 1.769e+00  4.650e-01
 1.770e+00  4.641e-01
 1.770e+00  4.632e-01
 1.770e+00  4.624e-01
 1.771e+00  4.615e-01
 1.772e+00  4.606e-01
 1.772e+00  4.597e-01
 1.772e+00  4.589e-01
 1.773e+00  4.580e-01
 1.774e+00  4.571e-01
 1.774e+00  4.562e-01
 1.774e+00  4.554e-01
 1.775e+00  4.545e-01
 1.776e+00  4.536e-01
 1.776e+00  4.528e-01
 1.776e+00  4.519e-01
 1.777e+00  4.510e-01
 1.778e+00  4.502e-01
 1.778e+00  4.493e-01
 1.778e+00  4.485e-01
 1.779e+00  4.476e-01
 1.780e+00  4.467e-01
 1.780e+00  4.459e-01
 1.780e+00  4.450e-01
 1.781e+00  4.442e-01
 1.782e+00  4.433e-01
 1.782e+00  4.425e-01
 1.782e+00  4.416e-01
 1.783e+00  4.408e-01
 1.784e+00  4.399e-01
 1.784e+00  4.391e-01
 1.784e+00  4.382e-01
 1.785e+00  4.374e-01
 1.786e+00  4.365e-01
 1.786e+00  4.357e-01
 1.786e+00  4.349e-01
 1.787e+00  4.340e-01
 1.788e+00  4.332e-01
 1.788e+00  4.323e-01
 1.788e+00  4.315e-01
 1.789e+00  4.307e-01
 1.790e+00  4.298e-01
 1.790e+00  4.290e-01
 1.790e+00  4.282e-01
 1.791e+00  4.273e-01
 1.792e+00  4.265e-01
 1.792e+00  4.257e-01
 1.792e+00  4.249e-01
 1.793e+00  4.240e-01
 1.794e+00  4.232e-01
 1.794e+00  4.224e-01
 1.794e+00  4.216e-01
 1.795e+00  4.208e-01
 1.796e+00  4.199e-01
 1.796e+00  4.191e-01
 1.796e+00  4.183e-01
 1.797e+00  4.175e-01
 1.798e+00  4.167e-01
 1.798e+00  4.159e-01
 1.798e+00  4.151e-01
 1.799e+00  4.143e-01
 1.800e+00  4.135e-01
 1.800e+00  4.127e-01
 1.800e+00  4.119e-01
 1.801e+00  4.111e-01
 1.802e+00  4.103e-01
 1.802e+00  4.095e-01
 1.802e+00  4.087e-01
 1.803e+00  4.079e-01
 1.804e+00  4.071e-01
 1.804e+00  4.063e-01
 1.804e+00  4.055e-01
 1.805e+00  4.047e-01
 1.806e+00  4.040e-01
 1.806e+00  4.032e-01
 1.806e+00  4.024e-01
 1.807e+00  4.016e-01
 1.808e+00  4.008e-01
 1.808e+00  4.001e-01
 1.808e+00  3.993e-01
 1.809e+00  3.985e-01
 1.810e+00  3.977e-01
 1.810e+00  3.970e-01
 1.810e+00  3.962e-01
 1.811e+00  3.954e-01
 1.812e+00  3.947e-01
 1.812e+00  3.939e-01
 1.812e+00  3.931e-01
 1.813e+00  3.924e-01
 1.814e+00  3.916e-01
 1.814e+00  3.909e-01
 1.815e+00  3.901e-01
 1.815e+00  3.894e-01
 1.816e+00  3.886e-01
 1.816e+00  3.879e-01
 1.817e+00  3.871e-01
 1.817e+00  3.864e-01
 1.818e+00  3.856e-01
 1.818e+00  3.849e-01
 1.819e+00  3.841e-01
 1.819e+00  3.834e-01
 1.820e+00  3.827e-01
 1.820e+00  3.819e-01
 1.821e+00  3.812e-01
 1.821e+00  3.805e-01
 1.822e+00  3.797e-01
 1.822e+00  3.790e-01
 1.823e+00  3.783e-01
 1.823e+00  3.776e-01
 1.824e+00  3.768e-01
 1.824e+00  3.761e-01
 1.825e+00  3.754e-01
 1.825e+00  3.747e-01
 1.826e+00  3.740e-01
 1.826e+00  3.733e-01
 1.827e+00  3.726e-01
 1.827e+00  3.719e-01
 1.828e+00  3.712e-01
 1.828e+00  3.704e-01
 1.829e+00  3.697e-01
 1.829e+00  3.690e-01
 1.830e+00  3.684e-01
 1.830e+00  3.677e-01
 1.831e+00  3.670e-01
 1.831e+00  3.663e-01
 1.832e+00  3.656e-01
 1.832e+00  3.649e-01
 1.833e+00  3.642e-01
 1.833e+00  3.635e-01
 1.834e+00  3.628e-01
 1.834e+00  3.622e-01
 1.835e+00  3.615e-01
 1.835e+00  3.608e-01
 1.836e+00  3.601e-01
 1.836e+00  3.595e-01
 1.837e+00  3.588e-01
 1.837e+00  3.581e-01
 1.838e+00  3.575e-01
 1.838e+00  3.568e-01
 1.839e+00  3.562e-01
 1.839e+00  3.555e-01
 1.840e+00  3.548e-01
 1.840e+00  3.542e-01
 1.841e+00  3.535e-01
 1.841e+00  3.529e-01
 1.842e+00  3.522e-01
 1.842e+00  3.516e-01
 1.843e+00  3.510e-01
 1.843e+00  3.503e-01
 1.844e+00  3.497e-01
 1.844e+00  3.491e-01
 1.845e+00  3.484e-01
 1.845e+00  3.478e-01
 1.846e+00  3.472e-01
 1.846e+00  3.465e-01
 1.847e+00  3.459e-01
 1.847e+00  3.453e-01
 1.848e+00  3.447e-01
 1.848e+00  3.441e-01
 1.849e+00  3.434e-01
 1.849e+00  3.428e-01
 1.850e+00  3.422e-01
 1.850e+00  3.416e-01
 1.851e+00  3.410e-01
 1.851e+00  3.404e-01
 1.852e+00  3.398e-01
 1.852e+00  3.392e-01
 1.853e+00  3.386e-01
 1.853e+00  3.380e-01
 1.854e+00  3.374e-01
 1.854e+00  3.368e-01
 1.855e+00  3.363e-01
 1.855e+00  3.357e-01
 1.856e+00  3.351e-01
 1.856e+00  3.345e-01
 1.857e+00  3.339e-01
 1.857e+00  3.334e-01
 1.857e+00  3.328e-01
 1.858e+00  3.322e-01
 1.859e+00  3.317e-01
 1.859e+00  3.311e-01
 1.859e+00  3.305e-01
 1.860e+00  3.300e-01
 1.861e+00  3.294e-01
 1.861e+00  3.289e-01
 1.861e+00  3.283e-01
 1.862e+00  3.278e-01
 1.863e+00  3.272e-01
 1.863e+00  3.267e-01
 1.863e+00  3.261e-01
 1.864e+00  3.256e-01
 1.865e+00  3.251e-01
 1.865e+00  3.245e-01
 1.865e+00  3.240e-01
 1.866e+00  3.235e-01
 1.867e+00  3.230e-01
 1.867e+00  3.224e-01
 1.867e+00  3.219e-01
 1.868e+00  3.214e-01
 1.869e+00  3.209e-01
 1.869e+00  3.204e-01
 1.869e+00  3.199e-01
 1.870e+00  3.194e-01
 1.871e+00  3.189e-01
 1.871e+00  3.184e-01
 1.871e+00  3.179e-01
 1.872e+00  3.174e-01
 1.873e+00  3.169e-01
 1.873e+00  3.164e-01
 1.873e+00  3.159e-01
 1.874e+00  3.154e-01
 1.875e+00  3.149e-01
 1.875e+00  3.145e-01
 1.875e+00  3.140e-01
 1.876e+00  3.135e-01
 1.877e+00  3.130e-01
 1.877e+00  3.126e-01
 1.877e+00  3.121e-01
 1.878e+00  3.116e-01
 1.879e+00  3.112e-01
 1.879e+00  3.107e-01
 1.879e+00  3.103e-01
 1.880e+00  3.098e-01
 1.881e+00  3.094e-01
 1.881e+00  3.089e-01
 1.881e+00  3.085e-01
 1.882e+00  3.081e-01
 1.883e+00  3.076e-01
 1.883e+00  3.072e-01
 1.883e+00  3.068e-01
 1.884e+00  3.063e-01
 1.885e+00  3.059e-01
 1.885e+00  3.055e-01
 1.885e+00  3.051e-01
 1.886e+00  3.047e-01
 1.887e+00  3.042e-01
 1.887e+00  3.038e-01
 1.887e+00  3.034e-01
 1.888e+00  3.030e-01
 1.889e+00  3.026e-01
 1.889e+00  3.022e-01
 1.889e+00  3.018e-01
 1.890e+00  3.014e-01
 1.891e+00  3.011e-01
 1.891e+00  3.007e-01
 1.891e+00  3.003e-01
 1.892e+00  2.999e-01
 1.893e+00  2.995e-01
 1.893e+00  2.992e-01
 1.893e+00  2.988e-01
 1.894e+00  2.984e-01
 1.895e+00  2.981e-01
 1.895e+00  2.977e-01
 1.895e+00  2.973e-01
 1.896e+00  2.970e-01
 1.897e+00  2.966e-01
 1.897e+00  2.963e-01
 1.897e+00  2.959e-01
 1.898e+00  2.956e-01
 1.899e+00  2.953e-01
 1.899e+00  2.949e-01
 1.899e+00  2.946e-01
 1.900e+00  2.943e-01
 1.901e+00  2.939e-01
 1.901e+00  2.936e-01
 1.901e+00  2.933e-01
 1.902e+00  2.930e-01
 1.903e+00  2.927e-01
 1.903e+00  2.924e-01
 1.903e+00  2.921e-01
 1.904e+00  2.918e-01
 1.905e+00  2.915e-01
 1.905e+00  2.912e-01
 1.905e+00  2.909e-01
 1.906e+00  2.906e-01
 1.907e+00  2.903e-01
 1.907e+00  2.900e-01
 1.907e+00  2.897e-01
 1.908e+00  2.894e-01
 1.909e+00  2.892e-01
 1.909e+00  2.889e-01
 1.909e+00  2.886e-01
 1.910e+00  2.884e-01
 1.911e+00  2.881e-01
 1.911e+00  2.879e-01
 1.911e+00  2.876e-01
 1.912e+00  2.874e-01
 1.913e+00  2.871e-01
 1.913e+00  2.869e-01
 1.913e+00  2.866e-01
 1.914e+00  2.864e-01
 1.915e+00  2.862e-01
 1.915e+00  2.859e-01
 1.915e+00  2.857e-01
 1.916e+00  2.855e-01
 1.917e+00  2.853e-01
 1.917e+00  2.850e-01
 1.917e+00  2.848e-01
 1.918e+00  2.846e-01
 1.919e+00  2.844e-01
 1.919e+00  2.842e-01
 1.919e+00  2.840e-01
 1.920e+00  2.838e-01
 1.921e+00  2.836e-01
 1.921e+00  2.835e-01
 1.921e+00  2.833e-01
 1.922e+00  2.831e-01
 1.923e+00  2.829e-01
 1.923e+00  2.827e-01
 1.923e+00  2.826e-01
 1.924e+00  2.824e-01
 1.925e+00  2.822e-01
 1.925e+00  2.821e-01
 1.925e+00  2.819e-01
 1.926e+00  2.818e-01
 1.927e+00  2.816e-01
 1.927e+00  2.815e-01
 1.927e+00  2.813e-01
 1.928e+00  2.812e-01
 1.929e+00  2.811e-01
 1.929e+00  2.809e-01
 1.929e+00  2.808e-01
 1.930e+00  2.807e-01
 1.931e+00  2.806e-01
 1.931e+00  2.805e-01
 1.931e+00  2.804e-01
 1.932e+00  2.802e-01
 1.933e+00  2.801e-01
 1.933e+00  2.800e-01
 1.933e+00  2.799e-01
 1.934e+00  2.799e-01
 1.935e+00  2.798e-01
 1.935e+00  2.797e-01
 1.935e+00  2.796e-01
 1.936e+00  2.795e-01
 1.937e+00  2.795e-01
 1.937e+00  2.794e-01
 1.938e+00  2.793e-01
 1.938e+00  2.793e-01
 1.939e+00  2.792e-01
 1.939e+00  2.791e-01
 1.940e+00  2.791e-01
 1.940e+00  2.790e-01
 1.941e+00  2.790e-01
 1.941e+00  2.790e-01
 1.942e+00  2.789e-01
 1.942e+00  2.789e-01
 1.943e+00  2.789e-01
 1.943e+00  2.788e-01
 1.944e+00  2.788e-01
 1.944e+00  2.788e-01
 1.945e+00  2.788e-01
 1.945e+00  2.788e-01
 1.946e+00  2.788e-01
 1.946e+00  2.788e-01
 1.947e+00  2.788e-01
 1.947e+00  2.788e-01
 1.948e+00  2.788e-01
 1.948e+00  2.788e-01
 1.949e+00  2.789e-01
 1.949e+00  2.789e-01
 1.950e+00  2.789e-01
 1.950e+00  2.789e-01
 1.951e+00  2.790e-01
 1.951e+00  2.790e-01
 1.952e+00  2.791e-01
 1.952e+00  2.791e-01
 1.953e+00  2.792e-01
 1.953e+00  2.792e-01
 1.954e+00  2.793e-01
 1.954e+00  2.793e-01
 1.955e+00  2.794e-01
 1.955e+00  2.795e-01
 1.956e+00  2.796e-01
 1.956e+00  2.796e-01
 1.957e+00  2.797e-01
 1.957e+00  2.798e-01
 1.958e+00  2.799e-01
 1.958e+00  2.800e-01
 1.959e+00  2.801e-01
 1.959e+00  2.802e-01
 1.960e+00  2.803e-01
 1.960e+00  2.804e-01
 1.961e+00  2.806e-01
 1.961e+00  2.807e-01
 1.962e+00  2.808e-01
 1.962e+00  2.809e-01
 1.963e+00  2.811e-01
 1.963e+00  2.812e-01
 1.964e+00  2.814e-01
 1.964e+00  2.815e-01
 1.965e+00  2.817e-01
 1.965e+00  2.818e-01
 1.966e+00  2.820e-01
 1.966e+00  2.822e-01
 1.967e+00  2.823e-01
 1.967e+00  2.825e-01
 1.968e+00  2.827e-01
 1.968e+00  2.829e-01
 1.969e+00  2.830e-01
 1.969e+00  2.832e-01
 1.970e+00  2.834e-01
 1.970e+00  2.836e-01
 1.971e+00  2.838e-01
 1.971e+00  2.840e-01
 1.972e+00  2.843e-01
 1.972e+00  2.845e-01
 1.973e+00  2.847e-01
 1.973e+00  2.849e-01
 1.974e+00  2.852e-01
 1.974e+00  2.854e-01
 1.975e+00  2.856e-01
 1.975e+00  2.859e-01
 1.976e+00  2.861e-01
 1.976e+00  2.864e-01
 1.977e+00  2.866e-01
 1.977e+00  2.869e-01
 1.978e+00  2.872e-01
 1.978e+00  2.874e-01
 1.979e+00  2.877e-01
 1.979e+00  2.880e-01
 1.980e+00  2.883e-01
 1.980e+00  2.886e-01
 1.981e+00  2.889e-01
 1.981e+00  2.892e-01
 1.982e+00  2.895e-01
 1.982e+00  2.898e-01
 1.983e+00  2.901e-01
 1.983e+00  2.904e-01
 1.984e+00  2.907e-01
 1.984e+00  2.910e-01
 1.984e+00  2.914e-01
 1.985e+00  2.917e-01
 1.986e+00  2.920e-01
 1.986e+00  2.924e-01
 1.986e+00  2.927e-01
 1.987e+00  2.931e-01
 1.988e+00  2.935e-01
 1.988e+00  2.938e-01
 1.988e+00  2.942e-01
 1.989e+00  2.946e-01
 1.990e+00  2.949e-01
 1.990e+00  2.953e-01
 1.990e+00  2.957e-01
 1.991e+00  2.961e-01
 1.992e+00  2.965e-01
 1.992e+00  2.969e-01
 1.992e+00  2.973e-01
 1.993e+00  2.977e-01
 1.994e+00  2.981e-01
 1.994e+00  2.985e-01
 1.994e+00  2.990e-01
 1.995e+00  2.994e-01
 1.996e+00  2.998e-01
 1.996e+00  3.003e-01
 1.996e+00  3.007e-01
 1.997e+00  3.011e-01
 1.998e+00  3.016e-01
 1.998e+00  3.021e-01
 1.998e+00  3.025e-01
 1.999e+00  3.030e-01
 2.000e+00  3.035e-01
 2.000e+00  3.039e-01
