#     mass     R_mu^F
 4.195e-01  0.000e+00
 4.200e-01  3.959e-22
 4.205e-01  4.293e-09
 4.210e-01  1.005e-08
 4.215e-01  1.728e-08
 4.220e-01  2.601e-08
 4.225e-01  3.624e-08
 4.230e-01  4.801e-08
 4.235e-01  6.132e-08
 4.240e-01  7.619e-08
 4.245e-01  9.264e-08
 4.250e-01  1.107e-07
 4.255e-01  1.303e-07
 4.260e-01  1.516e-07
 4.265e-01  1.746e-07
 4.270e-01  1.992e-07
 4.275e-01  2.255e-07
 4.280e-01  2.535e-07
 4.285e-01  2.832e-07
 4.290e-01  3.147e-07
 4.295e-01  3.480e-07
 4.300e-01  3.830e-07
 4.305e-01  4.198e-07
 4.310e-01  4.585e-07
 4.315e-01  4.989e-07
 4.320e-01  5.413e-07
 4.325e-01  5.855e-07
 4.330e-01  6.317e-07
 4.335e-01  6.798e-07
 4.340e-01  7.298e-07
 4.345e-01  7.818e-07
 4.350e-01  8.358e-07
 4.355e-01  8.918e-07
 4.360e-01  9.498e-07
 4.365e-01  1.010e-06
 4.370e-01  1.072e-06
 4.375e-01  1.136e-06
 4.380e-01  1.203e-06
 4.385e-01  1.271e-06
 4.390e-01  1.342e-06
 4.395e-01  1.415e-06
 4.400e-01  1.490e-06
 4.405e-01  1.568e-06
 4.410e-01  1.647e-06
 4.415e-01  1.729e-06
 4.420e-01  1.814e-06
 4.425e-01  1.901e-06
 4.430e-01  1.990e-06
 4.435e-01  2.081e-06
 4.440e-01  2.175e-06
 4.445e-01  2.271e-06
 4.450e-01  2.370e-06
 4.455e-01  2.472e-06
 4.460e-01  2.576e-06
 4.465e-01  2.682e-06
 4.470e-01  2.791e-06
 4.475e-01  2.903e-06
 4.480e-01  3.018e-06
 4.485e-01  3.135e-06
 4.490e-01  3.255e-06
 4.495e-01  3.377e-06
 4.500e-01  3.503e-06
 4.505e-01  3.631e-06
 4.510e-01  3.762e-06
 4.515e-01  3.896e-06
 4.520e-01  4.033e-06
 4.525e-01  4.173e-06
 4.530e-01  4.315e-06
 4.535e-01  4.461e-06
 4.540e-01  4.610e-06
 4.545e-01  4.762e-06
 4.550e-01  4.917e-06
 4.555e-01  5.075e-06
 4.560e-01  5.237e-06
 4.565e-01  5.401e-06
 4.570e-01  5.569e-06
 4.575e-01  5.741e-06
 4.580e-01  5.915e-06
 4.585e-01  6.093e-06
 4.590e-01  6.274e-06
 4.595e-01  6.459e-06
 4.600e-01  6.648e-06
 4.605e-01  6.839e-06
 4.610e-01  7.035e-06
 4.615e-01  7.234e-06
 4.620e-01  7.436e-06
 4.625e-01  7.643e-06
 4.630e-01  7.853e-06
 4.635e-01  8.067e-06
 4.640e-01  8.285e-06
 4.645e-01  8.506e-06
 4.650e-01  8.732e-06
 4.655e-01  8.961e-06
 4.660e-01  9.195e-06
 4.665e-01  9.432e-06
 4.670e-01  9.674e-06
 4.675e-01  9.920e-06
 4.680e-01  1.017e-05
 4.685e-01  1.042e-05
 4.690e-01  1.068e-05
 4.695e-01  1.095e-05
 4.700e-01  1.121e-05
 4.705e-01  1.148e-05
 4.710e-01  1.176e-05
 4.715e-01  1.204e-05
 4.720e-01  1.233e-05
 4.725e-01  1.262e-05
 4.730e-01  1.291e-05
 4.735e-01  1.321e-05
 4.740e-01  1.351e-05
 4.745e-01  1.382e-05
 4.750e-01  1.414e-05
 4.755e-01  1.446e-05
 4.760e-01  1.478e-05
 4.765e-01  1.511e-05
 4.770e-01  1.544e-05
 4.775e-01  1.578e-05
 4.780e-01  1.613e-05
 4.785e-01  1.648e-05
 4.790e-01  1.683e-05
 4.795e-01  1.720e-05
 4.800e-01  1.756e-05
 4.805e-01  1.793e-05
 4.810e-01  1.831e-05
 4.815e-01  1.869e-05
 4.820e-01  1.908e-05
 4.825e-01  1.948e-05
 4.830e-01  1.988e-05
 4.835e-01  2.029e-05
 4.840e-01  2.070e-05
 4.845e-01  2.112e-05
 4.850e-01  2.154e-05
 4.855e-01  2.198e-05
 4.860e-01  2.241e-05
 4.865e-01  2.286e-05
 4.870e-01  2.331e-05
 4.875e-01  2.377e-05
 4.880e-01  2.423e-05
 4.885e-01  2.470e-05
 4.890e-01  2.518e-05
 4.895e-01  2.566e-05
 4.900e-01  2.616e-05
 4.905e-01  2.665e-05
 4.910e-01  2.716e-05
 4.915e-01  2.767e-05
 4.920e-01  2.819e-05
 4.925e-01  2.872e-05
 4.930e-01  2.926e-05
 4.935e-01  2.980e-05
 4.940e-01  3.035e-05
 4.945e-01  3.091e-05
 4.950e-01  3.147e-05
 4.955e-01  3.205e-05
 4.960e-01  3.263e-05
 4.965e-01  3.322e-05
 4.970e-01  3.382e-05
 4.975e-01  3.442e-05
 4.980e-01  3.504e-05
 4.985e-01  3.566e-05
 4.990e-01  3.629e-05
 4.995e-01  3.693e-05
 5.000e-01  3.758e-05
 5.005e-01  3.824e-05
 5.010e-01  3.891e-05
 5.015e-01  3.958e-05
 5.020e-01  4.027e-05
 5.025e-01  4.097e-05
 5.030e-01  4.167e-05
 5.035e-01  4.238e-05
 5.040e-01  4.311e-05
 5.045e-01  4.384e-05
 5.050e-01  4.458e-05
 5.055e-01  4.534e-05
 5.060e-01  4.610e-05
 5.065e-01  4.687e-05
 5.070e-01  4.766e-05
 5.075e-01  4.845e-05
 5.080e-01  4.926e-05
 5.085e-01  5.008e-05
 5.090e-01  5.090e-05
 5.095e-01  5.174e-05
 5.100e-01  5.259e-05
 5.105e-01  5.345e-05
 5.110e-01  5.432e-05
 5.115e-01  5.520e-05
 5.120e-01  5.610e-05
 5.125e-01  5.701e-05
 5.130e-01  5.792e-05
 5.135e-01  5.886e-05
 5.140e-01  5.980e-05
 5.145e-01  6.075e-05
 5.150e-01  6.172e-05
 5.155e-01  6.270e-05
 5.160e-01  6.370e-05
 5.165e-01  6.470e-05
 5.170e-01  6.572e-05
 5.175e-01  6.676e-05
 5.180e-01  6.780e-05
 5.185e-01  6.886e-05
 5.190e-01  6.994e-05
 5.195e-01  7.103e-05
 5.200e-01  7.213e-05
 5.205e-01  7.325e-05
 5.210e-01  7.438e-05
 5.215e-01  7.552e-05
 5.220e-01  7.668e-05
 5.225e-01  7.786e-05
 5.230e-01  7.905e-05
 5.235e-01  8.026e-05
 5.240e-01  8.148e-05
 5.245e-01  8.272e-05
 5.250e-01  8.397e-05
 5.255e-01  8.524e-05
 5.260e-01  8.652e-05
 5.265e-01  8.783e-05
 5.270e-01  8.915e-05
 5.275e-01  9.048e-05
 5.280e-01  9.184e-05
 5.285e-01  9.321e-05
 5.290e-01  9.460e-05
 5.295e-01  9.600e-05
 5.300e-01  9.743e-05
 5.305e-01  9.887e-05
 5.310e-01  1.003e-04
 5.315e-01  1.018e-04
 5.320e-01  1.033e-04
 5.325e-01  1.048e-04
 5.330e-01  1.064e-04
 5.335e-01  1.079e-04
 5.340e-01  1.095e-04
 5.345e-01  1.111e-04
 5.350e-01  1.127e-04
 5.355e-01  1.143e-04
 5.360e-01  1.160e-04
 5.365e-01  1.177e-04
 5.370e-01  1.194e-04
 5.375e-01  1.211e-04
 5.380e-01  1.229e-04
 5.385e-01  1.246e-04
 5.390e-01  1.264e-04
 5.395e-01  1.282e-04
 5.400e-01  1.301e-04
 5.405e-01  1.319e-04
 5.410e-01  1.338e-04
 5.415e-01  1.357e-04
 5.420e-01  1.376e-04
 5.425e-01  1.396e-04
 5.430e-01  1.416e-04
 5.435e-01  1.436e-04
 5.440e-01  1.456e-04
 5.445e-01  1.477e-04
 5.450e-01  1.497e-04
 5.455e-01  1.518e-04
 5.460e-01  1.540e-04
 5.465e-01  1.561e-04
 5.470e-01  1.583e-04
 5.475e-01  1.605e-04
 5.480e-01  1.628e-04
 5.485e-01  1.651e-04
 5.490e-01  1.674e-04
 5.495e-01  1.697e-04
 5.500e-01  1.721e-04
 5.505e-01  1.745e-04
 5.510e-01  1.769e-04
 5.515e-01  1.793e-04
 5.520e-01  1.818e-04
 5.525e-01  1.843e-04
 5.530e-01  1.869e-04
 5.535e-01  1.894e-04
 5.540e-01  1.921e-04
 5.545e-01  1.947e-04
 5.550e-01  1.974e-04
 5.555e-01  2.001e-04
 5.560e-01  2.028e-04
 5.565e-01  2.056e-04
 5.570e-01  2.084e-04
 5.575e-01  2.113e-04
 5.580e-01  2.142e-04
 5.585e-01  2.171e-04
 5.590e-01  2.200e-04
 5.595e-01  2.230e-04
 5.600e-01  2.261e-04
 5.605e-01  2.292e-04
 5.610e-01  2.323e-04
 5.615e-01  2.354e-04
 5.620e-01  2.386e-04
 5.625e-01  2.419e-04
 5.630e-01  2.451e-04
 5.635e-01  2.484e-04
 5.640e-01  2.518e-04
 5.645e-01  2.552e-04
 5.650e-01  2.586e-04
 5.655e-01  2.621e-04
 5.660e-01  2.657e-04
 5.665e-01  2.692e-04
 5.670e-01  2.729e-04
 5.675e-01  2.765e-04
 5.680e-01  2.803e-04
 5.685e-01  2.840e-04
 5.690e-01  2.878e-04
 5.695e-01  2.917e-04
 5.700e-01  2.956e-04
 5.705e-01  2.996e-04
 5.710e-01  3.036e-04
 5.715e-01  3.076e-04
 5.720e-01  3.117e-04
 5.725e-01  3.159e-04
 5.730e-01  3.201e-04
 5.735e-01  3.244e-04
 5.740e-01  3.287e-04
 5.745e-01  3.331e-04
 5.750e-01  3.375e-04
 5.755e-01  3.420e-04
 5.760e-01  3.466e-04
 5.765e-01  3.512e-04
 5.770e-01  3.559e-04
 5.775e-01  3.606e-04
 5.780e-01  3.654e-04
 5.785e-01  3.702e-04
 5.790e-01  3.752e-04
 5.795e-01  3.801e-04
 5.800e-01  3.852e-04
 5.805e-01  3.903e-04
 5.810e-01  3.955e-04
 5.815e-01  4.007e-04
 5.820e-01  4.060e-04
 5.825e-01  4.114e-04
 5.830e-01  4.168e-04
 5.835e-01  4.223e-04
 5.840e-01  4.279e-04
 5.845e-01  4.336e-04
 5.850e-01  4.393e-04
 5.855e-01  4.451e-04
 5.860e-01  4.510e-04
 5.865e-01  4.570e-04
 5.870e-01  4.630e-04
 5.875e-01  4.691e-04
 5.880e-01  4.753e-04
 5.885e-01  4.816e-04
 5.890e-01  4.879e-04
 5.895e-01  4.944e-04
 5.900e-01  5.009e-04
 5.905e-01  5.075e-04
 5.910e-01  5.142e-04
 5.915e-01  5.210e-04
 5.920e-01  5.279e-04
 5.925e-01  5.348e-04
 5.930e-01  5.419e-04
 5.935e-01  5.490e-04
 5.940e-01  5.562e-04
 5.945e-01  5.636e-04
 5.950e-01  5.710e-04
 5.955e-01  5.785e-04
 5.960e-01  5.862e-04
 5.965e-01  5.939e-04
 5.970e-01  6.017e-04
 5.975e-01  6.097e-04
 5.980e-01  6.177e-04
 5.985e-01  6.258e-04
 5.990e-01  6.341e-04
 5.995e-01  6.425e-04
 6.000e-01  6.509e-04
 6.005e-01  6.595e-04
 6.010e-01  6.682e-04
 6.015e-01  6.770e-04
 6.020e-01  6.860e-04
 6.025e-01  6.950e-04
 6.030e-01  7.042e-04
 6.035e-01  7.135e-04
 6.040e-01  7.229e-04
 6.045e-01  7.325e-04
 6.050e-01  7.421e-04
 6.055e-01  7.519e-04
 6.060e-01  7.619e-04
 6.065e-01  7.719e-04
 6.070e-01  7.821e-04
 6.075e-01  7.925e-04
 6.080e-01  8.030e-04
 6.085e-01  8.136e-04
 6.090e-01  8.244e-04
 6.095e-01  8.353e-04
 6.100e-01  8.464e-04
 6.105e-01  8.576e-04
 6.110e-01  8.689e-04
 6.115e-01  8.805e-04
 6.120e-01  8.921e-04
 6.125e-01  9.040e-04
 6.130e-01  9.160e-04
 6.135e-01  9.281e-04
 6.140e-01  9.405e-04
 6.145e-01  9.530e-04
 6.150e-01  9.656e-04
 6.155e-01  9.785e-04
 6.160e-01  9.915e-04
 6.165e-01  1.005e-03
 6.170e-01  1.018e-03
 6.175e-01  1.032e-03
 6.180e-01  1.045e-03
 6.185e-01  1.059e-03
 6.190e-01  1.074e-03
 6.195e-01  1.088e-03
 6.200e-01  1.102e-03
 6.205e-01  1.117e-03
 6.210e-01  1.132e-03
 6.215e-01  1.147e-03
 6.220e-01  1.163e-03
 6.225e-01  1.178e-03
 6.230e-01  1.194e-03
 6.235e-01  1.210e-03
 6.240e-01  1.226e-03
 6.245e-01  1.243e-03
 6.250e-01  1.260e-03
 6.255e-01  1.276e-03
 6.260e-01  1.294e-03
 6.265e-01  1.311e-03
 6.270e-01  1.329e-03
 6.275e-01  1.347e-03
 6.280e-01  1.365e-03
 6.285e-01  1.383e-03
 6.290e-01  1.402e-03
 6.295e-01  1.421e-03
 6.300e-01  1.440e-03
 6.305e-01  1.460e-03
 6.310e-01  1.480e-03
 6.315e-01  1.500e-03
 6.320e-01  1.520e-03
 6.325e-01  1.541e-03
 6.330e-01  1.562e-03
 6.335e-01  1.583e-03
 6.340e-01  1.605e-03
 6.345e-01  1.627e-03
 6.350e-01  1.649e-03
 6.355e-01  1.672e-03
 6.360e-01  1.694e-03
 6.365e-01  1.718e-03
 6.370e-01  1.741e-03
 6.375e-01  1.765e-03
 6.380e-01  1.790e-03
 6.385e-01  1.814e-03
 6.390e-01  1.839e-03
 6.395e-01  1.865e-03
 6.400e-01  1.890e-03
 6.405e-01  1.916e-03
 6.410e-01  1.943e-03
 6.415e-01  1.970e-03
 6.420e-01  1.997e-03
 6.425e-01  2.025e-03
 6.430e-01  2.053e-03
 6.435e-01  2.082e-03
 6.440e-01  2.111e-03
 6.445e-01  2.140e-03
 6.450e-01  2.170e-03
 6.455e-01  2.201e-03
 6.460e-01  2.231e-03
 6.465e-01  2.263e-03
 6.470e-01  2.294e-03
 6.475e-01  2.327e-03
 6.480e-01  2.360e-03
 6.485e-01  2.393e-03
 6.490e-01  2.427e-03
 6.495e-01  2.461e-03
 6.500e-01  2.496e-03
 6.505e-01  2.531e-03
 6.510e-01  2.567e-03
 6.515e-01  2.604e-03
 6.520e-01  2.641e-03
 6.525e-01  2.678e-03
 6.530e-01  2.717e-03
 6.535e-01  2.756e-03
 6.540e-01  2.795e-03
 6.545e-01  2.835e-03
 6.550e-01  2.876e-03
 6.555e-01  2.917e-03
 6.560e-01  2.959e-03
 6.565e-01  3.002e-03
 6.570e-01  3.046e-03
 6.575e-01  3.090e-03
 6.580e-01  3.134e-03
 6.585e-01  3.180e-03
 6.590e-01  3.226e-03
 6.595e-01  3.273e-03
 6.600e-01  3.321e-03
 6.605e-01  3.370e-03
 6.610e-01  3.419e-03
 6.615e-01  3.469e-03
 6.620e-01  3.520e-03
 6.625e-01  3.572e-03
 6.630e-01  3.625e-03
 6.635e-01  3.679e-03
 6.640e-01  3.733e-03
 6.645e-01  3.789e-03
 6.650e-01  3.845e-03
 6.655e-01  3.902e-03
 6.660e-01  3.961e-03
 6.665e-01  4.020e-03
 6.670e-01  4.080e-03
 6.675e-01  4.141e-03
 6.680e-01  4.204e-03
 6.685e-01  4.267e-03
 6.690e-01  4.332e-03
 6.695e-01  4.397e-03
 6.700e-01  4.464e-03
 6.705e-01  4.532e-03
 6.710e-01  4.601e-03
 6.715e-01  4.671e-03
 6.720e-01  4.743e-03
 6.725e-01  4.816e-03
 6.730e-01  4.890e-03
 6.735e-01  4.965e-03
 6.740e-01  5.042e-03
 6.745e-01  5.120e-03
 6.750e-01  5.199e-03
 6.755e-01  5.280e-03
 6.760e-01  5.362e-03
 6.765e-01  5.446e-03
 6.770e-01  5.531e-03
 6.775e-01  5.618e-03
 6.780e-01  5.707e-03
 6.785e-01  5.797e-03
 6.790e-01  5.888e-03
 6.795e-01  5.982e-03
 6.800e-01  6.077e-03
 6.805e-01  6.174e-03
 6.810e-01  6.272e-03
 6.815e-01  6.373e-03
 6.820e-01  6.475e-03
 6.825e-01  6.579e-03
 6.830e-01  6.686e-03
 6.835e-01  6.794e-03
 6.840e-01  6.904e-03
 6.845e-01  7.017e-03
 6.850e-01  7.131e-03
 6.855e-01  7.248e-03
 6.860e-01  7.367e-03
 6.865e-01  7.488e-03
 6.870e-01  7.612e-03
 6.875e-01  7.738e-03
 6.880e-01  7.867e-03
 6.885e-01  7.998e-03
 6.890e-01  8.131e-03
 6.895e-01  8.268e-03
 6.900e-01  8.407e-03
 6.905e-01  8.548e-03
 6.910e-01  8.693e-03
 6.915e-01  8.841e-03
 6.920e-01  8.991e-03
 6.925e-01  9.145e-03
 6.930e-01  9.301e-03
 6.935e-01  9.461e-03
 6.940e-01  9.624e-03
 6.945e-01  9.791e-03
 6.950e-01  9.961e-03
 6.955e-01  1.013e-02
 6.960e-01  1.031e-02
 6.965e-01  1.049e-02
 6.970e-01  1.068e-02
 6.975e-01  1.087e-02
 6.980e-01  1.106e-02
 6.985e-01  1.126e-02
 6.990e-01  1.146e-02
 6.995e-01  1.166e-02
 7.000e-01  1.187e-02
 7.005e-01  1.209e-02
 7.010e-01  1.231e-02
 7.015e-01  1.253e-02
 7.020e-01  1.276e-02
 7.025e-01  1.299e-02
 7.030e-01  1.323e-02
 7.035e-01  1.348e-02
 7.040e-01  1.373e-02
 7.045e-01  1.398e-02
 7.050e-01  1.424e-02
 7.055e-01  1.451e-02
 7.060e-01  1.479e-02
 7.065e-01  1.507e-02
 7.070e-01  1.535e-02
 7.075e-01  1.565e-02
 7.080e-01  1.595e-02
 7.085e-01  1.625e-02
 7.090e-01  1.657e-02
 7.095e-01  1.689e-02
 7.100e-01  1.722e-02
 7.105e-01  1.756e-02
 7.110e-01  1.791e-02
 7.115e-01  1.826e-02
 7.120e-01  1.862e-02
 7.125e-01  1.900e-02
 7.130e-01  1.938e-02
 7.135e-01  1.977e-02
 7.140e-01  2.017e-02
 7.145e-01  2.058e-02
 7.150e-01  2.101e-02
 7.155e-01  2.144e-02
 7.160e-01  2.188e-02
 7.165e-01  2.234e-02
 7.170e-01  2.281e-02
 7.175e-01  2.329e-02
 7.180e-01  2.378e-02
 7.185e-01  2.429e-02
 7.190e-01  2.481e-02
 7.195e-01  2.534e-02
 7.200e-01  2.589e-02
 7.205e-01  2.645e-02
 7.210e-01  2.703e-02
 7.215e-01  2.762e-02
 7.220e-01  2.824e-02
 7.225e-01  2.887e-02
 7.230e-01  2.951e-02
 7.235e-01  3.018e-02
 7.240e-01  3.086e-02
 7.245e-01  3.157e-02
 7.250e-01  3.229e-02
 7.255e-01  3.304e-02
 7.260e-01  3.381e-02
 7.265e-01  3.460e-02
 7.270e-01  3.542e-02
 7.275e-01  3.626e-02
 7.280e-01  3.712e-02
 7.285e-01  3.802e-02
 7.290e-01  3.894e-02
 7.295e-01  3.989e-02
 7.300e-01  4.087e-02
 7.305e-01  4.188e-02
 7.310e-01  4.292e-02
 7.315e-01  4.400e-02
 7.320e-01  4.511e-02
 7.325e-01  4.627e-02
 7.330e-01  4.745e-02
 7.335e-01  4.868e-02
 7.340e-01  4.995e-02
 7.345e-01  5.127e-02
 7.350e-01  5.263e-02
 7.355e-01  5.403e-02
 7.360e-01  5.549e-02
 7.365e-01  5.700e-02
 7.370e-01  5.856e-02
 7.375e-01  6.018e-02
 7.380e-01  6.186e-02
 7.385e-01  6.360e-02
 7.390e-01  6.541e-02
 7.395e-01  6.729e-02
 7.400e-01  6.923e-02
 7.405e-01  7.126e-02
 7.410e-01  7.336e-02
 7.415e-01  7.554e-02
 7.420e-01  7.781e-02
 7.425e-01  8.017e-02
 7.430e-01  8.263e-02
 7.435e-01  8.520e-02
 7.440e-01  8.786e-02
 7.445e-01  9.064e-02
 7.450e-01  9.354e-02
 7.455e-01  9.657e-02
 7.460e-01  9.973e-02
 7.465e-01  1.030e-01
 7.470e-01  1.065e-01
 7.475e-01  1.101e-01
 7.480e-01  1.138e-01
 7.485e-01  1.178e-01
 7.490e-01  1.219e-01
 7.495e-01  1.263e-01
 7.500e-01  1.308e-01
 7.505e-01  1.356e-01
 7.510e-01  1.406e-01
 7.515e-01  1.458e-01
 7.520e-01  1.514e-01
 7.525e-01  1.572e-01
 7.530e-01  1.633e-01
 7.535e-01  1.698e-01
 7.540e-01  1.766e-01
 7.545e-01  1.838e-01
 7.550e-01  1.914e-01
 7.555e-01  1.994e-01
 7.560e-01  2.079e-01
 7.565e-01  2.170e-01
 7.570e-01  2.265e-01
 7.575e-01  2.367e-01
 7.580e-01  2.475e-01
 7.585e-01  2.590e-01
 7.590e-01  2.712e-01
 7.595e-01  2.843e-01
 7.600e-01  2.982e-01
 7.605e-01  3.131e-01
 7.610e-01  3.290e-01
 7.615e-01  3.461e-01
 7.620e-01  3.645e-01
 7.625e-01  3.842e-01
 7.630e-01  4.055e-01
 7.635e-01  4.284e-01
 7.640e-01  4.532e-01
 7.645e-01  4.800e-01
 7.650e-01  5.090e-01
 7.655e-01  5.406e-01
 7.660e-01  5.750e-01
 7.665e-01  6.125e-01
 7.670e-01  6.535e-01
 7.675e-01  6.985e-01
 7.680e-01  7.478e-01
 7.685e-01  8.022e-01
 7.690e-01  8.622e-01
 7.695e-01  9.286e-01
 7.700e-01  1.002e+00
 7.705e-01  1.085e+00
 7.710e-01  1.176e+00
 7.715e-01  1.279e+00
 7.720e-01  1.395e+00
 7.725e-01  1.525e+00
 7.730e-01  1.673e+00
 7.735e-01  1.841e+00
 7.740e-01  2.032e+00
 7.745e-01  2.250e+00
 7.750e-01  2.501e+00
 7.755e-01  2.790e+00
 7.760e-01  3.123e+00
 7.765e-01  3.508e+00
 7.770e-01  3.952e+00
 7.775e-01  4.463e+00
 7.780e-01  5.049e+00
 7.785e-01  5.716e+00
 7.790e-01  6.463e+00
 7.795e-01  7.280e+00
 7.800e-01  8.146e+00
 7.805e-01  9.019e+00
 7.810e-01  9.837e+00
 7.815e-01  1.052e+01
 7.820e-01  1.100e+01
 7.825e-01  1.120e+01
 7.830e-01  1.111e+01
 7.835e-01  1.074e+01
 7.840e-01  1.017e+01
 7.845e-01  9.448e+00
 7.850e-01  8.662e+00
 7.855e-01  7.866e+00
 7.860e-01  7.099e+00
 7.865e-01  6.387e+00
 7.870e-01  5.739e+00
 7.875e-01  5.159e+00
 7.880e-01  4.644e+00
 7.885e-01  4.190e+00
 7.890e-01  3.790e+00
 7.895e-01  3.439e+00
 7.900e-01  3.129e+00
 7.905e-01  2.857e+00
 7.910e-01  2.616e+00
 7.915e-01  2.403e+00
 7.920e-01  2.214e+00
 7.925e-01  2.046e+00
 7.930e-01  1.895e+00
 7.935e-01  1.761e+00
 7.940e-01  1.639e+00
 7.945e-01  1.530e+00
 7.950e-01  1.432e+00
 7.955e-01  1.342e+00
 7.960e-01  1.261e+00
 7.965e-01  1.187e+00
 7.970e-01  1.120e+00
 7.975e-01  1.058e+00
 7.980e-01  1.001e+00
 7.985e-01  9.490e-01
 7.990e-01  9.008e-01
 7.995e-01  8.564e-01
 8.000e-01  8.153e-01
 8.005e-01  7.792e-01
 8.010e-01  7.456e-01
 8.015e-01  7.143e-01
 8.020e-01  6.851e-01
 8.025e-01  6.579e-01
 8.030e-01  6.324e-01
 8.035e-01  6.086e-01
 8.040e-01  5.862e-01
 8.045e-01  5.652e-01
 8.050e-01  5.454e-01
 8.055e-01  5.267e-01
 8.060e-01  5.092e-01
 8.065e-01  4.926e-01
 8.070e-01  4.769e-01
 8.075e-01  4.620e-01
 8.080e-01  4.480e-01
 8.085e-01  4.347e-01
 8.090e-01  4.220e-01
 8.095e-01  4.100e-01
 8.100e-01  3.986e-01
 8.105e-01  3.877e-01
 8.110e-01  3.773e-01
 8.115e-01  3.675e-01
 8.120e-01  3.580e-01
 8.125e-01  3.490e-01
 8.130e-01  3.404e-01
 8.135e-01  3.322e-01
 8.140e-01  3.244e-01
 8.145e-01  3.168e-01
 8.150e-01  3.096e-01
 8.155e-01  3.027e-01
 8.160e-01  2.960e-01
 8.165e-01  2.896e-01
 8.170e-01  2.835e-01
 8.175e-01  2.776e-01
 8.180e-01  2.719e-01
 8.185e-01  2.665e-01
 8.190e-01  2.612e-01
 8.195e-01  2.562e-01
 8.200e-01  2.513e-01
 8.205e-01  2.466e-01
 8.210e-01  2.421e-01
 8.215e-01  2.377e-01
 8.220e-01  2.334e-01
 8.225e-01  2.294e-01
 8.230e-01  2.254e-01
 8.235e-01  2.216e-01
 8.240e-01  2.179e-01
 8.245e-01  2.143e-01
 8.250e-01  2.108e-01
 8.255e-01  2.075e-01
 8.260e-01  2.042e-01
 8.265e-01  2.011e-01
 8.270e-01  1.980e-01
 8.275e-01  1.951e-01
 8.280e-01  1.922e-01
 8.285e-01  1.894e-01
 8.290e-01  1.867e-01
 8.295e-01  1.840e-01
 8.300e-01  1.815e-01
 8.305e-01  1.790e-01
 8.310e-01  1.766e-01
 8.315e-01  1.742e-01
 8.320e-01  1.719e-01
 8.325e-01  1.697e-01
 8.330e-01  1.675e-01
 8.335e-01  1.654e-01
 8.340e-01  1.633e-01
 8.345e-01  1.613e-01
 8.350e-01  1.594e-01
 8.355e-01  1.575e-01
 8.360e-01  1.556e-01
 8.365e-01  1.538e-01
 8.370e-01  1.520e-01
 8.375e-01  1.503e-01
 8.380e-01  1.486e-01
 8.385e-01  1.470e-01
 8.390e-01  1.454e-01
 8.395e-01  1.438e-01
 8.400e-01  1.423e-01
 8.405e-01  1.408e-01
 8.410e-01  1.393e-01
 8.415e-01  1.379e-01
 8.420e-01  1.365e-01
 8.425e-01  1.351e-01
 8.430e-01  1.338e-01
 8.435e-01  1.325e-01
 8.440e-01  1.312e-01
 8.445e-01  1.299e-01
 8.450e-01  1.287e-01
 8.455e-01  1.275e-01
 8.460e-01  1.263e-01
 8.465e-01  1.252e-01
 8.470e-01  1.240e-01
 8.475e-01  1.229e-01
 8.480e-01  1.218e-01
 8.485e-01  1.208e-01
 8.490e-01  1.197e-01
 8.495e-01  1.187e-01
 8.500e-01  1.177e-01
 8.505e-01  1.167e-01
 8.510e-01  1.158e-01
 8.515e-01  1.148e-01
 8.520e-01  1.139e-01
 8.525e-01  1.130e-01
 8.530e-01  1.121e-01
 8.535e-01  1.112e-01
 8.540e-01  1.104e-01
 8.545e-01  1.095e-01
 8.550e-01  1.087e-01
 8.555e-01  1.079e-01
 8.560e-01  1.071e-01
 8.565e-01  1.063e-01
 8.570e-01  1.055e-01
 8.575e-01  1.048e-01
 8.580e-01  1.040e-01
 8.585e-01  1.033e-01
 8.590e-01  1.026e-01
 8.595e-01  1.019e-01
 8.600e-01  1.012e-01
 8.605e-01  1.005e-01
 8.610e-01  9.983e-02
 8.615e-01  9.917e-02
 8.620e-01  9.852e-02
 8.625e-01  9.788e-02
 8.630e-01  9.725e-02
 8.635e-01  9.664e-02
 8.640e-01  9.603e-02
 8.645e-01  9.543e-02
 8.650e-01  9.485e-02
 8.655e-01  9.427e-02
 8.660e-01  9.370e-02
 8.665e-01  9.314e-02
 8.670e-01  9.259e-02
 8.675e-01  9.205e-02
 8.680e-01  9.151e-02
 8.685e-01  9.099e-02
 8.690e-01  9.047e-02
 8.695e-01  8.996e-02
 8.700e-01  8.946e-02
 8.705e-01  8.897e-02
 8.710e-01  8.849e-02
 8.715e-01  8.801e-02
 8.720e-01  8.754e-02
 8.725e-01  8.708e-02
 8.730e-01  8.662e-02
 8.735e-01  8.617e-02
 8.740e-01  8.573e-02
 8.745e-01  8.529e-02
 8.750e-01  8.487e-02
 8.755e-01  8.444e-02
 8.760e-01  8.403e-02
 8.765e-01  8.362e-02
 8.770e-01  8.322e-02
 8.775e-01  8.282e-02
 8.780e-01  8.243e-02
 8.785e-01  8.205e-02
 8.790e-01  8.167e-02
 8.795e-01  8.129e-02
 8.800e-01  8.093e-02
 8.805e-01  8.057e-02
 8.810e-01  8.021e-02
 8.815e-01  7.986e-02
 8.820e-01  7.951e-02
 8.825e-01  7.917e-02
 8.830e-01  7.884e-02
 8.835e-01  7.851e-02
 8.840e-01  7.819e-02
 8.845e-01  7.787e-02
 8.850e-01  7.755e-02
 8.855e-01  7.725e-02
 8.860e-01  7.694e-02
 8.865e-01  7.664e-02
 8.870e-01  7.635e-02
 8.875e-01  7.606e-02
 8.880e-01  7.577e-02
 8.885e-01  7.549e-02
 8.890e-01  7.522e-02
 8.895e-01  7.494e-02
 8.900e-01  7.468e-02
 8.905e-01  7.374e-02
 8.910e-01  7.362e-02
 8.915e-01  7.350e-02
 8.920e-01  7.338e-02
 8.925e-01  7.327e-02
 8.930e-01  7.316e-02
 8.935e-01  7.304e-02
 8.940e-01  7.294e-02
 8.945e-01  7.283e-02
 8.950e-01  7.272e-02
 8.955e-01  7.262e-02
 8.960e-01  7.252e-02
 8.965e-01  7.242e-02
 8.970e-01  7.232e-02
 8.975e-01  7.223e-02
 8.980e-01  7.214e-02
 8.985e-01  7.205e-02
 8.990e-01  7.196e-02
 8.995e-01  7.187e-02
 9.000e-01  7.178e-02
 9.005e-01  7.170e-02
 9.010e-01  7.162e-02
 9.015e-01  7.154e-02
 9.020e-01  7.146e-02
 9.025e-01  7.139e-02
 9.030e-01  7.132e-02
 9.035e-01  7.125e-02
 9.040e-01  7.118e-02
 9.045e-01  7.111e-02
 9.050e-01  7.105e-02
 9.055e-01  7.098e-02
 9.060e-01  7.092e-02
 9.065e-01  7.086e-02
 9.070e-01  7.081e-02
 9.075e-01  7.075e-02
 9.080e-01  7.070e-02
 9.085e-01  7.065e-02
 9.090e-01  7.060e-02
 9.095e-01  7.055e-02
 9.100e-01  7.051e-02
 9.105e-01  7.046e-02
 9.110e-01  7.042e-02
 9.115e-01  7.038e-02
 9.120e-01  7.034e-02
 9.125e-01  7.031e-02
 9.130e-01  7.027e-02
 9.135e-01  7.024e-02
 9.140e-01  7.021e-02
 9.145e-01  7.018e-02
 9.150e-01  7.016e-02
 9.155e-01  7.013e-02
 9.160e-01  7.011e-02
 9.165e-01  7.009e-02
 9.170e-01  7.007e-02
 9.175e-01  7.005e-02
 9.180e-01  7.003e-02
 9.185e-01  7.002e-02
 9.190e-01  7.001e-02
 9.195e-01  7.000e-02
 9.200e-01  6.999e-02
 9.205e-01  6.998e-02
 9.210e-01  6.998e-02
 9.215e-01  6.997e-02
 9.220e-01  6.997e-02
 9.225e-01  6.997e-02
 9.230e-01  6.997e-02
 9.235e-01  6.998e-02
 9.240e-01  6.998e-02
 9.245e-01  6.999e-02
 9.250e-01  7.000e-02
 9.255e-01  7.001e-02
 9.260e-01  7.002e-02
 9.265e-01  7.003e-02
 9.270e-01  7.005e-02
 9.275e-01  7.006e-02
 9.280e-01  7.008e-02
 9.285e-01  7.010e-02
 9.290e-01  7.012e-02
 9.295e-01  7.015e-02
 9.300e-01  7.017e-02
 9.305e-01  7.020e-02
 9.310e-01  7.023e-02
 9.315e-01  7.026e-02
 9.320e-01  7.029e-02
 9.325e-01  7.032e-02
 9.330e-01  7.036e-02
 9.335e-01  7.039e-02
 9.340e-01  7.043e-02
 9.345e-01  7.047e-02
 9.350e-01  7.051e-02
 9.355e-01  7.055e-02
 9.360e-01  7.060e-02
 9.365e-01  7.064e-02
 9.370e-01  7.069e-02
 9.375e-01  7.074e-02
 9.380e-01  7.078e-02
 9.385e-01  7.084e-02
 9.390e-01  7.089e-02
 9.395e-01  7.094e-02
 9.400e-01  7.100e-02
 9.405e-01  7.106e-02
 9.410e-01  7.111e-02
 9.415e-01  7.117e-02
 9.420e-01  7.123e-02
 9.425e-01  7.130e-02
 9.430e-01  7.136e-02
 9.435e-01  7.143e-02
 9.440e-01  7.149e-02
 9.445e-01  7.156e-02
 9.450e-01  7.163e-02
 9.455e-01  7.170e-02
 9.460e-01  7.178e-02
 9.465e-01  7.185e-02
 9.470e-01  7.192e-02
 9.475e-01  7.200e-02
 9.480e-01  7.208e-02
 9.485e-01  7.216e-02
 9.490e-01  7.224e-02
 9.495e-01  7.232e-02
 9.500e-01  7.240e-02
 9.505e-01  7.249e-02
 9.510e-01  7.257e-02
 9.515e-01  7.266e-02
 9.520e-01  7.275e-02
 9.525e-01  7.284e-02
 9.530e-01  7.293e-02
 9.535e-01  7.302e-02
 9.540e-01  7.311e-02
 9.545e-01  7.321e-02
 9.550e-01  7.330e-02
 9.555e-01  7.340e-02
 9.560e-01  7.349e-02
 9.565e-01  7.359e-02
 9.570e-01  7.369e-02
 9.575e-01  7.379e-02
 9.580e-01  7.390e-02
 9.585e-01  7.400e-02
 9.590e-01  7.411e-02
 9.595e-01  7.421e-02
 9.600e-01  7.432e-02
 9.605e-01  7.443e-02
 9.610e-01  7.453e-02
 9.615e-01  7.464e-02
 9.620e-01  7.476e-02
 9.625e-01  7.487e-02
 9.630e-01  7.498e-02
 9.635e-01  7.509e-02
 9.640e-01  7.521e-02
 9.645e-01  7.533e-02
 9.650e-01  7.544e-02
 9.655e-01  7.556e-02
 9.660e-01  7.568e-02
 9.665e-01  7.580e-02
 9.670e-01  7.592e-02
 9.675e-01  7.604e-02
 9.680e-01  7.617e-02
 9.685e-01  7.629e-02
 9.690e-01  7.641e-02
 9.695e-01  7.654e-02
 9.700e-01  7.667e-02
 9.705e-01  7.679e-02
 9.710e-01  7.692e-02
 9.715e-01  7.705e-02
 9.720e-01  7.718e-02
 9.725e-01  7.731e-02
 9.730e-01  7.744e-02
 9.735e-01  7.757e-02
 9.740e-01  7.770e-02
 9.745e-01  7.784e-02
 9.750e-01  7.797e-02
 9.755e-01  7.811e-02
 9.760e-01  7.824e-02
 9.765e-01  7.838e-02
 9.770e-01  7.852e-02
 9.775e-01  7.865e-02
 9.780e-01  7.879e-02
 9.785e-01  7.893e-02
 9.790e-01  7.907e-02
 9.795e-01  7.921e-02
 9.800e-01  7.935e-02
 9.805e-01  7.949e-02
 9.810e-01  7.964e-02
 9.815e-01  7.978e-02
 9.820e-01  7.992e-02
 9.825e-01  8.006e-02
 9.830e-01  8.021e-02
 9.835e-01  8.035e-02
 9.840e-01  8.050e-02
 9.845e-01  8.064e-02
 9.850e-01  8.079e-02
 9.855e-01  8.094e-02
 9.860e-01  8.108e-02
 9.865e-01  8.123e-02
 9.870e-01  8.138e-02
 9.875e-01  8.152e-02
 9.880e-01  8.167e-02
 9.885e-01  8.182e-02
 9.890e-01  8.197e-02
 9.895e-01  8.212e-02
 9.900e-01  8.227e-02
 9.905e-01  8.242e-02
 9.910e-01  8.257e-02
 9.915e-01  8.272e-02
 9.920e-01  8.287e-02
 9.925e-01  8.302e-02
 9.930e-01  8.317e-02
 9.935e-01  8.332e-02
 9.940e-01  8.347e-02
 9.945e-01  8.362e-02
 9.950e-01  8.377e-02
 9.955e-01  8.392e-02
 9.960e-01  8.407e-02
 9.965e-01  8.423e-02
 9.970e-01  8.438e-02
 9.975e-01  8.453e-02
 9.980e-01  8.468e-02
 9.985e-01  8.483e-02
 9.990e-01  8.498e-02
 9.995e-01  8.513e-02
 1.000e+00  8.528e-02
 1.000e+00  8.543e-02
 1.001e+00  8.558e-02
 1.002e+00  8.573e-02
 1.002e+00  8.588e-02
 1.002e+00  8.603e-02
 1.003e+00  8.618e-02
 1.004e+00  8.633e-02
 1.004e+00  8.648e-02
 1.004e+00  8.663e-02
 1.005e+00  8.678e-02
 1.006e+00  8.693e-02
 1.006e+00  8.708e-02
 1.006e+00  8.723e-02
 1.007e+00  8.738e-02
 1.008e+00  8.753e-02
 1.008e+00  8.767e-02
 1.008e+00  8.782e-02
 1.009e+00  8.797e-02
 1.010e+00  8.812e-02
 1.010e+00  8.826e-02
 1.010e+00  8.841e-02
 1.011e+00  8.856e-02
 1.012e+00  8.870e-02
 1.012e+00  8.885e-02
 1.012e+00  8.900e-02
 1.013e+00  8.914e-02
 1.014e+00  8.929e-02
 1.014e+00  8.943e-02
 1.014e+00  8.958e-02
 1.015e+00  8.972e-02
 1.016e+00  8.987e-02
 1.016e+00  9.001e-02
 1.016e+00  9.016e-02
 1.017e+00  9.030e-02
 1.018e+00  9.045e-02
 1.018e+00  9.059e-02
 1.018e+00  9.073e-02
 1.019e+00  9.087e-02
 1.020e+00  9.102e-02
 1.020e+00  9.116e-02
 1.020e+00  9.130e-02
 1.021e+00  9.144e-02
 1.022e+00  9.158e-02
 1.022e+00  9.173e-02
 1.022e+00  9.187e-02
 1.023e+00  9.201e-02
 1.024e+00  9.215e-02
 1.024e+00  9.229e-02
 1.024e+00  9.243e-02
 1.025e+00  9.256e-02
 1.026e+00  9.270e-02
 1.026e+00  9.284e-02
 1.026e+00  9.298e-02
 1.027e+00  9.312e-02
 1.028e+00  9.326e-02
 1.028e+00  9.339e-02
 1.028e+00  9.353e-02
 1.029e+00  9.367e-02
 1.030e+00  9.380e-02
 1.030e+00  9.394e-02
 1.030e+00  9.407e-02
 1.031e+00  9.421e-02
 1.032e+00  9.434e-02
 1.032e+00  9.448e-02
 1.032e+00  9.461e-02
 1.033e+00  9.475e-02
 1.034e+00  9.488e-02
 1.034e+00  9.501e-02
 1.034e+00  9.514e-02
 1.035e+00  9.528e-02
 1.036e+00  9.541e-02
 1.036e+00  9.554e-02
 1.036e+00  9.567e-02
 1.037e+00  9.580e-02
 1.038e+00  9.593e-02
 1.038e+00  9.606e-02
 1.038e+00  9.619e-02
 1.039e+00  9.632e-02
 1.040e+00  9.645e-02
 1.040e+00  9.658e-02
 1.040e+00  9.670e-02
 1.041e+00  9.683e-02
 1.042e+00  9.696e-02
 1.042e+00  9.708e-02
 1.042e+00  9.721e-02
 1.043e+00  9.734e-02
 1.044e+00  9.746e-02
 1.044e+00  9.759e-02
 1.044e+00  9.771e-02
 1.045e+00  9.783e-02
 1.046e+00  9.796e-02
 1.046e+00  9.808e-02
 1.046e+00  9.820e-02
 1.047e+00  9.833e-02
 1.048e+00  9.845e-02
 1.048e+00  9.857e-02
 1.048e+00  9.869e-02
 1.049e+00  9.881e-02
 1.050e+00  9.893e-02
 1.050e+00  9.905e-02
 1.050e+00  9.917e-02
 1.051e+00  9.929e-02
 1.052e+00  9.940e-02
 1.052e+00  9.952e-02
 1.052e+00  9.964e-02
 1.053e+00  9.976e-02
 1.054e+00  9.987e-02
 1.054e+00  9.999e-02
 1.054e+00  1.001e-01
 1.055e+00  1.002e-01
 1.056e+00  1.003e-01
 1.056e+00  1.004e-01
 1.056e+00  1.006e-01
 1.057e+00  1.007e-01
 1.058e+00  1.008e-01
 1.058e+00  1.009e-01
 1.058e+00  1.010e-01
 1.059e+00  1.011e-01
 1.060e+00  1.012e-01
 1.060e+00  1.013e-01
 1.060e+00  1.014e-01
 1.061e+00  1.016e-01
 1.062e+00  1.017e-01
 1.062e+00  1.018e-01
 1.062e+00  1.019e-01
 1.063e+00  1.020e-01
 1.064e+00  1.021e-01
 1.064e+00  1.022e-01
 1.065e+00  1.023e-01
 1.065e+00  1.024e-01
 1.066e+00  1.025e-01
 1.066e+00  1.026e-01
 1.067e+00  1.027e-01
 1.067e+00  1.028e-01
 1.068e+00  1.029e-01
 1.068e+00  1.030e-01
 1.069e+00  1.031e-01
 1.069e+00  1.032e-01
 1.070e+00  1.033e-01
 1.070e+00  1.034e-01
 1.071e+00  1.035e-01
 1.071e+00  1.036e-01
 1.072e+00  1.037e-01
 1.072e+00  1.038e-01
 1.073e+00  1.039e-01
 1.073e+00  1.040e-01
 1.074e+00  1.041e-01
 1.074e+00  1.042e-01
 1.075e+00  1.043e-01
 1.075e+00  1.044e-01
 1.076e+00  1.045e-01
 1.076e+00  1.046e-01
 1.077e+00  1.047e-01
 1.077e+00  1.048e-01
 1.078e+00  1.049e-01
 1.078e+00  1.049e-01
 1.079e+00  1.050e-01
 1.079e+00  1.051e-01
 1.080e+00  1.052e-01
 1.080e+00  1.053e-01
 1.081e+00  1.054e-01
 1.081e+00  1.055e-01
 1.082e+00  1.056e-01
 1.082e+00  1.057e-01
 1.083e+00  1.057e-01
 1.083e+00  1.058e-01
 1.084e+00  1.059e-01
 1.084e+00  1.060e-01
 1.085e+00  1.061e-01
 1.085e+00  1.062e-01
 1.086e+00  1.062e-01
 1.086e+00  1.063e-01
 1.087e+00  1.064e-01
 1.087e+00  1.065e-01
 1.088e+00  1.066e-01
 1.088e+00  1.066e-01
 1.089e+00  1.067e-01
 1.089e+00  1.068e-01
 1.089e+00  1.069e-01
 1.090e+00  1.070e-01
 1.091e+00  1.070e-01
 1.091e+00  1.071e-01
 1.091e+00  1.072e-01
 1.092e+00  1.073e-01
 1.093e+00  1.073e-01
 1.093e+00  1.074e-01
 1.093e+00  1.075e-01
 1.094e+00  1.076e-01
 1.095e+00  1.076e-01
 1.095e+00  1.077e-01
 1.095e+00  1.078e-01
 1.096e+00  1.079e-01
 1.097e+00  1.079e-01
 1.097e+00  1.080e-01
 1.097e+00  1.081e-01
 1.098e+00  1.081e-01
 1.099e+00  1.082e-01
 1.099e+00  1.083e-01
 1.099e+00  1.083e-01
 1.100e+00  1.084e-01
 1.101e+00  1.085e-01
 1.101e+00  1.085e-01
 1.101e+00  1.086e-01
 1.102e+00  1.087e-01
 1.103e+00  1.087e-01
 1.103e+00  1.088e-01
 1.103e+00  1.088e-01
 1.104e+00  1.089e-01
 1.105e+00  1.090e-01
 1.105e+00  1.090e-01
 1.105e+00  1.091e-01
 1.106e+00  1.092e-01
 1.107e+00  1.092e-01
 1.107e+00  1.093e-01
 1.107e+00  1.093e-01
 1.108e+00  1.094e-01
 1.109e+00  1.094e-01
 1.109e+00  1.095e-01
 1.109e+00  1.096e-01
 1.110e+00  1.096e-01
 1.111e+00  1.097e-01
 1.111e+00  1.097e-01
 1.111e+00  1.098e-01
 1.112e+00  1.098e-01
 1.113e+00  1.099e-01
 1.113e+00  1.099e-01
 1.113e+00  1.100e-01
 1.114e+00  1.100e-01
 1.115e+00  1.101e-01
 1.115e+00  1.101e-01
 1.115e+00  1.102e-01
 1.116e+00  1.102e-01
 1.117e+00  1.103e-01
 1.117e+00  1.103e-01
 1.117e+00  1.104e-01
 1.118e+00  1.104e-01
 1.119e+00  1.105e-01
 1.119e+00  1.105e-01
 1.119e+00  1.106e-01
 1.120e+00  1.106e-01
 1.121e+00  1.107e-01
 1.121e+00  1.107e-01
 1.121e+00  1.108e-01
 1.122e+00  1.108e-01
 1.123e+00  1.109e-01
 1.123e+00  1.109e-01
 1.123e+00  1.109e-01
 1.124e+00  1.110e-01
 1.125e+00  1.110e-01
 1.125e+00  1.111e-01
 1.125e+00  1.111e-01
 1.126e+00  1.112e-01
 1.127e+00  1.112e-01
 1.127e+00  1.112e-01
 1.127e+00  1.113e-01
 1.128e+00  1.113e-01
 1.129e+00  1.114e-01
 1.129e+00  1.114e-01
 1.129e+00  1.114e-01
 1.130e+00  1.115e-01
 1.131e+00  1.115e-01
 1.131e+00  1.116e-01
 1.131e+00  1.116e-01
 1.132e+00  1.116e-01
 1.133e+00  1.117e-01
 1.133e+00  1.117e-01
 1.133e+00  1.117e-01
 1.134e+00  1.118e-01
 1.135e+00  1.118e-01
 1.135e+00  1.119e-01
 1.135e+00  1.119e-01
 1.136e+00  1.119e-01
 1.137e+00  1.120e-01
 1.137e+00  1.120e-01
 1.137e+00  1.120e-01
 1.138e+00  1.121e-01
 1.139e+00  1.121e-01
 1.139e+00  1.121e-01
 1.139e+00  1.122e-01
 1.140e+00  1.122e-01
 1.141e+00  1.122e-01
 1.141e+00  1.123e-01
 1.141e+00  1.123e-01
 1.142e+00  1.123e-01
 1.143e+00  1.124e-01
 1.143e+00  1.124e-01
 1.143e+00  1.124e-01
 1.144e+00  1.125e-01
 1.145e+00  1.125e-01
 1.145e+00  1.125e-01
 1.145e+00  1.125e-01
 1.146e+00  1.126e-01
 1.147e+00  1.126e-01
 1.147e+00  1.126e-01
 1.147e+00  1.127e-01
 1.148e+00  1.127e-01
 1.149e+00  1.127e-01
 1.149e+00  1.128e-01
 1.149e+00  1.128e-01
 1.150e+00  1.128e-01
 1.151e+00  1.128e-01
 1.151e+00  1.129e-01
 1.151e+00  1.129e-01
 1.152e+00  1.129e-01
 1.153e+00  1.130e-01
 1.153e+00  1.130e-01
 1.153e+00  1.130e-01
 1.154e+00  1.130e-01
 1.155e+00  1.131e-01
 1.155e+00  1.131e-01
 1.155e+00  1.131e-01
 1.156e+00  1.132e-01
 1.157e+00  1.132e-01
 1.157e+00  1.132e-01
 1.157e+00  1.132e-01
 1.158e+00  1.133e-01
 1.159e+00  1.133e-01
 1.159e+00  1.133e-01
 1.159e+00  1.134e-01
 1.160e+00  1.134e-01
 1.161e+00  1.134e-01
 1.161e+00  1.134e-01
 1.161e+00  1.135e-01
 1.162e+00  1.135e-01
 1.163e+00  1.135e-01
 1.163e+00  1.135e-01
 1.163e+00  1.136e-01
 1.164e+00  1.136e-01
 1.165e+00  1.136e-01
 1.165e+00  1.137e-01
 1.165e+00  1.137e-01
 1.166e+00  1.137e-01
 1.167e+00  1.137e-01
 1.167e+00  1.138e-01
 1.167e+00  1.138e-01
 1.168e+00  1.138e-01
 1.169e+00  1.139e-01
 1.169e+00  1.139e-01
 1.169e+00  1.139e-01
 1.170e+00  1.139e-01
 1.171e+00  1.140e-01
 1.171e+00  1.140e-01
 1.171e+00  1.140e-01
 1.172e+00  1.141e-01
 1.173e+00  1.141e-01
 1.173e+00  1.141e-01
 1.173e+00  1.142e-01
 1.174e+00  1.142e-01
 1.175e+00  1.142e-01
 1.175e+00  1.142e-01
 1.175e+00  1.143e-01
 1.176e+00  1.143e-01
 1.177e+00  1.143e-01
 1.177e+00  1.144e-01
 1.177e+00  1.144e-01
 1.178e+00  1.144e-01
 1.179e+00  1.145e-01
 1.179e+00  1.145e-01
 1.179e+00  1.145e-01
 1.180e+00  1.146e-01
 1.181e+00  1.146e-01
 1.181e+00  1.146e-01
 1.181e+00  1.147e-01
 1.182e+00  1.147e-01
 1.183e+00  1.147e-01
 1.183e+00  1.148e-01
 1.183e+00  1.148e-01
 1.184e+00  1.148e-01
 1.185e+00  1.149e-01
 1.185e+00  1.149e-01
 1.185e+00  1.149e-01
 1.186e+00  1.150e-01
 1.187e+00  1.150e-01
 1.187e+00  1.150e-01
 1.188e+00  1.151e-01
 1.188e+00  1.151e-01
 1.189e+00  1.152e-01
 1.189e+00  1.152e-01
 1.190e+00  1.152e-01
 1.190e+00  1.153e-01
 1.191e+00  1.153e-01
 1.191e+00  1.154e-01
 1.192e+00  1.154e-01
 1.192e+00  1.154e-01
 1.193e+00  1.155e-01
 1.193e+00  1.155e-01
 1.194e+00  1.156e-01
 1.194e+00  1.156e-01
 1.195e+00  1.156e-01
 1.195e+00  1.157e-01
 1.196e+00  1.157e-01
 1.196e+00  1.158e-01
 1.197e+00  1.158e-01
 1.197e+00  1.159e-01
 1.198e+00  1.159e-01
 1.198e+00  1.160e-01
 1.199e+00  1.160e-01
 1.199e+00  1.161e-01
 1.200e+00  1.161e-01
 1.200e+00  1.162e-01
 1.201e+00  1.162e-01
 1.201e+00  1.163e-01
 1.202e+00  1.163e-01
 1.202e+00  1.164e-01
 1.203e+00  1.164e-01
 1.203e+00  1.165e-01
 1.204e+00  1.165e-01
 1.204e+00  1.166e-01
 1.205e+00  1.166e-01
 1.205e+00  1.167e-01
 1.206e+00  1.167e-01
 1.206e+00  1.168e-01
 1.207e+00  1.168e-01
 1.207e+00  1.169e-01
 1.208e+00  1.170e-01
 1.208e+00  1.170e-01
 1.209e+00  1.171e-01
 1.209e+00  1.171e-01
 1.210e+00  1.172e-01
 1.210e+00  1.172e-01
 1.211e+00  1.173e-01
 1.211e+00  1.174e-01
 1.212e+00  1.174e-01
 1.212e+00  1.175e-01
 1.213e+00  1.175e-01
 1.213e+00  1.176e-01
 1.214e+00  1.177e-01
 1.214e+00  1.177e-01
 1.215e+00  1.178e-01
 1.215e+00  1.179e-01
 1.216e+00  1.179e-01
 1.216e+00  1.180e-01
 1.216e+00  1.181e-01
 1.217e+00  1.181e-01
 1.218e+00  1.182e-01
 1.218e+00  1.182e-01
 1.218e+00  1.183e-01
 1.219e+00  1.184e-01
 1.220e+00  1.184e-01
 1.220e+00  1.185e-01
 1.220e+00  1.186e-01
 1.221e+00  1.186e-01
 1.222e+00  1.187e-01
 1.222e+00  1.188e-01
 1.222e+00  1.188e-01
 1.223e+00  1.189e-01
 1.224e+00  1.190e-01
 1.224e+00  1.190e-01
 1.224e+00  1.191e-01
 1.225e+00  1.192e-01
 1.226e+00  1.192e-01
 1.226e+00  1.193e-01
 1.226e+00  1.194e-01
 1.227e+00  1.195e-01
 1.228e+00  1.195e-01
 1.228e+00  1.196e-01
 1.228e+00  1.197e-01
 1.229e+00  1.197e-01
 1.230e+00  1.198e-01
 1.230e+00  1.199e-01
 1.230e+00  1.199e-01
 1.231e+00  1.200e-01
 1.232e+00  1.201e-01
 1.232e+00  1.202e-01
 1.232e+00  1.202e-01
 1.233e+00  1.203e-01
 1.234e+00  1.204e-01
 1.234e+00  1.204e-01
 1.234e+00  1.205e-01
 1.235e+00  1.206e-01
 1.236e+00  1.206e-01
 1.236e+00  1.207e-01
 1.236e+00  1.208e-01
 1.237e+00  1.209e-01
 1.238e+00  1.209e-01
 1.238e+00  1.210e-01
 1.238e+00  1.211e-01
 1.239e+00  1.211e-01
 1.240e+00  1.212e-01
 1.240e+00  1.213e-01
 1.240e+00  1.213e-01
 1.241e+00  1.214e-01
 1.242e+00  1.215e-01
 1.242e+00  1.216e-01
 1.242e+00  1.216e-01
 1.243e+00  1.217e-01
 1.244e+00  1.218e-01
 1.244e+00  1.218e-01
 1.244e+00  1.219e-01
 1.245e+00  1.220e-01
 1.246e+00  1.220e-01
 1.246e+00  1.221e-01
 1.246e+00  1.222e-01
 1.247e+00  1.222e-01
 1.248e+00  1.223e-01
 1.248e+00  1.224e-01
 1.248e+00  1.225e-01
 1.249e+00  1.225e-01
 1.250e+00  1.226e-01
 1.250e+00  1.227e-01
 1.250e+00  1.227e-01
 1.251e+00  1.228e-01
 1.252e+00  1.229e-01
 1.252e+00  1.229e-01
 1.252e+00  1.230e-01
 1.253e+00  1.230e-01
 1.254e+00  1.231e-01
 1.254e+00  1.232e-01
 1.254e+00  1.232e-01
 1.255e+00  1.233e-01
 1.256e+00  1.234e-01
 1.256e+00  1.234e-01
 1.256e+00  1.235e-01
 1.257e+00  1.236e-01
 1.258e+00  1.236e-01
 1.258e+00  1.237e-01
 1.258e+00  1.237e-01
 1.259e+00  1.238e-01
 1.260e+00  1.239e-01
 1.260e+00  1.239e-01
 1.260e+00  1.240e-01
 1.261e+00  1.240e-01
 1.262e+00  1.241e-01
 1.262e+00  1.241e-01
 1.262e+00  1.242e-01
 1.263e+00  1.243e-01
 1.264e+00  1.243e-01
 1.264e+00  1.244e-01
 1.264e+00  1.244e-01
 1.265e+00  1.245e-01
 1.266e+00  1.245e-01
 1.266e+00  1.246e-01
 1.266e+00  1.246e-01
 1.267e+00  1.247e-01
 1.268e+00  1.247e-01
 1.268e+00  1.248e-01
 1.268e+00  1.248e-01
 1.269e+00  1.249e-01
 1.270e+00  1.249e-01
 1.270e+00  1.250e-01
 1.270e+00  1.250e-01
 1.271e+00  1.251e-01
 1.272e+00  1.251e-01
 1.272e+00  1.252e-01
 1.272e+00  1.252e-01
 1.273e+00  1.253e-01
 1.274e+00  1.253e-01
 1.274e+00  1.253e-01
 1.274e+00  1.254e-01
 1.275e+00  1.254e-01
 1.276e+00  1.255e-01
 1.276e+00  1.255e-01
 1.276e+00  1.255e-01
 1.277e+00  1.256e-01
 1.278e+00  1.256e-01
 1.278e+00  1.256e-01
 1.278e+00  1.257e-01
 1.279e+00  1.257e-01
 1.280e+00  1.257e-01
 1.280e+00  1.258e-01
 1.280e+00  1.258e-01
 1.281e+00  1.258e-01
 1.282e+00  1.259e-01
 1.282e+00  1.259e-01
 1.282e+00  1.259e-01
 1.283e+00  1.259e-01
 1.284e+00  1.260e-01
 1.284e+00  1.260e-01
 1.284e+00  1.260e-01
 1.285e+00  1.260e-01
 1.286e+00  1.260e-01
 1.286e+00  1.261e-01
 1.286e+00  1.261e-01
 1.287e+00  1.261e-01
 1.288e+00  1.261e-01
 1.288e+00  1.261e-01
 1.288e+00  1.261e-01
 1.289e+00  1.262e-01
 1.290e+00  1.262e-01
 1.290e+00  1.262e-01
 1.290e+00  1.262e-01
 1.291e+00  1.262e-01
 1.292e+00  1.262e-01
 1.292e+00  1.262e-01
 1.292e+00  1.262e-01
 1.293e+00  1.262e-01
 1.294e+00  1.262e-01
 1.294e+00  1.262e-01
 1.294e+00  1.262e-01
 1.295e+00  1.262e-01
 1.296e+00  1.262e-01
 1.296e+00  1.262e-01
 1.296e+00  1.262e-01
 1.297e+00  1.262e-01
 1.298e+00  1.262e-01
 1.298e+00  1.262e-01
 1.298e+00  1.262e-01
 1.299e+00  1.262e-01
 1.300e+00  1.261e-01
 1.300e+00  1.261e-01
 1.300e+00  1.261e-01
 1.301e+00  1.261e-01
 1.302e+00  1.261e-01
 1.302e+00  1.261e-01
 1.302e+00  1.260e-01
 1.303e+00  1.260e-01
 1.304e+00  1.260e-01
 1.304e+00  1.260e-01
 1.304e+00  1.259e-01
 1.305e+00  1.259e-01
 1.306e+00  1.259e-01
 1.306e+00  1.258e-01
 1.306e+00  1.258e-01
 1.307e+00  1.258e-01
 1.308e+00  1.257e-01
 1.308e+00  1.257e-01
 1.308e+00  1.257e-01
 1.309e+00  1.256e-01
 1.310e+00  1.256e-01
 1.310e+00  1.256e-01
 1.310e+00  1.255e-01
 1.311e+00  1.255e-01
 1.312e+00  1.254e-01
 1.312e+00  1.254e-01
 1.312e+00  1.253e-01
 1.313e+00  1.253e-01
 1.314e+00  1.252e-01
 1.314e+00  1.252e-01
 1.315e+00  1.251e-01
 1.315e+00  1.251e-01
 1.316e+00  1.250e-01
 1.316e+00  1.250e-01
 1.317e+00  1.249e-01
 1.317e+00  1.248e-01
 1.318e+00  1.248e-01
 1.318e+00  1.247e-01
 1.319e+00  1.247e-01
 1.319e+00  1.246e-01
 1.320e+00  1.245e-01
 1.320e+00  1.245e-01
 1.321e+00  1.244e-01
 1.321e+00  1.243e-01
 1.322e+00  1.243e-01
 1.322e+00  1.242e-01
 1.323e+00  1.241e-01
 1.323e+00  1.241e-01
 1.324e+00  1.240e-01
 1.324e+00  1.239e-01
 1.325e+00  1.239e-01
 1.325e+00  1.238e-01
 1.326e+00  1.237e-01
 1.326e+00  1.236e-01
 1.327e+00  1.235e-01
 1.327e+00  1.235e-01
 1.328e+00  1.234e-01
 1.328e+00  1.233e-01
 1.329e+00  1.232e-01
 1.329e+00  1.231e-01
 1.330e+00  1.231e-01
 1.330e+00  1.230e-01
 1.331e+00  1.229e-01
 1.331e+00  1.228e-01
 1.332e+00  1.227e-01
 1.332e+00  1.226e-01
 1.333e+00  1.225e-01
 1.333e+00  1.225e-01
 1.334e+00  1.224e-01
 1.334e+00  1.223e-01
 1.335e+00  1.222e-01
 1.335e+00  1.221e-01
 1.336e+00  1.220e-01
 1.336e+00  1.219e-01
 1.337e+00  1.218e-01
 1.337e+00  1.217e-01
 1.338e+00  1.216e-01
 1.338e+00  1.215e-01
 1.339e+00  1.214e-01
 1.339e+00  1.213e-01
 1.340e+00  1.212e-01
 1.340e+00  1.211e-01
 1.341e+00  1.210e-01
 1.341e+00  1.209e-01
 1.342e+00  1.208e-01
 1.342e+00  1.207e-01
 1.343e+00  1.206e-01
 1.343e+00  1.205e-01
 1.344e+00  1.204e-01
 1.344e+00  1.203e-01
 1.345e+00  1.202e-01
 1.345e+00  1.201e-01
 1.345e+00  1.200e-01
 1.346e+00  1.199e-01
 1.347e+00  1.197e-01
 1.347e+00  1.196e-01
 1.347e+00  1.195e-01
 1.348e+00  1.194e-01
 1.349e+00  1.193e-01
 1.349e+00  1.192e-01
 1.349e+00  1.191e-01
 1.350e+00  1.190e-01
 1.351e+00  1.189e-01
 1.351e+00  1.187e-01
 1.351e+00  1.186e-01
 1.352e+00  1.185e-01
 1.353e+00  1.184e-01
 1.353e+00  1.183e-01
 1.353e+00  1.182e-01
 1.354e+00  1.180e-01
 1.355e+00  1.179e-01
 1.355e+00  1.178e-01
 1.355e+00  1.177e-01
 1.356e+00  1.176e-01
 1.357e+00  1.175e-01
 1.357e+00  1.173e-01
 1.357e+00  1.172e-01
 1.358e+00  1.171e-01
 1.359e+00  1.170e-01
 1.359e+00  1.169e-01
 1.359e+00  1.167e-01
 1.360e+00  1.166e-01
 1.361e+00  1.165e-01
 1.361e+00  1.164e-01
 1.361e+00  1.162e-01
 1.362e+00  1.161e-01
 1.363e+00  1.160e-01
 1.363e+00  1.159e-01
 1.363e+00  1.158e-01
 1.364e+00  1.156e-01
 1.365e+00  1.155e-01
 1.365e+00  1.154e-01
 1.365e+00  1.153e-01
 1.366e+00  1.151e-01
 1.367e+00  1.150e-01
 1.367e+00  1.149e-01
 1.367e+00  1.148e-01
 1.368e+00  1.146e-01
 1.369e+00  1.145e-01
 1.369e+00  1.144e-01
 1.369e+00  1.142e-01
 1.370e+00  1.141e-01
 1.371e+00  1.140e-01
 1.371e+00  1.139e-01
 1.371e+00  1.137e-01
 1.372e+00  1.136e-01
 1.373e+00  1.135e-01
 1.373e+00  1.134e-01
 1.373e+00  1.132e-01
 1.374e+00  1.131e-01
 1.375e+00  1.130e-01
 1.375e+00  1.128e-01
 1.375e+00  1.127e-01
 1.376e+00  1.126e-01
 1.377e+00  1.125e-01
 1.377e+00  1.123e-01
 1.377e+00  1.122e-01
 1.378e+00  1.121e-01
 1.379e+00  1.120e-01
 1.379e+00  1.118e-01
 1.379e+00  1.117e-01
 1.380e+00  1.116e-01
 1.381e+00  1.114e-01
 1.381e+00  1.113e-01
 1.381e+00  1.112e-01
 1.382e+00  1.111e-01
 1.383e+00  1.109e-01
 1.383e+00  1.108e-01
 1.383e+00  1.107e-01
 1.384e+00  1.106e-01
 1.385e+00  1.104e-01
 1.385e+00  1.103e-01
 1.385e+00  1.102e-01
 1.386e+00  1.100e-01
 1.387e+00  1.099e-01
 1.387e+00  1.098e-01
 1.387e+00  1.097e-01
 1.388e+00  1.095e-01
 1.389e+00  1.094e-01
 1.389e+00  1.093e-01
 1.389e+00  1.092e-01
 1.390e+00  1.090e-01
 1.391e+00  1.089e-01
 1.391e+00  1.088e-01
 1.391e+00  1.087e-01
 1.392e+00  1.085e-01
 1.393e+00  1.084e-01
 1.393e+00  1.083e-01
 1.393e+00  1.082e-01
 1.394e+00  1.081e-01
 1.395e+00  1.079e-01
 1.395e+00  1.078e-01
 1.395e+00  1.077e-01
 1.396e+00  1.076e-01
 1.397e+00  1.074e-01
 1.397e+00  1.073e-01
 1.397e+00  1.072e-01
 1.398e+00  1.071e-01
 1.399e+00  1.070e-01
 1.399e+00  1.068e-01
 1.399e+00  1.067e-01
 1.400e+00  1.066e-01
 1.401e+00  1.065e-01
 1.401e+00  1.064e-01
 1.401e+00  1.062e-01
 1.402e+00  1.061e-01
 1.403e+00  1.060e-01
 1.403e+00  1.059e-01
 1.403e+00  1.058e-01
 1.404e+00  1.057e-01
 1.405e+00  1.056e-01
 1.405e+00  1.054e-01
 1.405e+00  1.053e-01
 1.406e+00  1.052e-01
 1.407e+00  1.051e-01
 1.407e+00  1.050e-01
 1.407e+00  1.049e-01
 1.408e+00  1.048e-01
 1.409e+00  1.047e-01
 1.409e+00  1.046e-01
 1.409e+00  1.044e-01
 1.410e+00  1.043e-01
 1.411e+00  1.042e-01
 1.411e+00  1.041e-01
 1.411e+00  1.040e-01
 1.412e+00  1.039e-01
 1.413e+00  1.038e-01
 1.413e+00  1.037e-01
 1.413e+00  1.036e-01
 1.414e+00  1.035e-01
 1.415e+00  1.034e-01
 1.415e+00  1.033e-01
 1.415e+00  1.032e-01
 1.416e+00  1.031e-01
 1.417e+00  1.030e-01
 1.417e+00  1.029e-01
 1.417e+00  1.028e-01
 1.418e+00  1.027e-01
 1.419e+00  1.026e-01
 1.419e+00  1.026e-01
 1.419e+00  1.025e-01
 1.420e+00  1.024e-01
 1.421e+00  1.023e-01
 1.421e+00  1.022e-01
 1.421e+00  1.021e-01
 1.422e+00  1.020e-01
 1.423e+00  1.020e-01
 1.423e+00  1.019e-01
 1.423e+00  1.018e-01
 1.424e+00  1.017e-01
 1.425e+00  1.016e-01
 1.425e+00  1.016e-01
 1.425e+00  1.015e-01
 1.426e+00  1.014e-01
 1.427e+00  1.013e-01
 1.427e+00  1.013e-01
 1.427e+00  1.012e-01
 1.428e+00  1.011e-01
 1.429e+00  1.011e-01
 1.429e+00  1.010e-01
 1.429e+00  1.009e-01
 1.430e+00  1.009e-01
 1.431e+00  1.008e-01
 1.431e+00  1.007e-01
 1.431e+00  1.007e-01
 1.432e+00  1.006e-01
 1.433e+00  1.006e-01
 1.433e+00  1.005e-01
 1.433e+00  1.005e-01
 1.434e+00  1.004e-01
 1.435e+00  1.004e-01
 1.435e+00  1.003e-01
 1.435e+00  1.003e-01
 1.436e+00  1.002e-01
 1.437e+00  1.002e-01
 1.437e+00  1.001e-01
 1.438e+00  1.001e-01
 1.438e+00  1.001e-01
 1.439e+00  1.000e-01
 1.439e+00  9.998e-02
 1.440e+00  9.995e-02
 1.440e+00  9.992e-02
 1.441e+00  9.989e-02
 1.441e+00  9.986e-02
 1.442e+00  9.983e-02
 1.442e+00  9.981e-02
 1.443e+00  9.979e-02
 1.443e+00  9.977e-02
 1.444e+00  9.975e-02
 1.444e+00  9.973e-02
 1.445e+00  9.972e-02
 1.445e+00  9.971e-02
 1.446e+00  9.970e-02
 1.446e+00  9.969e-02
 1.447e+00  9.968e-02
 1.447e+00  9.968e-02
 1.448e+00  9.968e-02
 1.448e+00  9.968e-02
 1.449e+00  9.968e-02
 1.449e+00  9.968e-02
 1.450e+00  9.969e-02
 1.450e+00  9.970e-02
 1.451e+00  9.971e-02
 1.451e+00  9.972e-02
 1.452e+00  9.974e-02
 1.452e+00  9.975e-02
 1.453e+00  9.977e-02
 1.453e+00  9.980e-02
 1.454e+00  9.982e-02
 1.454e+00  9.985e-02
 1.455e+00  9.988e-02
 1.455e+00  9.991e-02
 1.456e+00  9.994e-02
 1.456e+00  9.998e-02
 1.457e+00  1.000e-01
 1.457e+00  1.001e-01
 1.458e+00  1.001e-01
 1.458e+00  1.001e-01
 1.459e+00  1.002e-01
 1.459e+00  1.002e-01
 1.460e+00  1.003e-01
 1.460e+00  1.004e-01
 1.461e+00  1.004e-01
 1.461e+00  1.005e-01
 1.462e+00  1.005e-01
 1.462e+00  1.006e-01
 1.463e+00  1.007e-01
 1.463e+00  1.008e-01
 1.464e+00  1.008e-01
 1.464e+00  1.009e-01
 1.465e+00  1.010e-01
 1.465e+00  1.011e-01
 1.466e+00  1.012e-01
 1.466e+00  1.012e-01
 1.467e+00  1.013e-01
 1.467e+00  1.014e-01
 1.468e+00  1.015e-01
 1.468e+00  1.016e-01
 1.469e+00  1.017e-01
 1.469e+00  1.018e-01
 1.470e+00  1.020e-01
 1.470e+00  1.021e-01
 1.471e+00  1.022e-01
 1.471e+00  1.023e-01
 1.472e+00  1.024e-01
 1.472e+00  1.026e-01
 1.472e+00  1.027e-01
 1.473e+00  1.028e-01
 1.474e+00  1.030e-01
 1.474e+00  1.031e-01
 1.474e+00  1.032e-01
 1.475e+00  1.034e-01
 1.476e+00  1.035e-01
 1.476e+00  1.037e-01
 1.476e+00  1.038e-01
 1.477e+00  1.040e-01
 1.478e+00  1.042e-01
 1.478e+00  1.043e-01
 1.478e+00  1.045e-01
 1.479e+00  1.047e-01
 1.480e+00  1.049e-01
 1.480e+00  1.050e-01
 1.480e+00  1.052e-01
 1.481e+00  1.054e-01
 1.482e+00  1.056e-01
 1.482e+00  1.058e-01
 1.482e+00  1.060e-01
 1.483e+00  1.062e-01
 1.484e+00  1.064e-01
 1.484e+00  1.066e-01
 1.484e+00  1.068e-01
 1.485e+00  1.071e-01
 1.486e+00  1.073e-01
 1.486e+00  1.075e-01
 1.486e+00  1.077e-01
 1.487e+00  1.080e-01
 1.488e+00  1.082e-01
 1.488e+00  1.085e-01
 1.488e+00  1.087e-01
 1.489e+00  1.090e-01
 1.490e+00  1.092e-01
 1.490e+00  1.095e-01
 1.490e+00  1.098e-01
 1.491e+00  1.100e-01
 1.492e+00  1.103e-01
 1.492e+00  1.106e-01
 1.492e+00  1.109e-01
 1.493e+00  1.112e-01
 1.494e+00  1.115e-01
 1.494e+00  1.118e-01
 1.494e+00  1.121e-01
 1.495e+00  1.124e-01
 1.496e+00  1.127e-01
 1.496e+00  1.130e-01
 1.496e+00  1.133e-01
 1.497e+00  1.136e-01
 1.498e+00  1.140e-01
 1.498e+00  1.143e-01
 1.498e+00  1.147e-01
 1.499e+00  1.150e-01
 1.500e+00  1.154e-01
 1.500e+00  1.157e-01
 1.500e+00  1.160e-01
 1.501e+00  1.163e-01
 1.502e+00  1.165e-01
 1.502e+00  1.168e-01
 1.502e+00  1.171e-01
 1.503e+00  1.174e-01
 1.504e+00  1.177e-01
 1.504e+00  1.180e-01
 1.504e+00  1.183e-01
 1.505e+00  1.186e-01
 1.506e+00  1.189e-01
 1.506e+00  1.193e-01
 1.506e+00  1.196e-01
 1.507e+00  1.199e-01
 1.508e+00  1.202e-01
 1.508e+00  1.206e-01
 1.508e+00  1.209e-01
 1.509e+00  1.212e-01
 1.510e+00  1.216e-01
 1.510e+00  1.219e-01
 1.510e+00  1.223e-01
 1.511e+00  1.226e-01
 1.512e+00  1.230e-01
 1.512e+00  1.234e-01
 1.512e+00  1.237e-01
 1.513e+00  1.241e-01
 1.514e+00  1.245e-01
 1.514e+00  1.249e-01
 1.514e+00  1.253e-01
 1.515e+00  1.256e-01
 1.516e+00  1.260e-01
 1.516e+00  1.264e-01
 1.516e+00  1.268e-01
 1.517e+00  1.272e-01
 1.518e+00  1.276e-01
 1.518e+00  1.280e-01
 1.518e+00  1.284e-01
 1.519e+00  1.288e-01
 1.520e+00  1.292e-01
 1.520e+00  1.297e-01
 1.520e+00  1.301e-01
 1.521e+00  1.305e-01
 1.522e+00  1.309e-01
 1.522e+00  1.314e-01
 1.522e+00  1.318e-01
 1.523e+00  1.322e-01
 1.524e+00  1.327e-01
 1.524e+00  1.331e-01
 1.524e+00  1.335e-01
 1.525e+00  1.340e-01
 1.526e+00  1.344e-01
 1.526e+00  1.349e-01
 1.526e+00  1.353e-01
 1.527e+00  1.358e-01
 1.528e+00  1.362e-01
 1.528e+00  1.367e-01
 1.528e+00  1.371e-01
 1.529e+00  1.376e-01
 1.530e+00  1.380e-01
 1.530e+00  1.385e-01
 1.530e+00  1.390e-01
 1.531e+00  1.394e-01
 1.532e+00  1.399e-01
 1.532e+00  1.404e-01
 1.532e+00  1.408e-01
 1.533e+00  1.413e-01
 1.534e+00  1.418e-01
 1.534e+00  1.423e-01
 1.534e+00  1.427e-01
 1.535e+00  1.432e-01
 1.536e+00  1.437e-01
 1.536e+00  1.442e-01
 1.536e+00  1.447e-01
 1.537e+00  1.451e-01
 1.538e+00  1.456e-01
 1.538e+00  1.461e-01
 1.538e+00  1.466e-01
 1.539e+00  1.471e-01
 1.540e+00  1.476e-01
 1.540e+00  1.480e-01
 1.540e+00  1.485e-01
 1.541e+00  1.490e-01
 1.542e+00  1.495e-01
 1.542e+00  1.500e-01
 1.542e+00  1.505e-01
 1.543e+00  1.510e-01
 1.544e+00  1.515e-01
 1.544e+00  1.519e-01
 1.544e+00  1.524e-01
 1.545e+00  1.529e-01
 1.546e+00  1.534e-01
 1.546e+00  1.539e-01
 1.546e+00  1.544e-01
 1.547e+00  1.549e-01
 1.548e+00  1.553e-01
 1.548e+00  1.558e-01
 1.548e+00  1.563e-01
 1.549e+00  1.568e-01
 1.550e+00  1.573e-01
 1.550e+00  1.578e-01
 1.550e+00  1.582e-01
 1.551e+00  1.587e-01
 1.552e+00  1.592e-01
 1.552e+00  1.597e-01
 1.552e+00  1.602e-01
 1.553e+00  1.606e-01
 1.554e+00  1.611e-01
 1.554e+00  1.616e-01
 1.554e+00  1.620e-01
 1.555e+00  1.625e-01
 1.556e+00  1.630e-01
 1.556e+00  1.634e-01
 1.556e+00  1.639e-01
 1.557e+00  1.644e-01
 1.558e+00  1.648e-01
 1.558e+00  1.653e-01
 1.558e+00  1.657e-01
 1.559e+00  1.662e-01
 1.560e+00  1.666e-01
 1.560e+00  1.671e-01
 1.560e+00  1.675e-01
 1.561e+00  1.680e-01
 1.562e+00  1.684e-01
 1.562e+00  1.689e-01
 1.562e+00  1.693e-01
 1.563e+00  1.697e-01
 1.564e+00  1.702e-01
 1.564e+00  1.706e-01
 1.565e+00  1.710e-01
 1.565e+00  1.714e-01
 1.566e+00  1.718e-01
 1.566e+00  1.722e-01
 1.567e+00  1.727e-01
 1.567e+00  1.731e-01
 1.568e+00  1.735e-01
 1.568e+00  1.739e-01
 1.569e+00  1.742e-01
 1.569e+00  1.746e-01
 1.570e+00  1.750e-01
 1.570e+00  1.754e-01
 1.571e+00  1.758e-01
 1.571e+00  1.762e-01
 1.572e+00  1.765e-01
 1.572e+00  1.769e-01
 1.573e+00  1.772e-01
 1.573e+00  1.776e-01
 1.574e+00  1.779e-01
 1.574e+00  1.783e-01
 1.575e+00  1.786e-01
 1.575e+00  1.790e-01
 1.576e+00  1.793e-01
 1.576e+00  1.796e-01
 1.577e+00  1.799e-01
 1.577e+00  1.803e-01
 1.578e+00  1.806e-01
 1.578e+00  1.809e-01
 1.579e+00  1.812e-01
 1.579e+00  1.815e-01
 1.580e+00  1.817e-01
 1.580e+00  1.820e-01
 1.581e+00  1.823e-01
 1.581e+00  1.826e-01
 1.582e+00  1.828e-01
 1.582e+00  1.831e-01
 1.583e+00  1.833e-01
 1.583e+00  1.836e-01
 1.584e+00  1.838e-01
 1.584e+00  1.840e-01
 1.585e+00  1.843e-01
 1.585e+00  1.845e-01
 1.586e+00  1.847e-01
 1.586e+00  1.849e-01
 1.587e+00  1.851e-01
 1.587e+00  1.853e-01
 1.588e+00  1.855e-01
 1.588e+00  1.856e-01
 1.589e+00  1.858e-01
 1.589e+00  1.860e-01
 1.590e+00  1.861e-01
 1.590e+00  1.863e-01
 1.591e+00  1.864e-01
 1.591e+00  1.865e-01
 1.592e+00  1.867e-01
 1.592e+00  1.868e-01
 1.593e+00  1.869e-01
 1.593e+00  1.870e-01
 1.594e+00  1.871e-01
 1.594e+00  1.871e-01
 1.595e+00  1.872e-01
 1.595e+00  1.873e-01
 1.596e+00  1.873e-01
 1.596e+00  1.874e-01
 1.597e+00  1.874e-01
 1.597e+00  1.874e-01
 1.598e+00  1.875e-01
 1.598e+00  1.875e-01
 1.599e+00  1.875e-01
 1.599e+00  1.875e-01
 1.600e+00  1.875e-01
 1.600e+00  1.874e-01
 1.601e+00  1.874e-01
 1.601e+00  1.874e-01
 1.601e+00  1.873e-01
 1.602e+00  1.873e-01
 1.603e+00  1.872e-01
 1.603e+00  1.871e-01
 1.603e+00  1.870e-01
 1.604e+00  1.869e-01
 1.605e+00  1.868e-01
 1.605e+00  1.867e-01
 1.605e+00  1.866e-01
 1.606e+00  1.865e-01
 1.607e+00  1.863e-01
 1.607e+00  1.862e-01
 1.607e+00  1.860e-01
 1.608e+00  1.859e-01
 1.609e+00  1.857e-01
 1.609e+00  1.855e-01
 1.609e+00  1.853e-01
 1.610e+00  1.851e-01
 1.611e+00  1.849e-01
 1.611e+00  1.847e-01
 1.611e+00  1.845e-01
 1.612e+00  1.843e-01
 1.613e+00  1.840e-01
 1.613e+00  1.838e-01
 1.613e+00  1.835e-01
 1.614e+00  1.833e-01
 1.615e+00  1.830e-01
 1.615e+00  1.828e-01
 1.615e+00  1.825e-01
 1.616e+00  1.822e-01
 1.617e+00  1.819e-01
 1.617e+00  1.816e-01
 1.617e+00  1.813e-01
 1.618e+00  1.810e-01
 1.619e+00  1.807e-01
 1.619e+00  1.803e-01
 1.619e+00  1.800e-01
 1.620e+00  1.797e-01
 1.621e+00  1.793e-01
 1.621e+00  1.790e-01
 1.621e+00  1.786e-01
 1.622e+00  1.783e-01
 1.623e+00  1.779e-01
 1.623e+00  1.775e-01
 1.623e+00  1.771e-01
 1.624e+00  1.768e-01
 1.625e+00  1.764e-01
 1.625e+00  1.760e-01
 1.625e+00  1.756e-01
 1.626e+00  1.752e-01
 1.627e+00  1.747e-01
 1.627e+00  1.743e-01
 1.627e+00  1.739e-01
 1.628e+00  1.735e-01
 1.629e+00  1.730e-01
 1.629e+00  1.726e-01
 1.629e+00  1.722e-01
 1.630e+00  1.717e-01
 1.631e+00  1.713e-01
 1.631e+00  1.708e-01
 1.631e+00  1.703e-01
 1.632e+00  1.699e-01
 1.633e+00  1.694e-01
 1.633e+00  1.689e-01
 1.633e+00  1.684e-01
 1.634e+00  1.680e-01
 1.635e+00  1.675e-01
 1.635e+00  1.670e-01
 1.635e+00  1.665e-01
 1.636e+00  1.660e-01
 1.637e+00  1.655e-01
 1.637e+00  1.650e-01
 1.637e+00  1.645e-01
 1.638e+00  1.639e-01
 1.639e+00  1.634e-01
 1.639e+00  1.629e-01
 1.639e+00  1.624e-01
 1.640e+00  1.619e-01
 1.641e+00  1.613e-01
 1.641e+00  1.608e-01
 1.641e+00  1.603e-01
 1.642e+00  1.597e-01
 1.643e+00  1.592e-01
 1.643e+00  1.586e-01
 1.643e+00  1.581e-01
 1.644e+00  1.575e-01
 1.645e+00  1.570e-01
 1.645e+00  1.564e-01
 1.645e+00  1.559e-01
 1.646e+00  1.553e-01
 1.647e+00  1.547e-01
 1.647e+00  1.542e-01
 1.647e+00  1.536e-01
 1.648e+00  1.530e-01
 1.649e+00  1.525e-01
 1.649e+00  1.519e-01
 1.649e+00  1.513e-01
 1.650e+00  1.507e-01
 1.651e+00  1.502e-01
 1.651e+00  1.496e-01
 1.651e+00  1.490e-01
 1.652e+00  1.484e-01
 1.653e+00  1.478e-01
 1.653e+00  1.472e-01
 1.653e+00  1.467e-01
 1.654e+00  1.461e-01
 1.655e+00  1.455e-01
 1.655e+00  1.449e-01
 1.655e+00  1.443e-01
 1.656e+00  1.437e-01
 1.657e+00  1.431e-01
 1.657e+00  1.425e-01
 1.657e+00  1.419e-01
 1.658e+00  1.413e-01
 1.659e+00  1.407e-01
 1.659e+00  1.401e-01
 1.659e+00  1.395e-01
 1.660e+00  1.389e-01
 1.661e+00  1.383e-01
 1.661e+00  1.377e-01
 1.661e+00  1.371e-01
 1.662e+00  1.365e-01
 1.663e+00  1.360e-01
 1.663e+00  1.354e-01
 1.663e+00  1.348e-01
 1.664e+00  1.342e-01
 1.665e+00  1.336e-01
 1.665e+00  1.330e-01
 1.665e+00  1.324e-01
 1.666e+00  1.318e-01
 1.667e+00  1.312e-01
 1.667e+00  1.306e-01
 1.667e+00  1.300e-01
 1.668e+00  1.294e-01
 1.669e+00  1.288e-01
 1.669e+00  1.282e-01
 1.669e+00  1.276e-01
 1.670e+00  1.270e-01
 1.671e+00  1.264e-01
 1.671e+00  1.258e-01
 1.671e+00  1.252e-01
 1.672e+00  1.246e-01
 1.673e+00  1.241e-01
 1.673e+00  1.235e-01
 1.673e+00  1.229e-01
 1.674e+00  1.223e-01
 1.675e+00  1.217e-01
 1.675e+00  1.211e-01
 1.675e+00  1.206e-01
 1.676e+00  1.200e-01
 1.677e+00  1.194e-01
 1.677e+00  1.188e-01
 1.677e+00  1.182e-01
 1.678e+00  1.177e-01
 1.679e+00  1.171e-01
 1.679e+00  1.165e-01
 1.679e+00  1.160e-01
 1.680e+00  1.154e-01
 1.681e+00  1.148e-01
 1.681e+00  1.143e-01
 1.681e+00  1.137e-01
 1.682e+00  1.132e-01
 1.683e+00  1.126e-01
 1.683e+00  1.120e-01
 1.683e+00  1.115e-01
 1.684e+00  1.109e-01
 1.685e+00  1.104e-01
 1.685e+00  1.098e-01
 1.685e+00  1.093e-01
 1.686e+00  1.088e-01
 1.687e+00  1.082e-01
 1.687e+00  1.077e-01
 1.688e+00  1.072e-01
 1.688e+00  1.066e-01
 1.689e+00  1.061e-01
 1.689e+00  1.056e-01
 1.690e+00  1.050e-01
 1.690e+00  1.045e-01
 1.691e+00  1.040e-01
 1.691e+00  1.035e-01
 1.692e+00  1.030e-01
 1.692e+00  1.025e-01
 1.693e+00  1.020e-01
 1.693e+00  1.014e-01
 1.694e+00  1.009e-01
 1.694e+00  1.004e-01
 1.695e+00  9.995e-02
 1.695e+00  9.946e-02
 1.696e+00  9.896e-02
 1.696e+00  9.848e-02
 1.697e+00  9.799e-02
 1.697e+00  9.751e-02
 1.698e+00  9.703e-02
 1.698e+00  9.656e-02
 1.699e+00  9.608e-02
 1.699e+00  9.561e-02
 1.700e+00  9.515e-02
 1.700e+00  9.469e-02
 1.701e+00  9.423e-02
 1.701e+00  9.377e-02
 1.702e+00  9.332e-02
 1.702e+00  9.287e-02
 1.703e+00  9.242e-02
 1.703e+00  9.198e-02
 1.704e+00  9.154e-02
 1.704e+00  9.110e-02
 1.705e+00  9.067e-02
 1.705e+00  9.023e-02
 1.706e+00  8.981e-02
 1.706e+00  8.938e-02
 1.707e+00  8.896e-02
 1.707e+00  8.854e-02
 1.708e+00  8.813e-02
 1.708e+00  8.771e-02
 1.709e+00  8.730e-02
 1.709e+00  8.690e-02
 1.710e+00  8.649e-02
 1.710e+00  8.609e-02
 1.711e+00  8.569e-02
 1.711e+00  8.530e-02
 1.712e+00  8.491e-02
 1.712e+00  8.452e-02
 1.713e+00  8.413e-02
 1.713e+00  8.375e-02
 1.714e+00  8.337e-02
 1.714e+00  8.299e-02
 1.715e+00  8.261e-02
 1.715e+00  8.224e-02
 1.716e+00  8.187e-02
 1.716e+00  8.151e-02
 1.717e+00  8.114e-02
 1.717e+00  8.078e-02
 1.718e+00  8.042e-02
 1.718e+00  8.007e-02
 1.719e+00  7.971e-02
 1.719e+00  7.936e-02
 1.720e+00  7.901e-02
 1.720e+00  7.867e-02
 1.721e+00  7.833e-02
 1.721e+00  7.799e-02
 1.722e+00  7.765e-02
 1.722e+00  7.731e-02
 1.723e+00  7.698e-02
 1.723e+00  7.665e-02
 1.724e+00  7.632e-02
 1.724e+00  7.600e-02
 1.725e+00  7.568e-02
 1.725e+00  7.536e-02
 1.726e+00  7.504e-02
 1.726e+00  7.472e-02
 1.727e+00  7.441e-02
 1.727e+00  7.410e-02
 1.728e+00  7.379e-02
 1.728e+00  7.349e-02
 1.728e+00  7.319e-02
 1.729e+00  7.289e-02
 1.730e+00  7.259e-02
 1.730e+00  7.229e-02
 1.730e+00  7.200e-02
 1.731e+00  7.171e-02
 1.732e+00  7.142e-02
 1.732e+00  7.113e-02
 1.732e+00  7.085e-02
 1.733e+00  7.057e-02
 1.734e+00  7.029e-02
 1.734e+00  7.001e-02
 1.734e+00  6.973e-02
 1.735e+00  6.946e-02
 1.736e+00  6.919e-02
 1.736e+00  6.892e-02
 1.736e+00  6.866e-02
 1.737e+00  6.839e-02
 1.738e+00  6.813e-02
 1.738e+00  6.787e-02
 1.738e+00  6.761e-02
 1.739e+00  6.736e-02
 1.740e+00  6.710e-02
 1.740e+00  6.685e-02
 1.740e+00  6.660e-02
 1.741e+00  6.636e-02
 1.742e+00  6.611e-02
 1.742e+00  6.587e-02
 1.742e+00  6.563e-02
 1.743e+00  6.539e-02
 1.744e+00  6.515e-02
 1.744e+00  6.492e-02
 1.744e+00  6.469e-02
 1.745e+00  6.446e-02
 1.746e+00  6.423e-02
 1.746e+00  6.400e-02
 1.746e+00  6.378e-02
 1.747e+00  6.355e-02
 1.748e+00  6.333e-02
 1.748e+00  6.311e-02
 1.748e+00  6.290e-02
 1.749e+00  6.268e-02
 1.750e+00  6.247e-02
 1.750e+00  6.226e-02
 1.750e+00  6.205e-02
 1.751e+00  6.184e-02
 1.752e+00  6.164e-02
 1.752e+00  6.143e-02
 1.752e+00  6.123e-02
 1.753e+00  6.103e-02
 1.754e+00  6.083e-02
 1.754e+00  6.064e-02
 1.754e+00  6.044e-02
 1.755e+00  6.025e-02
 1.756e+00  6.006e-02
 1.756e+00  5.987e-02
 1.756e+00  5.968e-02
 1.757e+00  5.950e-02
 1.758e+00  5.931e-02
 1.758e+00  5.913e-02
 1.758e+00  5.895e-02
 1.759e+00  5.877e-02
 1.760e+00  5.860e-02
 1.760e+00  5.842e-02
 1.760e+00  5.825e-02
 1.761e+00  5.808e-02
 1.762e+00  5.791e-02
 1.762e+00  5.774e-02
 1.762e+00  5.757e-02
 1.763e+00  5.741e-02
 1.764e+00  5.725e-02
 1.764e+00  5.708e-02
 1.764e+00  5.693e-02
 1.765e+00  5.677e-02
 1.766e+00  5.661e-02
 1.766e+00  5.646e-02
 1.766e+00  5.630e-02
 1.767e+00  5.615e-02
 1.768e+00  5.600e-02
 1.768e+00  5.585e-02
 1.768e+00  5.571e-02
 1.769e+00  5.556e-02
 1.770e+00  5.542e-02
 1.770e+00  5.527e-02
 1.770e+00  5.513e-02
 1.771e+00  5.500e-02
 1.772e+00  5.486e-02
 1.772e+00  5.472e-02
 1.772e+00  5.459e-02
 1.773e+00  5.445e-02
 1.774e+00  5.432e-02
 1.774e+00  5.419e-02
 1.774e+00  5.407e-02
 1.775e+00  5.394e-02
 1.776e+00  5.381e-02
 1.776e+00  5.369e-02
 1.776e+00  5.357e-02
 1.777e+00  5.345e-02
 1.778e+00  5.333e-02
 1.778e+00  5.321e-02
 1.778e+00  5.309e-02
 1.779e+00  5.298e-02
 1.780e+00  5.286e-02
 1.780e+00  5.275e-02
 1.780e+00  5.264e-02
 1.781e+00  5.253e-02
 1.782e+00  5.242e-02
 1.782e+00  5.232e-02
 1.782e+00  5.221e-02
 1.783e+00  5.211e-02
 1.784e+00  5.201e-02
 1.784e+00  5.191e-02
 1.784e+00  5.181e-02
 1.785e+00  5.171e-02
 1.786e+00  5.161e-02
 1.786e+00  5.152e-02
 1.786e+00  5.142e-02
 1.787e+00  5.133e-02
 1.788e+00  5.124e-02
 1.788e+00  5.115e-02
 1.788e+00  5.106e-02
 1.789e+00  5.097e-02
 1.790e+00  5.089e-02
 1.790e+00  5.080e-02
 1.790e+00  5.072e-02
 1.791e+00  5.064e-02
 1.792e+00  5.056e-02
 1.792e+00  5.048e-02
 1.792e+00  5.040e-02
 1.793e+00  5.032e-02
 1.794e+00  5.025e-02
 1.794e+00  5.017e-02
 1.794e+00  5.010e-02
 1.795e+00  5.003e-02
 1.796e+00  4.996e-02
 1.796e+00  4.989e-02
 1.796e+00  4.982e-02
 1.797e+00  4.976e-02
 1.798e+00  4.969e-02
 1.798e+00  4.963e-02
 1.798e+00  4.956e-02
 1.799e+00  4.950e-02
 1.800e+00  4.944e-02
 1.800e+00  4.938e-02
 1.800e+00  4.933e-02
 1.801e+00  4.927e-02
 1.802e+00  4.921e-02
 1.802e+00  4.916e-02
 1.802e+00  4.911e-02
 1.803e+00  4.906e-02
 1.804e+00  4.901e-02
 1.804e+00  4.896e-02
 1.804e+00  4.891e-02
 1.805e+00  4.886e-02
 1.806e+00  4.881e-02
 1.806e+00  4.877e-02
 1.806e+00  4.873e-02
 1.807e+00  4.868e-02
 1.808e+00  4.864e-02
 1.808e+00  4.860e-02
 1.808e+00  4.856e-02
 1.809e+00  4.852e-02
 1.810e+00  4.848e-02
 1.810e+00  4.845e-02
 1.810e+00  4.841e-02
 1.811e+00  4.838e-02
 1.812e+00  4.834e-02
 1.812e+00  4.831e-02
 1.812e+00  4.828e-02
 1.813e+00  4.825e-02
 1.814e+00  4.822e-02
 1.814e+00  4.819e-02
 1.815e+00  4.816e-02
 1.815e+00  4.813e-02
 1.816e+00  4.810e-02
 1.816e+00  4.808e-02
 1.817e+00  4.805e-02
 1.817e+00  4.803e-02
 1.818e+00  4.801e-02
 1.818e+00  4.798e-02
 1.819e+00  4.796e-02
 1.819e+00  4.794e-02
 1.820e+00  4.792e-02
 1.820e+00  4.790e-02
 1.821e+00  4.788e-02
 1.821e+00  4.786e-02
 1.822e+00  4.784e-02
 1.822e+00  4.783e-02
 1.823e+00  4.781e-02
 1.823e+00  4.780e-02
 1.824e+00  4.778e-02
 1.824e+00  4.777e-02
 1.825e+00  4.775e-02
 1.825e+00  4.774e-02
 1.826e+00  4.773e-02
 1.826e+00  4.772e-02
 1.827e+00  4.770e-02
 1.827e+00  4.769e-02
 1.828e+00  4.768e-02
 1.828e+00  4.767e-02
 1.829e+00  4.766e-02
 1.829e+00  4.766e-02
 1.830e+00  4.765e-02
 1.830e+00  4.764e-02
 1.831e+00  4.763e-02
 1.831e+00  4.763e-02
 1.832e+00  4.762e-02
 1.832e+00  4.761e-02
 1.833e+00  4.761e-02
 1.833e+00  4.760e-02
 1.834e+00  4.760e-02
 1.834e+00  4.760e-02
 1.835e+00  4.759e-02
 1.835e+00  4.759e-02
 1.836e+00  4.759e-02
 1.836e+00  4.758e-02
 1.837e+00  4.758e-02
 1.837e+00  4.758e-02
 1.838e+00  4.758e-02
 1.838e+00  4.758e-02
 1.839e+00  4.757e-02
 1.839e+00  4.757e-02
 1.840e+00  4.757e-02
 1.840e+00  4.757e-02
 1.841e+00  4.757e-02
 1.841e+00  4.757e-02
 1.842e+00  4.757e-02
 1.842e+00  4.757e-02
 1.843e+00  4.757e-02
 1.843e+00  4.758e-02
 1.844e+00  4.758e-02
 1.844e+00  4.758e-02
 1.845e+00  4.758e-02
 1.845e+00  4.758e-02
 1.846e+00  4.758e-02
 1.846e+00  4.759e-02
 1.847e+00  4.759e-02
 1.847e+00  4.759e-02
 1.848e+00  4.759e-02
 1.848e+00  4.759e-02
 1.849e+00  4.760e-02
 1.849e+00  4.760e-02
 1.850e+00  4.760e-02
 1.850e+00  4.760e-02
 1.851e+00  4.761e-02
 1.851e+00  4.761e-02
 1.852e+00  4.761e-02
 1.852e+00  4.761e-02
 1.853e+00  4.762e-02
 1.853e+00  4.762e-02
 1.854e+00  4.762e-02
 1.854e+00  4.762e-02
 1.855e+00  4.762e-02
 1.855e+00  4.763e-02
 1.856e+00  4.763e-02
 1.856e+00  4.763e-02
 1.857e+00  4.763e-02
 1.857e+00  4.763e-02
 1.857e+00  4.763e-02
 1.858e+00  4.764e-02
 1.859e+00  4.764e-02
 1.859e+00  4.764e-02
 1.859e+00  4.764e-02
 1.860e+00  4.764e-02
 1.861e+00  4.764e-02
 1.861e+00  4.764e-02
 1.861e+00  4.764e-02
 1.862e+00  4.764e-02
 1.863e+00  4.764e-02
 1.863e+00  4.764e-02
 1.863e+00  4.764e-02
 1.864e+00  4.763e-02
 1.865e+00  4.763e-02
 1.865e+00  4.763e-02
 1.865e+00  4.763e-02
 1.866e+00  4.762e-02
 1.867e+00  4.762e-02
 1.867e+00  4.762e-02
 1.867e+00  4.761e-02
 1.868e+00  4.761e-02
 1.869e+00  4.760e-02
 1.869e+00  4.760e-02
 1.869e+00  4.759e-02
 1.870e+00  4.759e-02
 1.871e+00  4.758e-02
 1.871e+00  4.757e-02
 1.871e+00  4.757e-02
 1.872e+00  4.756e-02
 1.873e+00  4.755e-02
 1.873e+00  4.754e-02
 1.873e+00  4.753e-02
 1.874e+00  4.752e-02
 1.875e+00  4.751e-02
 1.875e+00  4.750e-02
 1.875e+00  4.749e-02
 1.876e+00  4.747e-02
 1.877e+00  4.746e-02
 1.877e+00  4.745e-02
 1.877e+00  4.743e-02
 1.878e+00  4.742e-02
 1.879e+00  4.740e-02
 1.879e+00  4.739e-02
 1.879e+00  4.737e-02
 1.880e+00  4.735e-02
 1.881e+00  4.733e-02
 1.881e+00  4.731e-02
 1.881e+00  4.729e-02
 1.882e+00  4.727e-02
 1.883e+00  4.725e-02
 1.883e+00  4.723e-02
 1.883e+00  4.721e-02
 1.884e+00  4.719e-02
 1.885e+00  4.716e-02
 1.885e+00  4.714e-02
 1.885e+00  4.711e-02
 1.886e+00  4.708e-02
 1.887e+00  4.706e-02
 1.887e+00  4.703e-02
 1.887e+00  4.700e-02
 1.888e+00  4.697e-02
 1.889e+00  4.694e-02
 1.889e+00  4.691e-02
 1.889e+00  4.688e-02
 1.890e+00  4.684e-02
 1.891e+00  4.681e-02
 1.891e+00  4.677e-02
 1.891e+00  4.674e-02
 1.892e+00  4.670e-02
 1.893e+00  4.666e-02
 1.893e+00  4.662e-02
 1.893e+00  4.658e-02
 1.894e+00  4.654e-02
 1.895e+00  4.650e-02
 1.895e+00  4.646e-02
 1.895e+00  4.641e-02
 1.896e+00  4.637e-02
 1.897e+00  4.632e-02
 1.897e+00  4.628e-02
 1.897e+00  4.623e-02
 1.898e+00  4.618e-02
 1.899e+00  4.613e-02
 1.899e+00  4.608e-02
 1.899e+00  4.603e-02
 1.900e+00  4.597e-02
 1.901e+00  4.592e-02
 1.901e+00  4.586e-02
 1.901e+00  4.581e-02
 1.902e+00  4.575e-02
 1.903e+00  4.569e-02
 1.903e+00  4.563e-02
 1.903e+00  4.557e-02
 1.904e+00  4.551e-02
 1.905e+00  4.544e-02
 1.905e+00  4.538e-02
 1.905e+00  4.531e-02
 1.906e+00  4.524e-02
 1.907e+00  4.518e-02
 1.907e+00  4.511e-02
 1.907e+00  4.504e-02
 1.908e+00  4.496e-02
 1.909e+00  4.489e-02
 1.909e+00  4.482e-02
 1.909e+00  4.474e-02
 1.910e+00  4.466e-02
 1.911e+00  4.458e-02
 1.911e+00  4.450e-02
 1.911e+00  4.442e-02
 1.912e+00  4.434e-02
 1.913e+00  4.426e-02
 1.913e+00  4.417e-02
 1.913e+00  4.409e-02
 1.914e+00  4.400e-02
 1.915e+00  4.391e-02
 1.915e+00  4.382e-02
 1.915e+00  4.373e-02
 1.916e+00  4.363e-02
 1.917e+00  4.354e-02
 1.917e+00  4.344e-02
 1.917e+00  4.335e-02
 1.918e+00  4.325e-02
 1.919e+00  4.315e-02
 1.919e+00  4.305e-02
 1.919e+00  4.294e-02
 1.920e+00  4.284e-02
 1.921e+00  4.274e-02
 1.921e+00  4.263e-02
 1.921e+00  4.252e-02
 1.922e+00  4.241e-02
 1.923e+00  4.230e-02
 1.923e+00  4.219e-02
 1.923e+00  4.207e-02
 1.924e+00  4.196e-02
 1.925e+00  4.184e-02
 1.925e+00  4.172e-02
 1.925e+00  4.160e-02
 1.926e+00  4.148e-02
 1.927e+00  4.136e-02
 1.927e+00  4.123e-02
 1.927e+00  4.111e-02
 1.928e+00  4.098e-02
 1.929e+00  4.085e-02
 1.929e+00  4.072e-02
 1.929e+00  4.059e-02
 1.930e+00  4.046e-02
 1.931e+00  4.032e-02
 1.931e+00  4.018e-02
 1.931e+00  4.005e-02
 1.932e+00  3.991e-02
 1.933e+00  3.977e-02
 1.933e+00  3.962e-02
 1.933e+00  3.948e-02
 1.934e+00  3.934e-02
 1.935e+00  3.919e-02
 1.935e+00  3.904e-02
 1.935e+00  3.889e-02
 1.936e+00  3.874e-02
 1.937e+00  3.859e-02
 1.937e+00  3.843e-02
 1.938e+00  3.828e-02
 1.938e+00  3.812e-02
 1.939e+00  3.796e-02
 1.939e+00  3.780e-02
 1.940e+00  3.764e-02
 1.940e+00  3.748e-02
 1.941e+00  3.731e-02
 1.941e+00  3.714e-02
 1.942e+00  3.698e-02
 1.942e+00  3.681e-02
 1.943e+00  3.664e-02
 1.943e+00  3.646e-02
 1.944e+00  3.629e-02
 1.944e+00  3.612e-02
 1.945e+00  3.594e-02
 1.945e+00  3.576e-02
 1.946e+00  3.558e-02
 1.946e+00  3.540e-02
 1.947e+00  3.522e-02
 1.947e+00  3.503e-02
 1.948e+00  3.485e-02
 1.948e+00  3.466e-02
 1.949e+00  3.447e-02
 1.949e+00  3.428e-02
 1.950e+00  3.409e-02
 1.950e+00  3.390e-02
 1.951e+00  3.371e-02
 1.951e+00  3.351e-02
 1.952e+00  3.331e-02
 1.952e+00  3.312e-02
 1.953e+00  3.292e-02
 1.953e+00  3.271e-02
 1.954e+00  3.251e-02
 1.954e+00  3.231e-02
 1.955e+00  3.210e-02
 1.955e+00  3.190e-02
 1.956e+00  3.169e-02
 1.956e+00  3.148e-02
 1.957e+00  3.127e-02
 1.957e+00  3.106e-02
 1.958e+00  3.085e-02
 1.958e+00  3.063e-02
 1.959e+00  3.042e-02
 1.959e+00  3.020e-02
 1.960e+00  2.998e-02
 1.960e+00  2.976e-02
 1.961e+00  2.954e-02
 1.961e+00  2.932e-02
 1.962e+00  2.910e-02
 1.962e+00  2.887e-02
 1.963e+00  2.865e-02
 1.963e+00  2.842e-02
 1.964e+00  2.820e-02
 1.964e+00  2.797e-02
 1.965e+00  2.774e-02
 1.965e+00  2.751e-02
 1.966e+00  2.728e-02
 1.966e+00  2.704e-02
 1.967e+00  2.681e-02
 1.967e+00  2.657e-02
 1.968e+00  2.634e-02
 1.968e+00  2.610e-02
 1.969e+00  2.586e-02
 1.969e+00  2.562e-02
 1.970e+00  2.539e-02
 1.970e+00  2.515e-02
 1.971e+00  2.490e-02
 1.971e+00  2.466e-02
 1.972e+00  2.442e-02
 1.972e+00  2.417e-02
 1.973e+00  2.393e-02
 1.973e+00  2.368e-02
 1.974e+00  2.344e-02
 1.974e+00  2.319e-02
 1.975e+00  2.294e-02
 1.975e+00  2.270e-02
 1.976e+00  2.245e-02
 1.976e+00  2.220e-02
 1.977e+00  2.195e-02
 1.977e+00  2.170e-02
 1.978e+00  2.145e-02
 1.978e+00  2.119e-02
 1.979e+00  2.094e-02
 1.979e+00  2.069e-02
 1.980e+00  2.044e-02
 1.980e+00  2.018e-02
 1.981e+00  1.993e-02
 1.981e+00  1.967e-02
 1.982e+00  1.942e-02
 1.982e+00  1.917e-02
 1.983e+00  1.891e-02
 1.983e+00  1.866e-02
 1.984e+00  1.840e-02
 1.984e+00  1.814e-02
 1.984e+00  1.789e-02
 1.985e+00  1.763e-02
 1.986e+00  1.738e-02
 1.986e+00  1.712e-02
 1.986e+00  1.686e-02
 1.987e+00  1.661e-02
 1.988e+00  1.635e-02
 1.988e+00  1.610e-02
 1.988e+00  1.584e-02
 1.989e+00  1.559e-02
 1.990e+00  1.533e-02
 1.990e+00  1.508e-02
 1.990e+00  1.482e-02
 1.991e+00  1.457e-02
 1.992e+00  1.431e-02
 1.992e+00  1.406e-02
 1.992e+00  1.381e-02
 1.993e+00  1.356e-02
 1.994e+00  1.331e-02
 1.994e+00  1.305e-02
 1.994e+00  1.280e-02
 1.995e+00  1.255e-02
 1.996e+00  1.231e-02
 1.996e+00  1.206e-02
 1.996e+00  1.181e-02
 1.997e+00  1.156e-02
 1.998e+00  1.132e-02
 1.998e+00  1.107e-02
 1.998e+00  1.083e-02
 1.999e+00  1.059e-02
 2.000e+00  1.035e-02
 2.000e+00  1.011e-02
