#     mass     R_mu^F
 4.195e-01  0.000e+00
 4.200e-01  7.402e-24
 4.205e-01  8.006e-11
 4.210e-01  1.870e-10
 4.215e-01  3.211e-10
 4.220e-01  4.825e-10
 4.225e-01  6.712e-10
 4.230e-01  8.875e-10
 4.235e-01  1.132e-09
 4.240e-01  1.404e-09
 4.245e-01  1.704e-09
 4.250e-01  2.032e-09
 4.255e-01  2.388e-09
 4.260e-01  2.774e-09
 4.265e-01  3.188e-09
 4.270e-01  3.631e-09
 4.275e-01  4.103e-09
 4.280e-01  4.604e-09
 4.285e-01  5.135e-09
 4.290e-01  5.695e-09
 4.295e-01  6.285e-09
 4.300e-01  6.905e-09
 4.305e-01  7.556e-09
 4.310e-01  8.236e-09
 4.315e-01  8.948e-09
 4.320e-01  9.690e-09
 4.325e-01  1.046e-08
 4.330e-01  1.127e-08
 4.335e-01  1.210e-08
 4.340e-01  1.297e-08
 4.345e-01  1.387e-08
 4.350e-01  1.480e-08
 4.355e-01  1.576e-08
 4.360e-01  1.676e-08
 4.365e-01  1.778e-08
 4.370e-01  1.884e-08
 4.375e-01  1.994e-08
 4.380e-01  2.106e-08
 4.385e-01  2.222e-08
 4.390e-01  2.342e-08
 4.395e-01  2.464e-08
 4.400e-01  2.590e-08
 4.405e-01  2.720e-08
 4.410e-01  2.853e-08
 4.415e-01  2.989e-08
 4.420e-01  3.129e-08
 4.425e-01  3.273e-08
 4.430e-01  3.420e-08
 4.435e-01  3.570e-08
 4.440e-01  3.724e-08
 4.445e-01  3.882e-08
 4.450e-01  4.043e-08
 4.455e-01  4.209e-08
 4.460e-01  4.377e-08
 4.465e-01  4.550e-08
 4.470e-01  4.726e-08
 4.475e-01  4.906e-08
 4.480e-01  5.089e-08
 4.485e-01  5.277e-08
 4.490e-01  5.468e-08
 4.495e-01  5.663e-08
 4.500e-01  5.862e-08
 4.505e-01  6.065e-08
 4.510e-01  6.272e-08
 4.515e-01  6.483e-08
 4.520e-01  6.698e-08
 4.525e-01  6.916e-08
 4.530e-01  7.139e-08
 4.535e-01  7.366e-08
 4.540e-01  7.597e-08
 4.545e-01  7.832e-08
 4.550e-01  8.072e-08
 4.555e-01  8.315e-08
 4.560e-01  8.563e-08
 4.565e-01  8.815e-08
 4.570e-01  9.071e-08
 4.575e-01  9.331e-08
 4.580e-01  9.596e-08
 4.585e-01  9.865e-08
 4.590e-01  1.014e-07
 4.595e-01  1.042e-07
 4.600e-01  1.070e-07
 4.605e-01  1.099e-07
 4.610e-01  1.128e-07
 4.615e-01  1.157e-07
 4.620e-01  1.187e-07
 4.625e-01  1.218e-07
 4.630e-01  1.249e-07
 4.635e-01  1.280e-07
 4.640e-01  1.312e-07
 4.645e-01  1.345e-07
 4.650e-01  1.378e-07
 4.655e-01  1.411e-07
 4.660e-01  1.445e-07
 4.665e-01  1.479e-07
 4.670e-01  1.514e-07
 4.675e-01  1.549e-07
 4.680e-01  1.585e-07
 4.685e-01  1.621e-07
 4.690e-01  1.658e-07
 4.695e-01  1.695e-07
 4.700e-01  1.733e-07
 4.705e-01  1.772e-07
 4.710e-01  1.811e-07
 4.715e-01  1.850e-07
 4.720e-01  1.890e-07
 4.725e-01  1.930e-07
 4.730e-01  1.971e-07
 4.735e-01  2.013e-07
 4.740e-01  2.055e-07
 4.745e-01  2.098e-07
 4.750e-01  2.141e-07
 4.755e-01  2.184e-07
 4.760e-01  2.229e-07
 4.765e-01  2.274e-07
 4.770e-01  2.319e-07
 4.775e-01  2.365e-07
 4.780e-01  2.412e-07
 4.785e-01  2.459e-07
 4.790e-01  2.507e-07
 4.795e-01  2.555e-07
 4.800e-01  2.604e-07
 4.805e-01  2.653e-07
 4.810e-01  2.703e-07
 4.815e-01  2.754e-07
 4.820e-01  2.806e-07
 4.825e-01  2.858e-07
 4.830e-01  2.910e-07
 4.835e-01  2.963e-07
 4.840e-01  3.017e-07
 4.845e-01  3.072e-07
 4.850e-01  3.127e-07
 4.855e-01  3.183e-07
 4.860e-01  3.239e-07
 4.865e-01  3.296e-07
 4.870e-01  3.354e-07
 4.875e-01  3.412e-07
 4.880e-01  3.471e-07
 4.885e-01  3.531e-07
 4.890e-01  3.591e-07
 4.895e-01  3.652e-07
 4.900e-01  3.714e-07
 4.905e-01  3.777e-07
 4.910e-01  3.840e-07
 4.915e-01  3.904e-07
 4.920e-01  3.968e-07
 4.925e-01  4.034e-07
 4.930e-01  4.100e-07
 4.935e-01  4.167e-07
 4.940e-01  4.234e-07
 4.945e-01  4.302e-07
 4.950e-01  4.371e-07
 4.955e-01  4.441e-07
 4.960e-01  4.511e-07
 4.965e-01  4.583e-07
 4.970e-01  4.655e-07
 4.975e-01  4.728e-07
 4.980e-01  4.801e-07
 4.985e-01  4.875e-07
 4.990e-01  4.951e-07
 4.995e-01  5.027e-07
 5.000e-01  5.103e-07
 5.005e-01  5.181e-07
 5.010e-01  5.259e-07
 5.015e-01  5.338e-07
 5.020e-01  5.418e-07
 5.025e-01  5.499e-07
 5.030e-01  5.581e-07
 5.035e-01  5.664e-07
 5.040e-01  5.747e-07
 5.045e-01  5.831e-07
 5.050e-01  5.916e-07
 5.055e-01  6.002e-07
 5.060e-01  6.089e-07
 5.065e-01  6.177e-07
 5.070e-01  6.266e-07
 5.075e-01  6.355e-07
 5.080e-01  6.446e-07
 5.085e-01  6.537e-07
 5.090e-01  6.629e-07
 5.095e-01  6.723e-07
 5.100e-01  6.817e-07
 5.105e-01  6.912e-07
 5.110e-01  7.008e-07
 5.115e-01  7.105e-07
 5.120e-01  7.203e-07
 5.125e-01  7.302e-07
 5.130e-01  7.402e-07
 5.135e-01  7.503e-07
 5.140e-01  7.605e-07
 5.145e-01  7.708e-07
 5.150e-01  7.812e-07
 5.155e-01  7.917e-07
 5.160e-01  8.023e-07
 5.165e-01  8.130e-07
 5.170e-01  8.238e-07
 5.175e-01  8.347e-07
 5.180e-01  8.457e-07
 5.185e-01  8.569e-07
 5.190e-01  8.681e-07
 5.195e-01  8.794e-07
 5.200e-01  8.909e-07
 5.205e-01  9.025e-07
 5.210e-01  9.141e-07
 5.215e-01  9.259e-07
 5.220e-01  9.378e-07
 5.225e-01  9.498e-07
 5.230e-01  9.620e-07
 5.235e-01  9.742e-07
 5.240e-01  9.866e-07
 5.245e-01  9.991e-07
 5.250e-01  1.012e-06
 5.255e-01  1.024e-06
 5.260e-01  1.037e-06
 5.265e-01  1.050e-06
 5.270e-01  1.063e-06
 5.275e-01  1.076e-06
 5.280e-01  1.090e-06
 5.285e-01  1.103e-06
 5.290e-01  1.117e-06
 5.295e-01  1.131e-06
 5.300e-01  1.144e-06
 5.305e-01  1.158e-06
 5.310e-01  1.172e-06
 5.315e-01  1.187e-06
 5.320e-01  1.201e-06
 5.325e-01  1.215e-06
 5.330e-01  1.230e-06
 5.335e-01  1.245e-06
 5.340e-01  1.260e-06
 5.345e-01  1.275e-06
 5.350e-01  1.290e-06
 5.355e-01  1.305e-06
 5.360e-01  1.321e-06
 5.365e-01  1.336e-06
 5.370e-01  1.352e-06
 5.375e-01  1.368e-06
 5.380e-01  1.384e-06
 5.385e-01  1.400e-06
 5.390e-01  1.416e-06
 5.395e-01  1.433e-06
 5.400e-01  1.449e-06
 5.405e-01  1.466e-06
 5.410e-01  1.483e-06
 5.415e-01  1.500e-06
 5.420e-01  1.517e-06
 5.425e-01  1.535e-06
 5.430e-01  1.552e-06
 5.435e-01  1.570e-06
 5.440e-01  1.588e-06
 5.445e-01  1.606e-06
 5.450e-01  1.624e-06
 5.455e-01  1.642e-06
 5.460e-01  1.661e-06
 5.465e-01  1.680e-06
 5.470e-01  1.698e-06
 5.475e-01  1.718e-06
 5.480e-01  1.737e-06
 5.485e-01  1.756e-06
 5.490e-01  1.776e-06
 5.495e-01  1.795e-06
 5.500e-01  1.815e-06
 5.505e-01  1.835e-06
 5.510e-01  1.855e-06
 5.515e-01  1.876e-06
 5.520e-01  1.896e-06
 5.525e-01  1.917e-06
 5.530e-01  1.938e-06
 5.535e-01  1.959e-06
 5.540e-01  1.981e-06
 5.545e-01  2.002e-06
 5.550e-01  2.024e-06
 5.555e-01  2.046e-06
 5.560e-01  2.068e-06
 5.565e-01  2.090e-06
 5.570e-01  2.112e-06
 5.575e-01  2.135e-06
 5.580e-01  2.158e-06
 5.585e-01  2.181e-06
 5.590e-01  2.204e-06
 5.595e-01  2.228e-06
 5.600e-01  2.251e-06
 5.605e-01  2.275e-06
 5.610e-01  2.299e-06
 5.615e-01  2.324e-06
 5.620e-01  2.348e-06
 5.625e-01  2.373e-06
 5.630e-01  2.398e-06
 5.635e-01  2.423e-06
 5.640e-01  2.449e-06
 5.645e-01  2.474e-06
 5.650e-01  2.500e-06
 5.655e-01  2.526e-06
 5.660e-01  2.552e-06
 5.665e-01  2.579e-06
 5.670e-01  2.605e-06
 5.675e-01  2.632e-06
 5.680e-01  2.660e-06
 5.685e-01  2.687e-06
 5.690e-01  2.715e-06
 5.695e-01  2.743e-06
 5.700e-01  2.771e-06
 5.705e-01  2.799e-06
 5.710e-01  2.828e-06
 5.715e-01  2.857e-06
 5.720e-01  2.886e-06
 5.725e-01  2.915e-06
 5.730e-01  2.945e-06
 5.735e-01  2.975e-06
 5.740e-01  3.005e-06
 5.745e-01  3.035e-06
 5.750e-01  3.066e-06
 5.755e-01  3.097e-06
 5.760e-01  3.128e-06
 5.765e-01  3.159e-06
 5.770e-01  3.191e-06
 5.775e-01  3.223e-06
 5.780e-01  3.255e-06
 5.785e-01  3.288e-06
 5.790e-01  3.320e-06
 5.795e-01  3.353e-06
 5.800e-01  3.387e-06
 5.805e-01  3.420e-06
 5.810e-01  3.454e-06
 5.815e-01  3.489e-06
 5.820e-01  3.523e-06
 5.825e-01  3.558e-06
 5.830e-01  3.593e-06
 5.835e-01  3.628e-06
 5.840e-01  3.664e-06
 5.845e-01  3.700e-06
 5.850e-01  3.736e-06
 5.855e-01  3.773e-06
 5.860e-01  3.810e-06
 5.865e-01  3.847e-06
 5.870e-01  3.884e-06
 5.875e-01  3.922e-06
 5.880e-01  3.960e-06
 5.885e-01  3.999e-06
 5.890e-01  4.038e-06
 5.895e-01  4.077e-06
 5.900e-01  4.116e-06
 5.905e-01  4.156e-06
 5.910e-01  4.196e-06
 5.915e-01  4.237e-06
 5.920e-01  4.277e-06
 5.925e-01  4.318e-06
 5.930e-01  4.360e-06
 5.935e-01  4.402e-06
 5.940e-01  4.444e-06
 5.945e-01  4.486e-06
 5.950e-01  4.529e-06
 5.955e-01  4.573e-06
 5.960e-01  4.616e-06
 5.965e-01  4.660e-06
 5.970e-01  4.704e-06
 5.975e-01  4.749e-06
 5.980e-01  4.794e-06
 5.985e-01  4.840e-06
 5.990e-01  4.886e-06
 5.995e-01  4.932e-06
 6.000e-01  4.978e-06
 6.005e-01  5.025e-06
 6.010e-01  5.073e-06
 6.015e-01  5.120e-06
 6.020e-01  5.169e-06
 6.025e-01  5.217e-06
 6.030e-01  5.266e-06
 6.035e-01  5.315e-06
 6.040e-01  5.365e-06
 6.045e-01  5.415e-06
 6.050e-01  5.466e-06
 6.055e-01  5.517e-06
 6.060e-01  5.568e-06
 6.065e-01  5.620e-06
 6.070e-01  5.673e-06
 6.075e-01  5.725e-06
 6.080e-01  5.779e-06
 6.085e-01  5.832e-06
 6.090e-01  5.886e-06
 6.095e-01  5.941e-06
 6.100e-01  5.996e-06
 6.105e-01  6.051e-06
 6.110e-01  6.107e-06
 6.115e-01  6.163e-06
 6.120e-01  6.220e-06
 6.125e-01  6.277e-06
 6.130e-01  6.335e-06
 6.135e-01  6.393e-06
 6.140e-01  6.452e-06
 6.145e-01  6.511e-06
 6.150e-01  6.571e-06
 6.155e-01  6.631e-06
 6.160e-01  6.691e-06
 6.165e-01  6.753e-06
 6.170e-01  6.814e-06
 6.175e-01  6.876e-06
 6.180e-01  6.939e-06
 6.185e-01  7.002e-06
 6.190e-01  7.066e-06
 6.195e-01  7.130e-06
 6.200e-01  7.195e-06
 6.205e-01  7.260e-06
 6.210e-01  7.326e-06
 6.215e-01  7.392e-06
 6.220e-01  7.459e-06
 6.225e-01  7.526e-06
 6.230e-01  7.594e-06
 6.235e-01  7.663e-06
 6.240e-01  7.732e-06
 6.245e-01  7.802e-06
 6.250e-01  7.872e-06
 6.255e-01  7.943e-06
 6.260e-01  8.014e-06
 6.265e-01  8.086e-06
 6.270e-01  8.159e-06
 6.275e-01  8.232e-06
 6.280e-01  8.305e-06
 6.285e-01  8.380e-06
 6.290e-01  8.455e-06
 6.295e-01  8.530e-06
 6.300e-01  8.606e-06
 6.305e-01  8.683e-06
 6.310e-01  8.761e-06
 6.315e-01  8.839e-06
 6.320e-01  8.917e-06
 6.325e-01  8.997e-06
 6.330e-01  9.077e-06
 6.335e-01  9.157e-06
 6.340e-01  9.239e-06
 6.345e-01  9.321e-06
 6.350e-01  9.403e-06
 6.355e-01  9.487e-06
 6.360e-01  9.570e-06
 6.365e-01  9.655e-06
 6.370e-01  9.741e-06
 6.375e-01  9.827e-06
 6.380e-01  9.913e-06
 6.385e-01  1.000e-05
 6.390e-01  1.009e-05
 6.395e-01  1.018e-05
 6.400e-01  1.027e-05
 6.405e-01  1.036e-05
 6.410e-01  1.045e-05
 6.415e-01  1.054e-05
 6.420e-01  1.063e-05
 6.425e-01  1.073e-05
 6.430e-01  1.082e-05
 6.435e-01  1.092e-05
 6.440e-01  1.101e-05
 6.445e-01  1.111e-05
 6.450e-01  1.120e-05
 6.455e-01  1.130e-05
 6.460e-01  1.140e-05
 6.465e-01  1.150e-05
 6.470e-01  1.160e-05
 6.475e-01  1.170e-05
 6.480e-01  1.180e-05
 6.485e-01  1.191e-05
 6.490e-01  1.201e-05
 6.495e-01  1.212e-05
 6.500e-01  1.222e-05
 6.505e-01  1.233e-05
 6.510e-01  1.243e-05
 6.515e-01  1.254e-05
 6.520e-01  1.265e-05
 6.525e-01  1.276e-05
 6.530e-01  1.287e-05
 6.535e-01  1.298e-05
 6.540e-01  1.309e-05
 6.545e-01  1.321e-05
 6.550e-01  1.332e-05
 6.555e-01  1.344e-05
 6.560e-01  1.355e-05
 6.565e-01  1.367e-05
 6.570e-01  1.379e-05
 6.575e-01  1.391e-05
 6.580e-01  1.403e-05
 6.585e-01  1.415e-05
 6.590e-01  1.427e-05
 6.595e-01  1.439e-05
 6.600e-01  1.452e-05
 6.605e-01  1.464e-05
 6.610e-01  1.477e-05
 6.615e-01  1.489e-05
 6.620e-01  1.502e-05
 6.625e-01  1.515e-05
 6.630e-01  1.528e-05
 6.635e-01  1.541e-05
 6.640e-01  1.554e-05
 6.645e-01  1.568e-05
 6.650e-01  1.581e-05
 6.655e-01  1.595e-05
 6.660e-01  1.608e-05
 6.665e-01  1.622e-05
 6.670e-01  1.636e-05
 6.675e-01  1.650e-05
 6.680e-01  1.664e-05
 6.685e-01  1.678e-05
 6.690e-01  1.692e-05
 6.695e-01  1.707e-05
 6.700e-01  1.721e-05
 6.705e-01  1.736e-05
 6.710e-01  1.751e-05
 6.715e-01  1.766e-05
 6.720e-01  1.781e-05
 6.725e-01  1.796e-05
 6.730e-01  1.811e-05
 6.735e-01  1.827e-05
 6.740e-01  1.842e-05
 6.745e-01  1.858e-05
 6.750e-01  1.874e-05
 6.755e-01  1.889e-05
 6.760e-01  1.905e-05
 6.765e-01  1.922e-05
 6.770e-01  1.938e-05
 6.775e-01  1.954e-05
 6.780e-01  1.971e-05
 6.785e-01  1.988e-05
 6.790e-01  2.004e-05
 6.795e-01  2.021e-05
 6.800e-01  2.039e-05
 6.805e-01  2.056e-05
 6.810e-01  2.073e-05
 6.815e-01  2.091e-05
 6.820e-01  2.108e-05
 6.825e-01  2.126e-05
 6.830e-01  2.144e-05
 6.835e-01  2.162e-05
 6.840e-01  2.180e-05
 6.845e-01  2.199e-05
 6.850e-01  2.217e-05
 6.855e-01  2.236e-05
 6.860e-01  2.255e-05
 6.865e-01  2.274e-05
 6.870e-01  2.293e-05
 6.875e-01  2.312e-05
 6.880e-01  2.332e-05
 6.885e-01  2.351e-05
 6.890e-01  2.371e-05
 6.895e-01  2.391e-05
 6.900e-01  2.411e-05
 6.905e-01  2.432e-05
 6.910e-01  2.452e-05
 6.915e-01  2.473e-05
 6.920e-01  2.493e-05
 6.925e-01  2.514e-05
 6.930e-01  2.536e-05
 6.935e-01  2.557e-05
 6.940e-01  2.578e-05
 6.945e-01  2.600e-05
 6.950e-01  2.622e-05
 6.955e-01  2.644e-05
 6.960e-01  2.666e-05
 6.965e-01  2.688e-05
 6.970e-01  2.711e-05
 6.975e-01  2.733e-05
 6.980e-01  2.756e-05
 6.985e-01  2.779e-05
 6.990e-01  2.803e-05
 6.995e-01  2.826e-05
 7.000e-01  2.850e-05
 7.005e-01  2.874e-05
 7.010e-01  2.898e-05
 7.015e-01  2.922e-05
 7.020e-01  2.947e-05
 7.025e-01  2.971e-05
 7.030e-01  2.996e-05
 7.035e-01  3.021e-05
 7.040e-01  3.046e-05
 7.045e-01  3.072e-05
 7.050e-01  3.097e-05
 7.055e-01  3.123e-05
 7.060e-01  3.149e-05
 7.065e-01  3.176e-05
 7.070e-01  3.202e-05
 7.075e-01  3.229e-05
 7.080e-01  3.256e-05
 7.085e-01  3.283e-05
 7.090e-01  3.311e-05
 7.095e-01  3.338e-05
 7.100e-01  3.366e-05
 7.105e-01  3.394e-05
 7.110e-01  3.423e-05
 7.115e-01  3.451e-05
 7.120e-01  3.480e-05
 7.125e-01  3.509e-05
 7.130e-01  3.538e-05
 7.135e-01  3.568e-05
 7.140e-01  3.598e-05
 7.145e-01  3.628e-05
 7.150e-01  3.658e-05
 7.155e-01  3.688e-05
 7.160e-01  3.719e-05
 7.165e-01  3.750e-05
 7.170e-01  3.781e-05
 7.175e-01  3.813e-05
 7.180e-01  3.845e-05
 7.185e-01  3.877e-05
 7.190e-01  3.909e-05
 7.195e-01  3.942e-05
 7.200e-01  3.975e-05
 7.205e-01  4.008e-05
 7.210e-01  4.041e-05
 7.215e-01  4.075e-05
 7.220e-01  4.109e-05
 7.225e-01  4.143e-05
 7.230e-01  4.178e-05
 7.235e-01  4.212e-05
 7.240e-01  4.247e-05
 7.245e-01  4.283e-05
 7.250e-01  4.319e-05
 7.255e-01  4.355e-05
 7.260e-01  4.391e-05
 7.265e-01  4.427e-05
 7.270e-01  4.464e-05
 7.275e-01  4.502e-05
 7.280e-01  4.539e-05
 7.285e-01  4.577e-05
 7.290e-01  4.615e-05
 7.295e-01  4.654e-05
 7.300e-01  4.692e-05
 7.305e-01  4.732e-05
 7.310e-01  4.771e-05
 7.315e-01  4.811e-05
 7.320e-01  4.851e-05
 7.325e-01  4.891e-05
 7.330e-01  4.932e-05
 7.335e-01  4.973e-05
 7.340e-01  5.015e-05
 7.345e-01  5.057e-05
 7.350e-01  5.099e-05
 7.355e-01  5.141e-05
 7.360e-01  5.184e-05
 7.365e-01  5.227e-05
 7.370e-01  5.271e-05
 7.375e-01  5.315e-05
 7.380e-01  5.359e-05
 7.385e-01  5.404e-05
 7.390e-01  5.449e-05
 7.395e-01  5.495e-05
 7.400e-01  5.541e-05
 7.405e-01  5.587e-05
 7.410e-01  5.634e-05
 7.415e-01  5.681e-05
 7.420e-01  5.728e-05
 7.425e-01  5.776e-05
 7.430e-01  5.824e-05
 7.435e-01  5.873e-05
 7.440e-01  5.922e-05
 7.445e-01  5.972e-05
 7.450e-01  6.022e-05
 7.455e-01  6.072e-05
 7.460e-01  6.123e-05
 7.465e-01  6.174e-05
 7.470e-01  6.226e-05
 7.475e-01  6.278e-05
 7.480e-01  6.330e-05
 7.485e-01  6.383e-05
 7.490e-01  6.437e-05
 7.495e-01  6.491e-05
 7.500e-01  6.545e-05
 7.505e-01  6.600e-05
 7.510e-01  6.655e-05
 7.515e-01  6.711e-05
 7.520e-01  6.767e-05
 7.525e-01  6.824e-05
 7.530e-01  6.881e-05
 7.535e-01  6.939e-05
 7.540e-01  6.997e-05
 7.545e-01  7.056e-05
 7.550e-01  7.115e-05
 7.555e-01  7.175e-05
 7.560e-01  7.235e-05
 7.565e-01  7.296e-05
 7.570e-01  7.358e-05
 7.575e-01  7.419e-05
 7.580e-01  7.482e-05
 7.585e-01  7.545e-05
 7.590e-01  7.608e-05
 7.595e-01  7.672e-05
 7.600e-01  7.737e-05
 7.605e-01  7.802e-05
 7.610e-01  7.868e-05
 7.615e-01  7.934e-05
 7.620e-01  8.001e-05
 7.625e-01  8.068e-05
 7.630e-01  8.137e-05
 7.635e-01  8.205e-05
 7.640e-01  8.274e-05
 7.645e-01  8.344e-05
 7.650e-01  8.415e-05
 7.655e-01  8.486e-05
 7.660e-01  8.558e-05
 7.665e-01  8.630e-05
 7.670e-01  8.703e-05
 7.675e-01  8.777e-05
 7.680e-01  8.851e-05
 7.685e-01  8.926e-05
 7.690e-01  9.001e-05
 7.695e-01  9.078e-05
 7.700e-01  9.155e-05
 7.705e-01  9.232e-05
 7.710e-01  9.311e-05
 7.715e-01  9.390e-05
 7.720e-01  9.469e-05
 7.725e-01  9.550e-05
 7.730e-01  9.631e-05
 7.735e-01  9.713e-05
 7.740e-01  9.795e-05
 7.745e-01  9.879e-05
 7.750e-01  9.963e-05
 7.755e-01  1.005e-04
 7.760e-01  1.013e-04
 7.765e-01  1.022e-04
 7.770e-01  1.031e-04
 7.775e-01  1.039e-04
 7.780e-01  1.048e-04
 7.785e-01  1.057e-04
 7.790e-01  1.066e-04
 7.795e-01  1.075e-04
 7.800e-01  1.085e-04
 7.805e-01  1.094e-04
 7.810e-01  1.103e-04
 7.815e-01  1.113e-04
 7.820e-01  1.122e-04
 7.825e-01  1.132e-04
 7.830e-01  1.142e-04
 7.835e-01  1.151e-04
 7.840e-01  1.161e-04
 7.845e-01  1.171e-04
 7.850e-01  1.181e-04
 7.855e-01  1.191e-04
 7.860e-01  1.202e-04
 7.865e-01  1.212e-04
 7.870e-01  1.222e-04
 7.875e-01  1.233e-04
 7.880e-01  1.244e-04
 7.885e-01  1.254e-04
 7.890e-01  1.265e-04
 7.895e-01  1.276e-04
 7.900e-01  1.287e-04
 7.905e-01  1.298e-04
 7.910e-01  1.310e-04
 7.915e-01  1.321e-04
 7.920e-01  1.332e-04
 7.925e-01  1.344e-04
 7.930e-01  1.355e-04
 7.935e-01  1.367e-04
 7.940e-01  1.379e-04
 7.945e-01  1.391e-04
 7.950e-01  1.403e-04
 7.955e-01  1.415e-04
 7.960e-01  1.428e-04
 7.965e-01  1.440e-04
 7.970e-01  1.453e-04
 7.975e-01  1.465e-04
 7.980e-01  1.478e-04
 7.985e-01  1.491e-04
 7.990e-01  1.504e-04
 7.995e-01  1.517e-04
 8.000e-01  1.531e-04
 8.005e-01  1.544e-04
 8.010e-01  1.558e-04
 8.015e-01  1.571e-04
 8.020e-01  1.585e-04
 8.025e-01  1.599e-04
 8.030e-01  1.613e-04
 8.035e-01  1.627e-04
 8.040e-01  1.641e-04
 8.045e-01  1.656e-04
 8.050e-01  1.670e-04
 8.055e-01  1.685e-04
 8.060e-01  1.700e-04
 8.065e-01  1.715e-04
 8.070e-01  1.730e-04
 8.075e-01  1.746e-04
 8.080e-01  1.761e-04
 8.085e-01  1.777e-04
 8.090e-01  1.792e-04
 8.095e-01  1.808e-04
 8.100e-01  1.824e-04
 8.105e-01  1.841e-04
 8.110e-01  1.857e-04
 8.115e-01  1.874e-04
 8.120e-01  1.890e-04
 8.125e-01  1.907e-04
 8.130e-01  1.924e-04
 8.135e-01  1.941e-04
 8.140e-01  1.959e-04
 8.145e-01  1.976e-04
 8.150e-01  1.994e-04
 8.155e-01  2.012e-04
 8.160e-01  2.030e-04
 8.165e-01  2.048e-04
 8.170e-01  2.067e-04
 8.175e-01  2.085e-04
 8.180e-01  2.104e-04
 8.185e-01  2.123e-04
 8.190e-01  2.142e-04
 8.195e-01  2.161e-04
 8.200e-01  2.181e-04
 8.205e-01  2.201e-04
 8.210e-01  2.221e-04
 8.215e-01  2.241e-04
 8.220e-01  2.261e-04
 8.225e-01  2.282e-04
 8.230e-01  2.302e-04
 8.235e-01  2.323e-04
 8.240e-01  2.345e-04
 8.245e-01  2.366e-04
 8.250e-01  2.388e-04
 8.255e-01  2.409e-04
 8.260e-01  2.431e-04
 8.265e-01  2.454e-04
 8.270e-01  2.476e-04
 8.275e-01  2.499e-04
 8.280e-01  2.522e-04
 8.285e-01  2.545e-04
 8.290e-01  2.569e-04
 8.295e-01  2.592e-04
 8.300e-01  2.616e-04
 8.305e-01  2.640e-04
 8.310e-01  2.665e-04
 8.315e-01  2.689e-04
 8.320e-01  2.714e-04
 8.325e-01  2.740e-04
 8.330e-01  2.765e-04
 8.335e-01  2.791e-04
 8.340e-01  2.817e-04
 8.345e-01  2.843e-04
 8.350e-01  2.869e-04
 8.355e-01  2.896e-04
 8.360e-01  2.923e-04
 8.365e-01  2.951e-04
 8.370e-01  2.978e-04
 8.375e-01  3.006e-04
 8.380e-01  3.035e-04
 8.385e-01  3.063e-04
 8.390e-01  3.092e-04
 8.395e-01  3.121e-04
 8.400e-01  3.151e-04
 8.405e-01  3.181e-04
 8.410e-01  3.211e-04
 8.415e-01  3.241e-04
 8.420e-01  3.272e-04
 8.425e-01  3.303e-04
 8.430e-01  3.334e-04
 8.435e-01  3.366e-04
 8.440e-01  3.398e-04
 8.445e-01  3.431e-04
 8.450e-01  3.464e-04
 8.455e-01  3.497e-04
 8.460e-01  3.530e-04
 8.465e-01  3.564e-04
 8.470e-01  3.599e-04
 8.475e-01  3.633e-04
 8.480e-01  3.668e-04
 8.485e-01  3.704e-04
 8.490e-01  3.740e-04
 8.495e-01  3.776e-04
 8.500e-01  3.812e-04
 8.505e-01  3.849e-04
 8.510e-01  3.887e-04
 8.515e-01  3.925e-04
 8.520e-01  3.963e-04
 8.525e-01  4.002e-04
 8.530e-01  4.041e-04
 8.535e-01  4.081e-04
 8.540e-01  4.121e-04
 8.545e-01  4.161e-04
 8.550e-01  4.202e-04
 8.555e-01  4.243e-04
 8.560e-01  4.285e-04
 8.565e-01  4.328e-04
 8.570e-01  4.371e-04
 8.575e-01  4.414e-04
 8.580e-01  4.458e-04
 8.585e-01  4.502e-04
 8.590e-01  4.547e-04
 8.595e-01  4.592e-04
 8.600e-01  4.638e-04
 8.605e-01  4.685e-04
 8.610e-01  4.732e-04
 8.615e-01  4.779e-04
 8.620e-01  4.827e-04
 8.625e-01  4.876e-04
 8.630e-01  4.925e-04
 8.635e-01  4.975e-04
 8.640e-01  5.026e-04
 8.645e-01  5.077e-04
 8.650e-01  5.128e-04
 8.655e-01  5.181e-04
 8.660e-01  5.233e-04
 8.665e-01  5.287e-04
 8.670e-01  5.341e-04
 8.675e-01  5.396e-04
 8.680e-01  5.451e-04
 8.685e-01  5.507e-04
 8.690e-01  5.564e-04
 8.695e-01  5.622e-04
 8.700e-01  5.680e-04
 8.705e-01  5.739e-04
 8.710e-01  5.798e-04
 8.715e-01  5.859e-04
 8.720e-01  5.920e-04
 8.725e-01  5.982e-04
 8.730e-01  6.044e-04
 8.735e-01  6.108e-04
 8.740e-01  6.172e-04
 8.745e-01  6.237e-04
 8.750e-01  6.303e-04
 8.755e-01  6.369e-04
 8.760e-01  6.437e-04
 8.765e-01  6.505e-04
 8.770e-01  6.574e-04
 8.775e-01  6.644e-04
 8.780e-01  6.715e-04
 8.785e-01  6.787e-04
 8.790e-01  6.860e-04
 8.795e-01  6.933e-04
 8.800e-01  7.008e-04
 8.805e-01  7.084e-04
 8.810e-01  7.160e-04
 8.815e-01  7.238e-04
 8.820e-01  7.316e-04
 8.825e-01  7.396e-04
 8.830e-01  7.476e-04
 8.835e-01  7.558e-04
 8.840e-01  7.641e-04
 8.845e-01  7.725e-04
 8.850e-01  7.810e-04
 8.855e-01  7.896e-04
 8.860e-01  7.983e-04
 8.865e-01  8.071e-04
 8.870e-01  8.161e-04
 8.875e-01  8.252e-04
 8.880e-01  8.344e-04
 8.885e-01  8.437e-04
 8.890e-01  8.532e-04
 8.895e-01  8.627e-04
 8.900e-01  8.724e-04
 8.905e-01  8.740e-04
 8.910e-01  8.856e-04
 8.915e-01  8.973e-04
 8.920e-01  9.092e-04
 8.925e-01  9.212e-04
 8.930e-01  9.334e-04
 8.935e-01  9.457e-04
 8.940e-01  9.583e-04
 8.945e-01  9.710e-04
 8.950e-01  9.838e-04
 8.955e-01  9.969e-04
 8.960e-01  1.010e-03
 8.965e-01  1.023e-03
 8.970e-01  1.037e-03
 8.975e-01  1.051e-03
 8.980e-01  1.065e-03
 8.985e-01  1.079e-03
 8.990e-01  1.093e-03
 8.995e-01  1.108e-03
 9.000e-01  1.123e-03
 9.005e-01  1.138e-03
 9.010e-01  1.153e-03
 9.015e-01  1.168e-03
 9.020e-01  1.184e-03
 9.025e-01  1.200e-03
 9.030e-01  1.216e-03
 9.035e-01  1.232e-03
 9.040e-01  1.249e-03
 9.045e-01  1.265e-03
 9.050e-01  1.283e-03
 9.055e-01  1.300e-03
 9.060e-01  1.317e-03
 9.065e-01  1.335e-03
 9.070e-01  1.353e-03
 9.075e-01  1.372e-03
 9.080e-01  1.390e-03
 9.085e-01  1.409e-03
 9.090e-01  1.428e-03
 9.095e-01  1.448e-03
 9.100e-01  1.467e-03
 9.105e-01  1.487e-03
 9.110e-01  1.508e-03
 9.115e-01  1.528e-03
 9.120e-01  1.549e-03
 9.125e-01  1.571e-03
 9.130e-01  1.592e-03
 9.135e-01  1.614e-03
 9.140e-01  1.637e-03
 9.145e-01  1.659e-03
 9.150e-01  1.682e-03
 9.155e-01  1.706e-03
 9.160e-01  1.730e-03
 9.165e-01  1.754e-03
 9.170e-01  1.778e-03
 9.175e-01  1.803e-03
 9.180e-01  1.829e-03
 9.185e-01  1.854e-03
 9.190e-01  1.881e-03
 9.195e-01  1.907e-03
 9.200e-01  1.934e-03
 9.205e-01  1.962e-03
 9.210e-01  1.990e-03
 9.215e-01  2.018e-03
 9.220e-01  2.047e-03
 9.225e-01  2.076e-03
 9.230e-01  2.106e-03
 9.235e-01  2.137e-03
 9.240e-01  2.168e-03
 9.245e-01  2.199e-03
 9.250e-01  2.231e-03
 9.255e-01  2.264e-03
 9.260e-01  2.297e-03
 9.265e-01  2.330e-03
 9.270e-01  2.365e-03
 9.275e-01  2.400e-03
 9.280e-01  2.435e-03
 9.285e-01  2.471e-03
 9.290e-01  2.508e-03
 9.295e-01  2.545e-03
 9.300e-01  2.584e-03
 9.305e-01  2.622e-03
 9.310e-01  2.662e-03
 9.315e-01  2.702e-03
 9.320e-01  2.743e-03
 9.325e-01  2.785e-03
 9.330e-01  2.828e-03
 9.335e-01  2.871e-03
 9.340e-01  2.915e-03
 9.345e-01  2.960e-03
 9.350e-01  3.006e-03
 9.355e-01  3.053e-03
 9.360e-01  3.100e-03
 9.365e-01  3.149e-03
 9.370e-01  3.199e-03
 9.375e-01  3.249e-03
 9.380e-01  3.301e-03
 9.385e-01  3.353e-03
 9.390e-01  3.407e-03
 9.395e-01  3.461e-03
 9.400e-01  3.517e-03
 9.405e-01  3.574e-03
 9.410e-01  3.632e-03
 9.415e-01  3.691e-03
 9.420e-01  3.752e-03
 9.425e-01  3.814e-03
 9.430e-01  3.877e-03
 9.435e-01  3.941e-03
 9.440e-01  4.007e-03
 9.445e-01  4.074e-03
 9.450e-01  4.142e-03
 9.455e-01  4.212e-03
 9.460e-01  4.284e-03
 9.465e-01  4.357e-03
 9.470e-01  4.432e-03
 9.475e-01  4.508e-03
 9.480e-01  4.586e-03
 9.485e-01  4.666e-03
 9.490e-01  4.748e-03
 9.495e-01  4.832e-03
 9.500e-01  4.917e-03
 9.505e-01  5.004e-03
 9.510e-01  5.094e-03
 9.515e-01  5.185e-03
 9.520e-01  5.279e-03
 9.525e-01  5.375e-03
 9.530e-01  5.473e-03
 9.535e-01  5.574e-03
 9.540e-01  5.677e-03
 9.545e-01  5.782e-03
 9.550e-01  5.890e-03
 9.555e-01  6.001e-03
 9.560e-01  6.115e-03
 9.565e-01  6.231e-03
 9.570e-01  6.350e-03
 9.575e-01  6.473e-03
 9.580e-01  6.598e-03
 9.585e-01  6.727e-03
 9.590e-01  6.859e-03
 9.595e-01  6.995e-03
 9.600e-01  7.134e-03
 9.605e-01  7.277e-03
 9.610e-01  7.424e-03
 9.615e-01  7.575e-03
 9.620e-01  7.730e-03
 9.625e-01  7.889e-03
 9.630e-01  8.053e-03
 9.635e-01  8.221e-03
 9.640e-01  8.394e-03
 9.645e-01  8.572e-03
 9.650e-01  8.755e-03
 9.655e-01  8.943e-03
 9.660e-01  9.137e-03
 9.665e-01  9.337e-03
 9.670e-01  9.543e-03
 9.675e-01  9.755e-03
 9.680e-01  9.973e-03
 9.685e-01  1.020e-02
 9.690e-01  1.043e-02
 9.695e-01  1.067e-02
 9.700e-01  1.092e-02
 9.705e-01  1.117e-02
 9.710e-01  1.143e-02
 9.715e-01  1.171e-02
 9.720e-01  1.199e-02
 9.725e-01  1.228e-02
 9.730e-01  1.258e-02
 9.735e-01  1.289e-02
 9.740e-01  1.321e-02
 9.745e-01  1.354e-02
 9.750e-01  1.388e-02
 9.755e-01  1.424e-02
 9.760e-01  1.461e-02
 9.765e-01  1.499e-02
 9.770e-01  1.538e-02
 9.775e-01  1.579e-02
 9.780e-01  1.622e-02
 9.785e-01  1.666e-02
 9.790e-01  1.712e-02
 9.795e-01  1.760e-02
 9.800e-01  1.809e-02
 9.805e-01  1.861e-02
 9.810e-01  1.914e-02
 9.815e-01  1.970e-02
 9.820e-01  2.028e-02
 9.825e-01  2.089e-02
 9.830e-01  2.152e-02
 9.835e-01  2.218e-02
 9.840e-01  2.287e-02
 9.845e-01  2.359e-02
 9.850e-01  2.434e-02
 9.855e-01  2.512e-02
 9.860e-01  2.594e-02
 9.865e-01  2.680e-02
 9.870e-01  2.770e-02
 9.875e-01  2.865e-02
 9.880e-01  2.964e-02
 9.885e-01  3.068e-02
 9.890e-01  3.177e-02
 9.895e-01  3.292e-02
 9.900e-01  3.413e-02
 9.905e-01  3.541e-02
 9.910e-01  3.675e-02
 9.915e-01  3.817e-02
 9.920e-01  3.967e-02
 9.925e-01  4.125e-02
 9.930e-01  4.293e-02
 9.935e-01  4.471e-02
 9.940e-01  4.659e-02
 9.945e-01  4.859e-02
 9.950e-01  5.072e-02
 9.955e-01  5.298e-02
 9.960e-01  5.539e-02
 9.965e-01  5.797e-02
 9.970e-01  6.072e-02
 9.975e-01  6.366e-02
 9.980e-01  6.681e-02
 9.985e-01  7.020e-02
 9.990e-01  7.384e-02
 9.995e-01  7.776e-02
 1.000e+00  8.199e-02
 1.000e+00  8.656e-02
 1.001e+00  9.151e-02
 1.002e+00  9.688e-02
 1.002e+00  1.027e-01
 1.002e+00  1.091e-01
 1.003e+00  1.161e-01
 1.004e+00  1.237e-01
 1.004e+00  1.321e-01
 1.004e+00  1.413e-01
 1.005e+00  1.516e-01
 1.006e+00  1.629e-01
 1.006e+00  1.755e-01
 1.006e+00  1.896e-01
 1.007e+00  2.054e-01
 1.008e+00  2.232e-01
 1.008e+00  2.434e-01
 1.008e+00  2.664e-01
 1.009e+00  2.926e-01
 1.010e+00  3.228e-01
 1.010e+00  3.578e-01
 1.010e+00  3.985e-01
 1.011e+00  4.464e-01
 1.012e+00  5.031e-01
 1.012e+00  5.709e-01
 1.012e+00  6.528e-01
 1.013e+00  7.526e-01
 1.014e+00  8.759e-01
 1.014e+00  1.030e+00
 1.014e+00  1.226e+00
 1.015e+00  1.478e+00
 1.016e+00  1.806e+00
 1.016e+00  2.241e+00
 1.016e+00  2.821e+00
 1.017e+00  3.594e+00
 1.018e+00  4.598e+00
 1.018e+00  5.810e+00
 1.018e+00  7.043e+00
 1.019e+00  7.870e+00
 1.020e+00  7.860e+00
 1.020e+00  7.022e+00
 1.020e+00  5.796e+00
 1.021e+00  4.598e+00
 1.022e+00  3.608e+00
 1.022e+00  2.845e+00
 1.022e+00  2.270e+00
 1.023e+00  1.838e+00
 1.024e+00  1.511e+00
 1.024e+00  1.259e+00
 1.024e+00  1.063e+00
 1.025e+00  9.080e-01
 1.026e+00  7.836e-01
 1.026e+00  6.826e-01
 1.026e+00  5.996e-01
 1.027e+00  5.307e-01
 1.028e+00  4.728e-01
 1.028e+00  4.239e-01
 1.028e+00  3.821e-01
 1.029e+00  3.462e-01
 1.030e+00  3.151e-01
 1.030e+00  2.880e-01
 1.030e+00  2.643e-01
 1.031e+00  2.434e-01
 1.032e+00  2.249e-01
 1.032e+00  2.084e-01
 1.032e+00  1.937e-01
 1.033e+00  1.805e-01
 1.034e+00  1.686e-01
 1.034e+00  1.579e-01
 1.034e+00  1.481e-01
 1.035e+00  1.393e-01
 1.036e+00  1.312e-01
 1.036e+00  1.238e-01
 1.036e+00  1.171e-01
 1.037e+00  1.108e-01
 1.038e+00  1.051e-01
 1.038e+00  9.981e-02
 1.038e+00  9.491e-02
 1.039e+00  9.038e-02
 1.040e+00  8.616e-02
 1.040e+00  8.224e-02
 1.040e+00  7.859e-02
 1.041e+00  7.517e-02
 1.042e+00  7.198e-02
 1.042e+00  6.900e-02
 1.042e+00  6.620e-02
 1.043e+00  6.357e-02
 1.044e+00  6.109e-02
 1.044e+00  5.876e-02
 1.044e+00  5.657e-02
 1.045e+00  5.450e-02
 1.046e+00  5.254e-02
 1.046e+00  5.069e-02
 1.046e+00  4.894e-02
 1.047e+00  4.728e-02
 1.048e+00  4.570e-02
 1.048e+00  4.420e-02
 1.048e+00  4.278e-02
 1.049e+00  4.143e-02
 1.050e+00  4.014e-02
 1.050e+00  3.892e-02
 1.050e+00  3.775e-02
 1.051e+00  3.663e-02
 1.052e+00  3.556e-02
 1.052e+00  3.455e-02
 1.052e+00  3.357e-02
 1.053e+00  3.264e-02
 1.054e+00  3.175e-02
 1.054e+00  3.089e-02
 1.054e+00  3.007e-02
 1.055e+00  2.928e-02
 1.056e+00  2.853e-02
 1.056e+00  2.780e-02
 1.056e+00  2.710e-02
 1.057e+00  2.643e-02
 1.058e+00  2.579e-02
 1.058e+00  2.517e-02
 1.058e+00  2.457e-02
 1.059e+00  2.399e-02
 1.060e+00  2.344e-02
 1.060e+00  2.290e-02
 1.060e+00  2.238e-02
 1.061e+00  2.188e-02
 1.062e+00  2.140e-02
 1.062e+00  2.094e-02
 1.062e+00  2.049e-02
 1.063e+00  2.005e-02
 1.064e+00  1.963e-02
 1.064e+00  1.922e-02
 1.065e+00  1.883e-02
 1.065e+00  1.845e-02
 1.066e+00  1.808e-02
 1.066e+00  1.772e-02
 1.067e+00  1.737e-02
 1.067e+00  1.704e-02
 1.068e+00  1.671e-02
 1.068e+00  1.639e-02
 1.069e+00  1.608e-02
 1.069e+00  1.579e-02
 1.070e+00  1.550e-02
 1.070e+00  1.521e-02
 1.071e+00  1.494e-02
 1.071e+00  1.467e-02
 1.072e+00  1.441e-02
 1.072e+00  1.416e-02
 1.073e+00  1.392e-02
 1.073e+00  1.368e-02
 1.074e+00  1.345e-02
 1.074e+00  1.322e-02
 1.075e+00  1.300e-02
 1.075e+00  1.279e-02
 1.076e+00  1.258e-02
 1.076e+00  1.237e-02
 1.077e+00  1.218e-02
 1.077e+00  1.198e-02
 1.078e+00  1.179e-02
 1.078e+00  1.161e-02
 1.079e+00  1.143e-02
 1.079e+00  1.125e-02
 1.080e+00  1.108e-02
 1.080e+00  1.092e-02
 1.081e+00  1.075e-02
 1.081e+00  1.059e-02
 1.082e+00  1.044e-02
 1.082e+00  1.029e-02
 1.083e+00  1.014e-02
 1.083e+00  9.991e-03
 1.084e+00  9.849e-03
 1.084e+00  9.710e-03
 1.085e+00  9.574e-03
 1.085e+00  9.442e-03
 1.086e+00  9.312e-03
 1.086e+00  9.184e-03
 1.087e+00  9.060e-03
 1.087e+00  8.938e-03
 1.088e+00  8.819e-03
 1.088e+00  8.702e-03
 1.089e+00  8.588e-03
 1.089e+00  8.476e-03
 1.089e+00  8.366e-03
 1.090e+00  8.258e-03
 1.091e+00  8.153e-03
 1.091e+00  8.050e-03
 1.091e+00  7.949e-03
 1.092e+00  7.849e-03
 1.093e+00  7.752e-03
 1.093e+00  7.657e-03
 1.093e+00  7.563e-03
 1.094e+00  7.471e-03
 1.095e+00  7.381e-03
 1.095e+00  7.293e-03
 1.095e+00  7.206e-03
 1.096e+00  7.121e-03
 1.097e+00  7.038e-03
 1.097e+00  6.956e-03
 1.097e+00  6.875e-03
 1.098e+00  6.796e-03
 1.099e+00  6.719e-03
 1.099e+00  6.643e-03
 1.099e+00  6.568e-03
 1.100e+00  6.494e-03
 1.101e+00  6.422e-03
 1.101e+00  6.351e-03
 1.101e+00  6.281e-03
 1.102e+00  6.213e-03
 1.103e+00  6.146e-03
 1.103e+00  6.079e-03
 1.103e+00  6.014e-03
 1.104e+00  5.950e-03
 1.105e+00  5.887e-03
 1.105e+00  5.825e-03
 1.105e+00  5.765e-03
 1.106e+00  5.705e-03
 1.107e+00  5.646e-03
 1.107e+00  5.588e-03
 1.107e+00  5.531e-03
 1.108e+00  5.475e-03
 1.109e+00  5.420e-03
 1.109e+00  5.365e-03
 1.109e+00  5.312e-03
 1.110e+00  5.259e-03
 1.111e+00  5.207e-03
 1.111e+00  5.156e-03
 1.111e+00  5.106e-03
 1.112e+00  5.057e-03
 1.113e+00  5.008e-03
 1.113e+00  4.960e-03
 1.113e+00  4.913e-03
 1.114e+00  4.866e-03
 1.115e+00  4.820e-03
 1.115e+00  4.775e-03
 1.115e+00  4.731e-03
 1.116e+00  4.687e-03
 1.117e+00  4.644e-03
 1.117e+00  4.601e-03
 1.117e+00  4.559e-03
 1.118e+00  4.518e-03
 1.119e+00  4.477e-03
 1.119e+00  4.437e-03
 1.119e+00  4.397e-03
 1.120e+00  4.358e-03
 1.121e+00  4.319e-03
 1.121e+00  4.281e-03
 1.121e+00  4.244e-03
 1.122e+00  4.207e-03
 1.123e+00  4.170e-03
 1.123e+00  4.134e-03
 1.123e+00  4.099e-03
 1.124e+00  4.064e-03
 1.125e+00  4.029e-03
 1.125e+00  3.995e-03
 1.125e+00  3.962e-03
 1.126e+00  3.928e-03
 1.127e+00  3.896e-03
 1.127e+00  3.863e-03
 1.127e+00  3.832e-03
 1.128e+00  3.800e-03
 1.129e+00  3.769e-03
 1.129e+00  3.738e-03
 1.129e+00  3.708e-03
 1.130e+00  3.678e-03
 1.131e+00  3.649e-03
 1.131e+00  3.619e-03
 1.131e+00  3.591e-03
 1.132e+00  3.562e-03
 1.133e+00  3.534e-03
 1.133e+00  3.506e-03
 1.133e+00  3.479e-03
 1.134e+00  3.452e-03
 1.135e+00  3.425e-03
 1.135e+00  3.399e-03
 1.135e+00  3.373e-03
 1.136e+00  3.347e-03
 1.137e+00  3.322e-03
 1.137e+00  3.296e-03
 1.137e+00  3.271e-03
 1.138e+00  3.247e-03
 1.139e+00  3.223e-03
 1.139e+00  3.199e-03
 1.139e+00  3.175e-03
 1.140e+00  3.151e-03
 1.141e+00  3.128e-03
 1.141e+00  3.105e-03
 1.141e+00  3.083e-03
 1.142e+00  3.060e-03
 1.143e+00  3.038e-03
 1.143e+00  3.016e-03
 1.143e+00  2.995e-03
 1.144e+00  2.973e-03
 1.145e+00  2.952e-03
 1.145e+00  2.931e-03
 1.145e+00  2.911e-03
 1.146e+00  2.890e-03
 1.147e+00  2.870e-03
 1.147e+00  2.850e-03
 1.147e+00  2.830e-03
 1.148e+00  2.811e-03
 1.149e+00  2.791e-03
 1.149e+00  2.772e-03
 1.149e+00  2.753e-03
 1.150e+00  2.734e-03
 1.151e+00  2.716e-03
 1.151e+00  2.697e-03
 1.151e+00  2.679e-03
 1.152e+00  2.661e-03
 1.153e+00  2.644e-03
 1.153e+00  2.626e-03
 1.153e+00  2.608e-03
 1.154e+00  2.591e-03
 1.155e+00  2.574e-03
 1.155e+00  2.557e-03
 1.155e+00  2.541e-03
 1.156e+00  2.524e-03
 1.157e+00  2.508e-03
 1.157e+00  2.491e-03
 1.157e+00  2.475e-03
 1.158e+00  2.460e-03
 1.159e+00  2.444e-03
 1.159e+00  2.428e-03
 1.159e+00  2.413e-03
 1.160e+00  2.398e-03
 1.161e+00  2.382e-03
 1.161e+00  2.367e-03
 1.161e+00  2.353e-03
 1.162e+00  2.338e-03
 1.163e+00  2.323e-03
 1.163e+00  2.309e-03
 1.163e+00  2.295e-03
 1.164e+00  2.281e-03
 1.165e+00  2.267e-03
 1.165e+00  2.253e-03
 1.165e+00  2.239e-03
 1.166e+00  2.226e-03
 1.167e+00  2.212e-03
 1.167e+00  2.199e-03
 1.167e+00  2.186e-03
 1.168e+00  2.172e-03
 1.169e+00  2.159e-03
 1.169e+00  2.147e-03
 1.169e+00  2.134e-03
 1.170e+00  2.121e-03
 1.171e+00  2.109e-03
 1.171e+00  2.096e-03
 1.171e+00  2.084e-03
 1.172e+00  2.072e-03
 1.173e+00  2.060e-03
 1.173e+00  2.048e-03
 1.173e+00  2.036e-03
 1.174e+00  2.024e-03
 1.175e+00  2.013e-03
 1.175e+00  2.001e-03
 1.175e+00  1.990e-03
 1.176e+00  1.978e-03
 1.177e+00  1.967e-03
 1.177e+00  1.956e-03
 1.177e+00  1.945e-03
 1.178e+00  1.934e-03
 1.179e+00  1.923e-03
 1.179e+00  1.913e-03
 1.179e+00  1.902e-03
 1.180e+00  1.891e-03
 1.181e+00  1.881e-03
 1.181e+00  1.871e-03
 1.181e+00  1.860e-03
 1.182e+00  1.850e-03
 1.183e+00  1.840e-03
 1.183e+00  1.830e-03
 1.183e+00  1.820e-03
 1.184e+00  1.810e-03
 1.185e+00  1.800e-03
 1.185e+00  1.791e-03
 1.185e+00  1.781e-03
 1.186e+00  1.771e-03
 1.187e+00  1.762e-03
 1.187e+00  1.753e-03
 1.188e+00  1.743e-03
 1.188e+00  1.734e-03
 1.189e+00  1.725e-03
 1.189e+00  1.716e-03
 1.190e+00  1.707e-03
 1.190e+00  1.698e-03
 1.191e+00  1.689e-03
 1.191e+00  1.680e-03
 1.192e+00  1.671e-03
 1.192e+00  1.663e-03
 1.193e+00  1.654e-03
 1.193e+00  1.646e-03
 1.194e+00  1.637e-03
 1.194e+00  1.629e-03
 1.195e+00  1.620e-03
 1.195e+00  1.612e-03
 1.196e+00  1.604e-03
 1.196e+00  1.596e-03
 1.197e+00  1.588e-03
 1.197e+00  1.580e-03
 1.198e+00  1.572e-03
 1.198e+00  1.564e-03
 1.199e+00  1.556e-03
 1.199e+00  1.548e-03
 1.200e+00  1.541e-03
 1.200e+00  1.533e-03
 1.201e+00  1.525e-03
 1.201e+00  1.518e-03
 1.202e+00  1.510e-03
 1.202e+00  1.503e-03
 1.203e+00  1.496e-03
 1.203e+00  1.488e-03
 1.204e+00  1.481e-03
 1.204e+00  1.474e-03
 1.205e+00  1.467e-03
 1.205e+00  1.460e-03
 1.206e+00  1.453e-03
 1.206e+00  1.446e-03
 1.207e+00  1.439e-03
 1.207e+00  1.432e-03
 1.208e+00  1.425e-03
 1.208e+00  1.418e-03
 1.209e+00  1.411e-03
 1.209e+00  1.405e-03
 1.210e+00  1.398e-03
 1.210e+00  1.392e-03
 1.211e+00  1.385e-03
 1.211e+00  1.378e-03
 1.212e+00  1.372e-03
 1.212e+00  1.366e-03
 1.213e+00  1.359e-03
 1.213e+00  1.353e-03
 1.214e+00  1.347e-03
 1.214e+00  1.340e-03
 1.215e+00  1.334e-03
 1.215e+00  1.328e-03
 1.216e+00  1.322e-03
 1.216e+00  1.316e-03
 1.216e+00  1.310e-03
 1.217e+00  1.304e-03
 1.218e+00  1.298e-03
 1.218e+00  1.292e-03
 1.218e+00  1.286e-03
 1.219e+00  1.280e-03
 1.220e+00  1.275e-03
 1.220e+00  1.269e-03
 1.220e+00  1.263e-03
 1.221e+00  1.258e-03
 1.222e+00  1.252e-03
 1.222e+00  1.246e-03
 1.222e+00  1.241e-03
 1.223e+00  1.235e-03
 1.224e+00  1.230e-03
 1.224e+00  1.224e-03
 1.224e+00  1.219e-03
 1.225e+00  1.214e-03
 1.226e+00  1.208e-03
 1.226e+00  1.203e-03
 1.226e+00  1.198e-03
 1.227e+00  1.192e-03
 1.228e+00  1.187e-03
 1.228e+00  1.182e-03
 1.228e+00  1.177e-03
 1.229e+00  1.172e-03
 1.230e+00  1.167e-03
 1.230e+00  1.162e-03
 1.230e+00  1.157e-03
 1.231e+00  1.152e-03
 1.232e+00  1.147e-03
 1.232e+00  1.142e-03
 1.232e+00  1.137e-03
 1.233e+00  1.132e-03
 1.234e+00  1.128e-03
 1.234e+00  1.123e-03
 1.234e+00  1.118e-03
 1.235e+00  1.113e-03
 1.236e+00  1.109e-03
 1.236e+00  1.104e-03
 1.236e+00  1.099e-03
 1.237e+00  1.095e-03
 1.238e+00  1.090e-03
 1.238e+00  1.086e-03
 1.238e+00  1.081e-03
 1.239e+00  1.077e-03
 1.240e+00  1.072e-03
 1.240e+00  1.068e-03
 1.240e+00  1.063e-03
 1.241e+00  1.059e-03
 1.242e+00  1.055e-03
 1.242e+00  1.050e-03
 1.242e+00  1.046e-03
 1.243e+00  1.042e-03
 1.244e+00  1.038e-03
 1.244e+00  1.033e-03
 1.244e+00  1.029e-03
 1.245e+00  1.025e-03
 1.246e+00  1.021e-03
 1.246e+00  1.017e-03
 1.246e+00  1.013e-03
 1.247e+00  1.009e-03
 1.248e+00  1.004e-03
 1.248e+00  1.000e-03
 1.248e+00  9.964e-04
 1.249e+00  9.925e-04
 1.250e+00  9.885e-04
 1.250e+00  9.846e-04
 1.250e+00  9.807e-04
 1.251e+00  9.768e-04
 1.252e+00  9.729e-04
 1.252e+00  9.691e-04
 1.252e+00  9.653e-04
 1.253e+00  9.615e-04
 1.254e+00  9.577e-04
 1.254e+00  9.540e-04
 1.254e+00  9.502e-04
 1.255e+00  9.465e-04
 1.256e+00  9.429e-04
 1.256e+00  9.392e-04
 1.256e+00  9.356e-04
 1.257e+00  9.319e-04
 1.258e+00  9.283e-04
 1.258e+00  9.248e-04
 1.258e+00  9.212e-04
 1.259e+00  9.176e-04
 1.260e+00  9.141e-04
 1.260e+00  9.106e-04
 1.260e+00  9.071e-04
 1.261e+00  9.037e-04
 1.262e+00  9.002e-04
 1.262e+00  8.968e-04
 1.262e+00  8.934e-04
 1.263e+00  8.900e-04
 1.264e+00  8.867e-04
 1.264e+00  8.833e-04
 1.264e+00  8.800e-04
 1.265e+00  8.767e-04
 1.266e+00  8.734e-04
 1.266e+00  8.701e-04
 1.266e+00  8.669e-04
 1.267e+00  8.636e-04
 1.268e+00  8.604e-04
 1.268e+00  8.572e-04
 1.268e+00  8.540e-04
 1.269e+00  8.508e-04
 1.270e+00  8.477e-04
 1.270e+00  8.446e-04
 1.270e+00  8.414e-04
 1.271e+00  8.383e-04
 1.272e+00  8.353e-04
 1.272e+00  8.322e-04
 1.272e+00  8.291e-04
 1.273e+00  8.261e-04
 1.274e+00  8.231e-04
 1.274e+00  8.201e-04
 1.274e+00  8.171e-04
 1.275e+00  8.141e-04
 1.276e+00  8.112e-04
 1.276e+00  8.082e-04
 1.276e+00  8.053e-04
 1.277e+00  8.024e-04
 1.278e+00  7.995e-04
 1.278e+00  7.966e-04
 1.278e+00  7.938e-04
 1.279e+00  7.909e-04
 1.280e+00  7.881e-04
 1.280e+00  7.853e-04
 1.280e+00  7.825e-04
 1.281e+00  7.797e-04
 1.282e+00  7.769e-04
 1.282e+00  7.741e-04
 1.282e+00  7.714e-04
 1.283e+00  7.687e-04
 1.284e+00  7.659e-04
 1.284e+00  7.632e-04
 1.284e+00  7.605e-04
 1.285e+00  7.579e-04
 1.286e+00  7.552e-04
 1.286e+00  7.526e-04
 1.286e+00  7.499e-04
 1.287e+00  7.473e-04
 1.288e+00  7.447e-04
 1.288e+00  7.421e-04
 1.288e+00  7.395e-04
 1.289e+00  7.369e-04
 1.290e+00  7.344e-04
 1.290e+00  7.318e-04
 1.290e+00  7.293e-04
 1.291e+00  7.268e-04
 1.292e+00  7.243e-04
 1.292e+00  7.218e-04
 1.292e+00  7.193e-04
 1.293e+00  7.168e-04
 1.294e+00  7.144e-04
 1.294e+00  7.119e-04
 1.294e+00  7.095e-04
 1.295e+00  7.071e-04
 1.296e+00  7.047e-04
 1.296e+00  7.023e-04
 1.296e+00  6.999e-04
 1.297e+00  6.975e-04
 1.298e+00  6.951e-04
 1.298e+00  6.928e-04
 1.298e+00  6.905e-04
 1.299e+00  6.881e-04
 1.300e+00  6.858e-04
 1.300e+00  6.835e-04
 1.300e+00  6.812e-04
 1.301e+00  6.789e-04
 1.302e+00  6.767e-04
 1.302e+00  6.744e-04
 1.302e+00  6.721e-04
 1.303e+00  6.699e-04
 1.304e+00  6.677e-04
 1.304e+00  6.655e-04
 1.304e+00  6.632e-04
 1.305e+00  6.610e-04
 1.306e+00  6.589e-04
 1.306e+00  6.567e-04
 1.306e+00  6.545e-04
 1.307e+00  6.524e-04
 1.308e+00  6.502e-04
 1.308e+00  6.481e-04
 1.308e+00  6.460e-04
 1.309e+00  6.438e-04
 1.310e+00  6.417e-04
 1.310e+00  6.396e-04
 1.310e+00  6.376e-04
 1.311e+00  6.355e-04
 1.312e+00  6.334e-04
 1.312e+00  6.314e-04
 1.312e+00  6.293e-04
 1.313e+00  6.273e-04
 1.314e+00  6.252e-04
 1.314e+00  6.232e-04
 1.315e+00  6.212e-04
 1.315e+00  6.192e-04
 1.316e+00  6.172e-04
 1.316e+00  6.152e-04
 1.317e+00  6.133e-04
 1.317e+00  6.113e-04
 1.318e+00  6.093e-04
 1.318e+00  6.074e-04
 1.319e+00  6.055e-04
 1.319e+00  6.035e-04
 1.320e+00  6.016e-04
 1.320e+00  5.997e-04
 1.321e+00  5.978e-04
 1.321e+00  5.959e-04
 1.322e+00  5.940e-04
 1.322e+00  5.921e-04
 1.323e+00  5.903e-04
 1.323e+00  5.884e-04
 1.324e+00  5.866e-04
 1.324e+00  5.847e-04
 1.325e+00  5.829e-04
 1.325e+00  5.811e-04
 1.326e+00  5.792e-04
 1.326e+00  5.774e-04
 1.327e+00  5.756e-04
 1.327e+00  5.738e-04
 1.328e+00  5.721e-04
 1.328e+00  5.703e-04
 1.329e+00  5.685e-04
 1.329e+00  5.667e-04
 1.330e+00  5.650e-04
 1.330e+00  5.632e-04
 1.331e+00  5.615e-04
 1.331e+00  5.598e-04
 1.332e+00  5.581e-04
 1.332e+00  5.563e-04
 1.333e+00  5.546e-04
 1.333e+00  5.529e-04
 1.334e+00  5.512e-04
 1.334e+00  5.495e-04
 1.335e+00  5.479e-04
 1.335e+00  5.462e-04
 1.336e+00  5.445e-04
 1.336e+00  5.429e-04
 1.337e+00  5.412e-04
 1.337e+00  5.396e-04
 1.338e+00  5.380e-04
 1.338e+00  5.363e-04
 1.339e+00  5.347e-04
 1.339e+00  5.331e-04
 1.340e+00  5.315e-04
 1.340e+00  5.299e-04
 1.341e+00  5.283e-04
 1.341e+00  5.267e-04
 1.342e+00  5.251e-04
 1.342e+00  5.235e-04
 1.343e+00  5.220e-04
 1.343e+00  5.204e-04
 1.344e+00  5.189e-04
 1.344e+00  5.173e-04
 1.345e+00  5.158e-04
 1.345e+00  5.142e-04
 1.345e+00  5.127e-04
 1.346e+00  5.112e-04
 1.347e+00  5.097e-04
 1.347e+00  5.082e-04
 1.347e+00  5.067e-04
 1.348e+00  5.052e-04
 1.349e+00  5.037e-04
 1.349e+00  5.022e-04
 1.349e+00  5.007e-04
 1.350e+00  4.993e-04
 1.351e+00  4.978e-04
 1.351e+00  4.963e-04
 1.351e+00  4.949e-04
 1.352e+00  4.934e-04
 1.353e+00  4.920e-04
 1.353e+00  4.906e-04
 1.353e+00  4.891e-04
 1.354e+00  4.877e-04
 1.355e+00  4.863e-04
 1.355e+00  4.849e-04
 1.355e+00  4.835e-04
 1.356e+00  4.821e-04
 1.357e+00  4.807e-04
 1.357e+00  4.793e-04
 1.357e+00  4.779e-04
 1.358e+00  4.766e-04
 1.359e+00  4.752e-04
 1.359e+00  4.738e-04
 1.359e+00  4.725e-04
 1.360e+00  4.711e-04
 1.361e+00  4.698e-04
 1.361e+00  4.684e-04
 1.361e+00  4.671e-04
 1.362e+00  4.658e-04
 1.363e+00  4.644e-04
 1.363e+00  4.631e-04
 1.363e+00  4.618e-04
 1.364e+00  4.605e-04
 1.365e+00  4.592e-04
 1.365e+00  4.579e-04
 1.365e+00  4.566e-04
 1.366e+00  4.553e-04
 1.367e+00  4.540e-04
 1.367e+00  4.528e-04
 1.367e+00  4.515e-04
 1.368e+00  4.502e-04
 1.369e+00  4.490e-04
 1.369e+00  4.477e-04
 1.369e+00  4.464e-04
 1.370e+00  4.452e-04
 1.371e+00  4.440e-04
 1.371e+00  4.427e-04
 1.371e+00  4.415e-04
 1.372e+00  4.403e-04
 1.373e+00  4.390e-04
 1.373e+00  4.378e-04
 1.373e+00  4.366e-04
 1.374e+00  4.354e-04
 1.375e+00  4.342e-04
 1.375e+00  4.330e-04
 1.375e+00  4.318e-04
 1.376e+00  4.306e-04
 1.377e+00  4.294e-04
 1.377e+00  4.283e-04
 1.377e+00  4.271e-04
 1.378e+00  4.259e-04
 1.379e+00  4.247e-04
 1.379e+00  4.236e-04
 1.379e+00  4.224e-04
 1.380e+00  4.213e-04
 1.381e+00  4.201e-04
 1.381e+00  4.190e-04
 1.381e+00  4.178e-04
 1.382e+00  4.167e-04
 1.383e+00  4.156e-04
 1.383e+00  4.145e-04
 1.383e+00  4.133e-04
 1.384e+00  4.122e-04
 1.385e+00  4.111e-04
 1.385e+00  4.100e-04
 1.385e+00  4.089e-04
 1.386e+00  4.078e-04
 1.387e+00  4.067e-04
 1.387e+00  4.056e-04
 1.387e+00  4.045e-04
 1.388e+00  4.035e-04
 1.389e+00  4.024e-04
 1.389e+00  4.013e-04
 1.389e+00  4.002e-04
 1.390e+00  3.992e-04
 1.391e+00  3.981e-04
 1.391e+00  3.971e-04
 1.391e+00  3.960e-04
 1.392e+00  3.949e-04
 1.393e+00  3.939e-04
 1.393e+00  3.929e-04
 1.393e+00  3.918e-04
 1.394e+00  3.908e-04
 1.395e+00  3.898e-04
 1.395e+00  3.887e-04
 1.395e+00  3.877e-04
 1.396e+00  3.867e-04
 1.397e+00  3.857e-04
 1.397e+00  3.847e-04
 1.397e+00  3.837e-04
 1.398e+00  3.827e-04
 1.399e+00  3.817e-04
 1.399e+00  3.807e-04
 1.399e+00  3.797e-04
 1.400e+00  3.787e-04
 1.401e+00  3.777e-04
 1.401e+00  3.768e-04
 1.401e+00  3.758e-04
 1.402e+00  3.748e-04
 1.403e+00  3.738e-04
 1.403e+00  3.729e-04
 1.403e+00  3.719e-04
 1.404e+00  3.710e-04
 1.405e+00  3.700e-04
 1.405e+00  3.691e-04
 1.405e+00  3.681e-04
 1.406e+00  3.672e-04
 1.407e+00  3.662e-04
 1.407e+00  3.653e-04
 1.407e+00  3.644e-04
 1.408e+00  3.634e-04
 1.409e+00  3.625e-04
 1.409e+00  3.616e-04
 1.409e+00  3.607e-04
 1.410e+00  3.598e-04
 1.411e+00  3.589e-04
 1.411e+00  3.579e-04
 1.411e+00  3.570e-04
 1.412e+00  3.561e-04
 1.413e+00  3.552e-04
 1.413e+00  3.544e-04
 1.413e+00  3.535e-04
 1.414e+00  3.526e-04
 1.415e+00  3.517e-04
 1.415e+00  3.508e-04
 1.415e+00  3.499e-04
 1.416e+00  3.491e-04
 1.417e+00  3.482e-04
 1.417e+00  3.473e-04
 1.417e+00  3.465e-04
 1.418e+00  3.456e-04
 1.419e+00  3.447e-04
 1.419e+00  3.439e-04
 1.419e+00  3.430e-04
 1.420e+00  3.422e-04
 1.421e+00  3.413e-04
 1.421e+00  3.405e-04
 1.421e+00  3.397e-04
 1.422e+00  3.388e-04
 1.423e+00  3.380e-04
 1.423e+00  3.372e-04
 1.423e+00  3.363e-04
 1.424e+00  3.355e-04
 1.425e+00  3.347e-04
 1.425e+00  3.339e-04
 1.425e+00  3.331e-04
 1.426e+00  3.323e-04
 1.427e+00  3.314e-04
 1.427e+00  3.306e-04
 1.427e+00  3.298e-04
 1.428e+00  3.290e-04
 1.429e+00  3.282e-04
 1.429e+00  3.275e-04
 1.429e+00  3.267e-04
 1.430e+00  3.259e-04
 1.431e+00  3.251e-04
 1.431e+00  3.243e-04
 1.431e+00  3.235e-04
 1.432e+00  3.228e-04
 1.433e+00  3.220e-04
 1.433e+00  3.212e-04
 1.433e+00  3.204e-04
 1.434e+00  3.197e-04
 1.435e+00  3.189e-04
 1.435e+00  3.182e-04
 1.435e+00  3.174e-04
 1.436e+00  3.167e-04
 1.437e+00  3.159e-04
 1.437e+00  3.152e-04
 1.438e+00  3.144e-04
 1.438e+00  3.137e-04
 1.439e+00  3.129e-04
 1.439e+00  3.122e-04
 1.440e+00  3.115e-04
 1.440e+00  3.107e-04
 1.441e+00  3.100e-04
 1.441e+00  3.093e-04
 1.442e+00  3.085e-04
 1.442e+00  3.078e-04
 1.443e+00  3.071e-04
 1.443e+00  3.064e-04
 1.444e+00  3.057e-04
 1.444e+00  3.050e-04
 1.445e+00  3.043e-04
 1.445e+00  3.036e-04
 1.446e+00  3.029e-04
 1.446e+00  3.022e-04
 1.447e+00  3.015e-04
 1.447e+00  3.008e-04
 1.448e+00  3.001e-04
 1.448e+00  2.994e-04
 1.449e+00  2.987e-04
 1.449e+00  2.980e-04
 1.450e+00  2.973e-04
 1.450e+00  2.966e-04
 1.451e+00  2.960e-04
 1.451e+00  2.953e-04
 1.452e+00  2.946e-04
 1.452e+00  2.939e-04
 1.453e+00  2.933e-04
 1.453e+00  2.926e-04
 1.454e+00  2.920e-04
 1.454e+00  2.913e-04
 1.455e+00  2.906e-04
 1.455e+00  2.900e-04
 1.456e+00  2.893e-04
 1.456e+00  2.887e-04
 1.457e+00  2.880e-04
 1.457e+00  2.874e-04
 1.458e+00  2.867e-04
 1.458e+00  2.861e-04
 1.459e+00  2.855e-04
 1.459e+00  2.848e-04
 1.460e+00  2.842e-04
 1.460e+00  2.836e-04
 1.461e+00  2.829e-04
 1.461e+00  2.823e-04
 1.462e+00  2.817e-04
 1.462e+00  2.810e-04
 1.463e+00  2.804e-04
 1.463e+00  2.798e-04
 1.464e+00  2.792e-04
 1.464e+00  2.786e-04
 1.465e+00  2.780e-04
 1.465e+00  2.774e-04
 1.466e+00  2.767e-04
 1.466e+00  2.761e-04
 1.467e+00  2.755e-04
 1.467e+00  2.749e-04
 1.468e+00  2.743e-04
 1.468e+00  2.737e-04
 1.469e+00  2.731e-04
 1.469e+00  2.726e-04
 1.470e+00  2.720e-04
 1.470e+00  2.714e-04
 1.471e+00  2.708e-04
 1.471e+00  2.702e-04
 1.472e+00  2.696e-04
 1.472e+00  2.690e-04
 1.472e+00  2.685e-04
 1.473e+00  2.679e-04
 1.474e+00  2.673e-04
 1.474e+00  2.668e-04
 1.474e+00  2.662e-04
 1.475e+00  2.656e-04
 1.476e+00  2.650e-04
 1.476e+00  2.645e-04
 1.476e+00  2.639e-04
 1.477e+00  2.634e-04
 1.478e+00  2.628e-04
 1.478e+00  2.623e-04
 1.478e+00  2.617e-04
 1.479e+00  2.612e-04
 1.480e+00  2.606e-04
 1.480e+00  2.601e-04
 1.480e+00  2.595e-04
 1.481e+00  2.590e-04
 1.482e+00  2.584e-04
 1.482e+00  2.579e-04
 1.482e+00  2.574e-04
 1.483e+00  2.568e-04
 1.484e+00  2.563e-04
 1.484e+00  2.558e-04
 1.484e+00  2.552e-04
 1.485e+00  2.547e-04
 1.486e+00  2.542e-04
 1.486e+00  2.536e-04
 1.486e+00  2.531e-04
 1.487e+00  2.526e-04
 1.488e+00  2.521e-04
 1.488e+00  2.516e-04
 1.488e+00  2.511e-04
 1.489e+00  2.505e-04
 1.490e+00  2.500e-04
 1.490e+00  2.495e-04
 1.490e+00  2.490e-04
 1.491e+00  2.485e-04
 1.492e+00  2.480e-04
 1.492e+00  2.475e-04
 1.492e+00  2.470e-04
 1.493e+00  2.465e-04
 1.494e+00  2.460e-04
 1.494e+00  2.455e-04
 1.494e+00  2.450e-04
 1.495e+00  2.445e-04
 1.496e+00  2.441e-04
 1.496e+00  2.436e-04
 1.496e+00  2.431e-04
 1.497e+00  2.426e-04
 1.498e+00  2.421e-04
 1.498e+00  2.416e-04
 1.498e+00  2.412e-04
 1.499e+00  2.407e-04
 1.500e+00  2.402e-04
 1.500e+00  2.397e-04
 1.500e+00  2.391e-04
 1.501e+00  2.384e-04
 1.502e+00  2.377e-04
 1.502e+00  2.371e-04
 1.502e+00  2.364e-04
 1.503e+00  2.357e-04
 1.504e+00  2.351e-04
 1.504e+00  2.344e-04
 1.504e+00  2.338e-04
 1.505e+00  2.331e-04
 1.506e+00  2.325e-04
 1.506e+00  2.318e-04
 1.506e+00  2.312e-04
 1.507e+00  2.305e-04
 1.508e+00  2.299e-04
 1.508e+00  2.292e-04
 1.508e+00  2.286e-04
 1.509e+00  2.280e-04
 1.510e+00  2.273e-04
 1.510e+00  2.267e-04
 1.510e+00  2.261e-04
 1.511e+00  2.255e-04
 1.512e+00  2.248e-04
 1.512e+00  2.242e-04
 1.512e+00  2.236e-04
 1.513e+00  2.230e-04
 1.514e+00  2.224e-04
 1.514e+00  2.218e-04
 1.514e+00  2.212e-04
 1.515e+00  2.205e-04
 1.516e+00  2.199e-04
 1.516e+00  2.193e-04
 1.516e+00  2.187e-04
 1.517e+00  2.181e-04
 1.518e+00  2.175e-04
 1.518e+00  2.170e-04
 1.518e+00  2.164e-04
 1.519e+00  2.158e-04
 1.520e+00  2.152e-04
 1.520e+00  2.146e-04
 1.520e+00  2.140e-04
 1.521e+00  2.134e-04
 1.522e+00  2.129e-04
 1.522e+00  2.123e-04
 1.522e+00  2.117e-04
 1.523e+00  2.111e-04
 1.524e+00  2.106e-04
 1.524e+00  2.100e-04
 1.524e+00  2.094e-04
 1.525e+00  2.089e-04
 1.526e+00  2.083e-04
 1.526e+00  2.077e-04
 1.526e+00  2.072e-04
 1.527e+00  2.066e-04
 1.528e+00  2.061e-04
 1.528e+00  2.055e-04
 1.528e+00  2.049e-04
 1.529e+00  2.044e-04
 1.530e+00  2.038e-04
 1.530e+00  2.033e-04
 1.530e+00  2.028e-04
 1.531e+00  2.022e-04
 1.532e+00  2.017e-04
 1.532e+00  2.011e-04
 1.532e+00  2.006e-04
 1.533e+00  2.001e-04
 1.534e+00  1.995e-04
 1.534e+00  1.990e-04
 1.534e+00  1.985e-04
 1.535e+00  1.979e-04
 1.536e+00  1.974e-04
 1.536e+00  1.969e-04
 1.536e+00  1.964e-04
 1.537e+00  1.959e-04
 1.538e+00  1.953e-04
 1.538e+00  1.948e-04
 1.538e+00  1.943e-04
 1.539e+00  1.938e-04
 1.540e+00  1.933e-04
 1.540e+00  1.928e-04
 1.540e+00  1.923e-04
 1.541e+00  1.918e-04
 1.542e+00  1.912e-04
 1.542e+00  1.907e-04
 1.542e+00  1.902e-04
 1.543e+00  1.897e-04
 1.544e+00  1.892e-04
 1.544e+00  1.887e-04
 1.544e+00  1.883e-04
 1.545e+00  1.878e-04
 1.546e+00  1.873e-04
 1.546e+00  1.868e-04
 1.546e+00  1.863e-04
 1.547e+00  1.858e-04
 1.548e+00  1.853e-04
 1.548e+00  1.848e-04
 1.548e+00  1.844e-04
 1.549e+00  1.839e-04
 1.550e+00  1.834e-04
 1.550e+00  1.829e-04
 1.550e+00  1.824e-04
 1.551e+00  1.820e-04
 1.552e+00  1.815e-04
 1.552e+00  1.810e-04
 1.552e+00  1.806e-04
 1.553e+00  1.801e-04
 1.554e+00  1.796e-04
 1.554e+00  1.792e-04
 1.554e+00  1.787e-04
 1.555e+00  1.782e-04
 1.556e+00  1.778e-04
 1.556e+00  1.773e-04
 1.556e+00  1.769e-04
 1.557e+00  1.764e-04
 1.558e+00  1.760e-04
 1.558e+00  1.755e-04
 1.558e+00  1.751e-04
 1.559e+00  1.746e-04
 1.560e+00  1.742e-04
 1.560e+00  1.737e-04
 1.560e+00  1.733e-04
 1.561e+00  1.728e-04
 1.562e+00  1.724e-04
 1.562e+00  1.720e-04
 1.562e+00  1.715e-04
 1.563e+00  1.711e-04
 1.564e+00  1.706e-04
 1.564e+00  1.702e-04
 1.565e+00  1.698e-04
 1.565e+00  1.693e-04
 1.566e+00  1.689e-04
 1.566e+00  1.685e-04
 1.567e+00  1.681e-04
 1.567e+00  1.676e-04
 1.568e+00  1.672e-04
 1.568e+00  1.668e-04
 1.569e+00  1.664e-04
 1.569e+00  1.659e-04
 1.570e+00  1.655e-04
 1.570e+00  1.651e-04
 1.571e+00  1.647e-04
 1.571e+00  1.643e-04
 1.572e+00  1.639e-04
 1.572e+00  1.634e-04
 1.573e+00  1.630e-04
 1.573e+00  1.626e-04
 1.574e+00  1.622e-04
 1.574e+00  1.618e-04
 1.575e+00  1.614e-04
 1.575e+00  1.610e-04
 1.576e+00  1.606e-04
 1.576e+00  1.602e-04
 1.577e+00  1.598e-04
 1.577e+00  1.594e-04
 1.578e+00  1.590e-04
 1.578e+00  1.586e-04
 1.579e+00  1.582e-04
 1.579e+00  1.578e-04
 1.580e+00  1.574e-04
 1.580e+00  1.570e-04
 1.581e+00  1.566e-04
 1.581e+00  1.563e-04
 1.582e+00  1.559e-04
 1.582e+00  1.555e-04
 1.583e+00  1.551e-04
 1.583e+00  1.547e-04
 1.584e+00  1.543e-04
 1.584e+00  1.539e-04
 1.585e+00  1.536e-04
 1.585e+00  1.532e-04
 1.586e+00  1.528e-04
 1.586e+00  1.524e-04
 1.587e+00  1.521e-04
 1.587e+00  1.517e-04
 1.588e+00  1.513e-04
 1.588e+00  1.509e-04
 1.589e+00  1.506e-04
 1.589e+00  1.502e-04
 1.590e+00  1.498e-04
 1.590e+00  1.495e-04
 1.591e+00  1.491e-04
 1.591e+00  1.487e-04
 1.592e+00  1.484e-04
 1.592e+00  1.480e-04
 1.593e+00  1.476e-04
 1.593e+00  1.473e-04
 1.594e+00  1.469e-04
 1.594e+00  1.466e-04
 1.595e+00  1.462e-04
 1.595e+00  1.458e-04
 1.596e+00  1.455e-04
 1.596e+00  1.451e-04
 1.597e+00  1.448e-04
 1.597e+00  1.444e-04
 1.598e+00  1.441e-04
 1.598e+00  1.437e-04
 1.599e+00  1.434e-04
 1.599e+00  1.430e-04
 1.600e+00  1.427e-04
 1.600e+00  1.423e-04
 1.601e+00  1.420e-04
 1.601e+00  1.417e-04
 1.601e+00  1.413e-04
 1.602e+00  1.410e-04
 1.603e+00  1.406e-04
 1.603e+00  1.403e-04
 1.603e+00  1.400e-04
 1.604e+00  1.396e-04
 1.605e+00  1.393e-04
 1.605e+00  1.390e-04
 1.605e+00  1.386e-04
 1.606e+00  1.383e-04
 1.607e+00  1.380e-04
 1.607e+00  1.376e-04
 1.607e+00  1.373e-04
 1.608e+00  1.370e-04
 1.609e+00  1.366e-04
 1.609e+00  1.363e-04
 1.609e+00  1.360e-04
 1.610e+00  1.357e-04
 1.611e+00  1.353e-04
 1.611e+00  1.350e-04
 1.611e+00  1.347e-04
 1.612e+00  1.344e-04
 1.613e+00  1.341e-04
 1.613e+00  1.337e-04
 1.613e+00  1.334e-04
 1.614e+00  1.331e-04
 1.615e+00  1.328e-04
 1.615e+00  1.325e-04
 1.615e+00  1.322e-04
 1.616e+00  1.318e-04
 1.617e+00  1.315e-04
 1.617e+00  1.312e-04
 1.617e+00  1.309e-04
 1.618e+00  1.306e-04
 1.619e+00  1.303e-04
 1.619e+00  1.300e-04
 1.619e+00  1.297e-04
 1.620e+00  1.294e-04
 1.621e+00  1.291e-04
 1.621e+00  1.288e-04
 1.621e+00  1.285e-04
 1.622e+00  1.282e-04
 1.623e+00  1.279e-04
 1.623e+00  1.276e-04
 1.623e+00  1.273e-04
 1.624e+00  1.270e-04
 1.625e+00  1.267e-04
 1.625e+00  1.264e-04
 1.625e+00  1.261e-04
 1.626e+00  1.258e-04
 1.627e+00  1.255e-04
 1.627e+00  1.252e-04
 1.627e+00  1.249e-04
 1.628e+00  1.246e-04
 1.629e+00  1.243e-04
 1.629e+00  1.240e-04
 1.629e+00  1.237e-04
 1.630e+00  1.235e-04
 1.631e+00  1.232e-04
 1.631e+00  1.229e-04
 1.631e+00  1.226e-04
 1.632e+00  1.223e-04
 1.633e+00  1.220e-04
 1.633e+00  1.218e-04
 1.633e+00  1.215e-04
 1.634e+00  1.212e-04
 1.635e+00  1.209e-04
 1.635e+00  1.206e-04
 1.635e+00  1.204e-04
 1.636e+00  1.201e-04
 1.637e+00  1.198e-04
 1.637e+00  1.195e-04
 1.637e+00  1.192e-04
 1.638e+00  1.190e-04
 1.639e+00  1.187e-04
 1.639e+00  1.184e-04
 1.639e+00  1.182e-04
 1.640e+00  1.179e-04
 1.641e+00  1.176e-04
 1.641e+00  1.173e-04
 1.641e+00  1.171e-04
 1.642e+00  1.168e-04
 1.643e+00  1.165e-04
 1.643e+00  1.163e-04
 1.643e+00  1.160e-04
 1.644e+00  1.157e-04
 1.645e+00  1.155e-04
 1.645e+00  1.152e-04
 1.645e+00  1.150e-04
 1.646e+00  1.147e-04
 1.647e+00  1.144e-04
 1.647e+00  1.142e-04
 1.647e+00  1.139e-04
 1.648e+00  1.137e-04
 1.649e+00  1.134e-04
 1.649e+00  1.131e-04
 1.649e+00  1.129e-04
 1.650e+00  1.126e-04
 1.651e+00  1.124e-04
 1.651e+00  1.121e-04
 1.651e+00  1.119e-04
 1.652e+00  1.116e-04
 1.653e+00  1.114e-04
 1.653e+00  1.111e-04
 1.653e+00  1.109e-04
 1.654e+00  1.106e-04
 1.655e+00  1.104e-04
 1.655e+00  1.101e-04
 1.655e+00  1.099e-04
 1.656e+00  1.096e-04
 1.657e+00  1.094e-04
 1.657e+00  1.091e-04
 1.657e+00  1.089e-04
 1.658e+00  1.086e-04
 1.659e+00  1.084e-04
 1.659e+00  1.081e-04
 1.659e+00  1.079e-04
 1.660e+00  1.077e-04
 1.661e+00  1.074e-04
 1.661e+00  1.072e-04
 1.661e+00  1.069e-04
 1.662e+00  1.067e-04
 1.663e+00  1.065e-04
 1.663e+00  1.062e-04
 1.663e+00  1.060e-04
 1.664e+00  1.058e-04
 1.665e+00  1.055e-04
 1.665e+00  1.053e-04
 1.665e+00  1.051e-04
 1.666e+00  1.048e-04
 1.667e+00  1.046e-04
 1.667e+00  1.044e-04
 1.667e+00  1.041e-04
 1.668e+00  1.039e-04
 1.669e+00  1.037e-04
 1.669e+00  1.034e-04
 1.669e+00  1.032e-04
 1.670e+00  1.030e-04
 1.671e+00  1.028e-04
 1.671e+00  1.025e-04
 1.671e+00  1.023e-04
 1.672e+00  1.021e-04
 1.673e+00  1.018e-04
 1.673e+00  1.016e-04
 1.673e+00  1.014e-04
 1.674e+00  1.012e-04
 1.675e+00  1.010e-04
 1.675e+00  1.007e-04
 1.675e+00  1.005e-04
 1.676e+00  1.003e-04
 1.677e+00  1.001e-04
 1.677e+00  9.985e-05
 1.677e+00  9.963e-05
 1.678e+00  9.942e-05
 1.679e+00  9.920e-05
 1.679e+00  9.898e-05
 1.679e+00  9.876e-05
 1.680e+00  9.855e-05
 1.681e+00  9.833e-05
 1.681e+00  9.812e-05
 1.681e+00  9.791e-05
 1.682e+00  9.769e-05
 1.683e+00  9.748e-05
 1.683e+00  9.727e-05
 1.683e+00  9.706e-05
 1.684e+00  9.685e-05
 1.685e+00  9.663e-05
 1.685e+00  9.643e-05
 1.685e+00  9.622e-05
 1.686e+00  9.601e-05
 1.687e+00  9.580e-05
 1.687e+00  9.559e-05
 1.688e+00  9.538e-05
 1.688e+00  9.518e-05
 1.689e+00  9.497e-05
 1.689e+00  9.477e-05
 1.690e+00  9.456e-05
 1.690e+00  9.436e-05
 1.691e+00  9.416e-05
 1.691e+00  9.395e-05
 1.692e+00  9.375e-05
 1.692e+00  9.355e-05
 1.693e+00  9.335e-05
 1.693e+00  9.315e-05
 1.694e+00  9.295e-05
 1.694e+00  9.275e-05
 1.695e+00  9.255e-05
 1.695e+00  9.235e-05
 1.696e+00  9.215e-05
 1.696e+00  9.195e-05
 1.697e+00  9.176e-05
 1.697e+00  9.156e-05
 1.698e+00  9.136e-05
 1.698e+00  9.117e-05
 1.699e+00  9.097e-05
 1.699e+00  9.078e-05
 1.700e+00  9.059e-05
 1.700e+00  9.039e-05
 1.701e+00  9.020e-05
 1.701e+00  9.001e-05
 1.702e+00  8.982e-05
 1.702e+00  8.963e-05
 1.703e+00  8.944e-05
 1.703e+00  8.925e-05
 1.704e+00  8.906e-05
 1.704e+00  8.887e-05
 1.705e+00  8.868e-05
 1.705e+00  8.849e-05
 1.706e+00  8.830e-05
 1.706e+00  8.812e-05
 1.707e+00  8.793e-05
 1.707e+00  8.774e-05
 1.708e+00  8.756e-05
 1.708e+00  8.737e-05
 1.709e+00  8.719e-05
 1.709e+00  8.700e-05
 1.710e+00  8.682e-05
 1.710e+00  8.664e-05
 1.711e+00  8.645e-05
 1.711e+00  8.627e-05
 1.712e+00  8.609e-05
 1.712e+00  8.591e-05
 1.713e+00  8.573e-05
 1.713e+00  8.555e-05
 1.714e+00  8.537e-05
 1.714e+00  8.519e-05
 1.715e+00  8.501e-05
 1.715e+00  8.483e-05
 1.716e+00  8.466e-05
 1.716e+00  8.448e-05
 1.717e+00  8.430e-05
 1.717e+00  8.412e-05
 1.718e+00  8.395e-05
 1.718e+00  8.377e-05
 1.719e+00  8.360e-05
 1.719e+00  8.342e-05
 1.720e+00  8.325e-05
 1.720e+00  8.308e-05
 1.721e+00  8.290e-05
 1.721e+00  8.273e-05
 1.722e+00  8.256e-05
 1.722e+00  8.239e-05
 1.723e+00  8.222e-05
 1.723e+00  8.204e-05
 1.724e+00  8.187e-05
 1.724e+00  8.170e-05
 1.725e+00  8.154e-05
 1.725e+00  8.137e-05
 1.726e+00  8.120e-05
 1.726e+00  8.103e-05
 1.727e+00  8.086e-05
 1.727e+00  8.069e-05
 1.728e+00  8.053e-05
 1.728e+00  8.036e-05
 1.728e+00  8.020e-05
 1.729e+00  8.003e-05
 1.730e+00  7.986e-05
 1.730e+00  7.970e-05
 1.730e+00  7.954e-05
 1.731e+00  7.937e-05
 1.732e+00  7.921e-05
 1.732e+00  7.905e-05
 1.732e+00  7.888e-05
 1.733e+00  7.872e-05
 1.734e+00  7.856e-05
 1.734e+00  7.840e-05
 1.734e+00  7.824e-05
 1.735e+00  7.808e-05
 1.736e+00  7.792e-05
 1.736e+00  7.776e-05
 1.736e+00  7.760e-05
 1.737e+00  7.744e-05
 1.738e+00  7.728e-05
 1.738e+00  7.712e-05
 1.738e+00  7.697e-05
 1.739e+00  7.681e-05
 1.740e+00  7.665e-05
 1.740e+00  7.650e-05
 1.740e+00  7.634e-05
 1.741e+00  7.618e-05
 1.742e+00  7.603e-05
 1.742e+00  7.587e-05
 1.742e+00  7.572e-05
 1.743e+00  7.557e-05
 1.744e+00  7.541e-05
 1.744e+00  7.526e-05
 1.744e+00  7.511e-05
 1.745e+00  7.495e-05
 1.746e+00  7.480e-05
 1.746e+00  7.465e-05
 1.746e+00  7.450e-05
 1.747e+00  7.435e-05
 1.748e+00  7.420e-05
 1.748e+00  7.405e-05
 1.748e+00  7.390e-05
 1.749e+00  7.375e-05
 1.750e+00  7.360e-05
 1.750e+00  7.345e-05
 1.750e+00  7.330e-05
 1.751e+00  7.316e-05
 1.752e+00  7.301e-05
 1.752e+00  7.286e-05
 1.752e+00  7.272e-05
 1.753e+00  7.257e-05
 1.754e+00  7.242e-05
 1.754e+00  7.228e-05
 1.754e+00  7.213e-05
 1.755e+00  7.199e-05
 1.756e+00  7.184e-05
 1.756e+00  7.170e-05
 1.756e+00  7.156e-05
 1.757e+00  7.141e-05
 1.758e+00  7.127e-05
 1.758e+00  7.113e-05
 1.758e+00  7.099e-05
 1.759e+00  7.084e-05
 1.760e+00  7.070e-05
 1.760e+00  7.056e-05
 1.760e+00  7.042e-05
 1.761e+00  7.028e-05
 1.762e+00  7.014e-05
 1.762e+00  7.000e-05
 1.762e+00  6.986e-05
 1.763e+00  6.972e-05
 1.764e+00  6.958e-05
 1.764e+00  6.945e-05
 1.764e+00  6.931e-05
 1.765e+00  6.917e-05
 1.766e+00  6.903e-05
 1.766e+00  6.890e-05
 1.766e+00  6.876e-05
 1.767e+00  6.862e-05
 1.768e+00  6.849e-05
 1.768e+00  6.835e-05
 1.768e+00  6.822e-05
 1.769e+00  6.808e-05
 1.770e+00  6.795e-05
 1.770e+00  6.781e-05
 1.770e+00  6.768e-05
 1.771e+00  6.755e-05
 1.772e+00  6.741e-05
 1.772e+00  6.728e-05
 1.772e+00  6.715e-05
 1.773e+00  6.701e-05
 1.774e+00  6.688e-05
 1.774e+00  6.675e-05
 1.774e+00  6.662e-05
 1.775e+00  6.649e-05
 1.776e+00  6.636e-05
 1.776e+00  6.623e-05
 1.776e+00  6.610e-05
 1.777e+00  6.597e-05
 1.778e+00  6.584e-05
 1.778e+00  6.571e-05
 1.778e+00  6.558e-05
 1.779e+00  6.545e-05
 1.780e+00  6.533e-05
 1.780e+00  6.520e-05
 1.780e+00  6.507e-05
 1.781e+00  6.494e-05
 1.782e+00  6.482e-05
 1.782e+00  6.469e-05
 1.782e+00  6.456e-05
 1.783e+00  6.444e-05
 1.784e+00  6.431e-05
 1.784e+00  6.419e-05
 1.784e+00  6.406e-05
 1.785e+00  6.394e-05
 1.786e+00  6.381e-05
 1.786e+00  6.369e-05
 1.786e+00  6.357e-05
 1.787e+00  6.344e-05
 1.788e+00  6.332e-05
 1.788e+00  6.320e-05
 1.788e+00  6.308e-05
 1.789e+00  6.295e-05
 1.790e+00  6.283e-05
 1.790e+00  6.271e-05
 1.790e+00  6.259e-05
 1.791e+00  6.247e-05
 1.792e+00  6.235e-05
 1.792e+00  6.223e-05
 1.792e+00  6.211e-05
 1.793e+00  6.199e-05
 1.794e+00  6.187e-05
 1.794e+00  6.175e-05
 1.794e+00  6.163e-05
 1.795e+00  6.151e-05
 1.796e+00  6.139e-05
 1.796e+00  6.127e-05
 1.796e+00  6.116e-05
 1.797e+00  6.104e-05
 1.798e+00  6.092e-05
 1.798e+00  6.080e-05
 1.798e+00  6.069e-05
 1.799e+00  6.057e-05
 1.800e+00  6.046e-05
 1.800e+00  6.034e-05
 1.800e+00  6.022e-05
 1.801e+00  6.011e-05
 1.802e+00  5.999e-05
 1.802e+00  5.988e-05
 1.802e+00  5.977e-05
 1.803e+00  5.965e-05
 1.804e+00  5.954e-05
 1.804e+00  5.942e-05
 1.804e+00  5.931e-05
 1.805e+00  5.920e-05
 1.806e+00  5.908e-05
 1.806e+00  5.897e-05
 1.806e+00  5.886e-05
 1.807e+00  5.875e-05
 1.808e+00  5.864e-05
 1.808e+00  5.853e-05
 1.808e+00  5.841e-05
 1.809e+00  5.830e-05
 1.810e+00  5.819e-05
 1.810e+00  5.808e-05
 1.810e+00  5.797e-05
 1.811e+00  5.786e-05
 1.812e+00  5.775e-05
 1.812e+00  5.764e-05
 1.812e+00  5.753e-05
 1.813e+00  5.743e-05
 1.814e+00  5.732e-05
 1.814e+00  5.721e-05
 1.815e+00  5.710e-05
 1.815e+00  5.699e-05
 1.816e+00  5.689e-05
 1.816e+00  5.678e-05
 1.817e+00  5.667e-05
 1.817e+00  5.656e-05
 1.818e+00  5.646e-05
 1.818e+00  5.635e-05
 1.819e+00  5.625e-05
 1.819e+00  5.614e-05
 1.820e+00  5.603e-05
 1.820e+00  5.593e-05
 1.821e+00  5.582e-05
 1.821e+00  5.572e-05
 1.822e+00  5.562e-05
 1.822e+00  5.551e-05
 1.823e+00  5.541e-05
 1.823e+00  5.530e-05
 1.824e+00  5.520e-05
 1.824e+00  5.510e-05
 1.825e+00  5.499e-05
 1.825e+00  5.489e-05
 1.826e+00  5.479e-05
 1.826e+00  5.469e-05
 1.827e+00  5.458e-05
 1.827e+00  5.448e-05
 1.828e+00  5.438e-05
 1.828e+00  5.428e-05
 1.829e+00  5.418e-05
 1.829e+00  5.408e-05
 1.830e+00  5.398e-05
 1.830e+00  5.388e-05
 1.831e+00  5.378e-05
 1.831e+00  5.368e-05
 1.832e+00  5.358e-05
 1.832e+00  5.348e-05
 1.833e+00  5.338e-05
 1.833e+00  5.328e-05
 1.834e+00  5.318e-05
 1.834e+00  5.308e-05
 1.835e+00  5.298e-05
 1.835e+00  5.289e-05
 1.836e+00  5.279e-05
 1.836e+00  5.269e-05
 1.837e+00  5.259e-05
 1.837e+00  5.250e-05
 1.838e+00  5.240e-05
 1.838e+00  5.230e-05
 1.839e+00  5.221e-05
 1.839e+00  5.211e-05
 1.840e+00  5.201e-05
 1.840e+00  5.192e-05
 1.841e+00  5.182e-05
 1.841e+00  5.173e-05
 1.842e+00  5.163e-05
 1.842e+00  5.154e-05
 1.843e+00  5.144e-05
 1.843e+00  5.135e-05
 1.844e+00  5.125e-05
 1.844e+00  5.116e-05
 1.845e+00  5.107e-05
 1.845e+00  5.097e-05
 1.846e+00  5.088e-05
 1.846e+00  5.079e-05
 1.847e+00  5.069e-05
 1.847e+00  5.060e-05
 1.848e+00  5.051e-05
 1.848e+00  5.042e-05
 1.849e+00  5.032e-05
 1.849e+00  5.023e-05
 1.850e+00  5.014e-05
 1.850e+00  5.005e-05
 1.851e+00  4.996e-05
 1.851e+00  4.987e-05
 1.852e+00  4.978e-05
 1.852e+00  4.968e-05
 1.853e+00  4.959e-05
 1.853e+00  4.950e-05
 1.854e+00  4.941e-05
 1.854e+00  4.932e-05
 1.855e+00  4.923e-05
 1.855e+00  4.915e-05
 1.856e+00  4.906e-05
 1.856e+00  4.897e-05
 1.857e+00  4.888e-05
 1.857e+00  4.879e-05
 1.857e+00  4.870e-05
 1.858e+00  4.861e-05
 1.859e+00  4.853e-05
 1.859e+00  4.844e-05
 1.859e+00  4.835e-05
 1.860e+00  4.826e-05
 1.861e+00  4.818e-05
 1.861e+00  4.809e-05
 1.861e+00  4.800e-05
 1.862e+00  4.791e-05
 1.863e+00  4.783e-05
 1.863e+00  4.774e-05
 1.863e+00  4.766e-05
 1.864e+00  4.757e-05
 1.865e+00  4.748e-05
 1.865e+00  4.740e-05
 1.865e+00  4.731e-05
 1.866e+00  4.723e-05
 1.867e+00  4.714e-05
 1.867e+00  4.706e-05
 1.867e+00  4.698e-05
 1.868e+00  4.689e-05
 1.869e+00  4.681e-05
 1.869e+00  4.672e-05
 1.869e+00  4.664e-05
 1.870e+00  4.656e-05
 1.871e+00  4.647e-05
 1.871e+00  4.639e-05
 1.871e+00  4.631e-05
 1.872e+00  4.622e-05
 1.873e+00  4.614e-05
 1.873e+00  4.606e-05
 1.873e+00  4.598e-05
 1.874e+00  4.589e-05
 1.875e+00  4.581e-05
 1.875e+00  4.573e-05
 1.875e+00  4.565e-05
 1.876e+00  4.557e-05
 1.877e+00  4.549e-05
 1.877e+00  4.541e-05
 1.877e+00  4.533e-05
 1.878e+00  4.525e-05
 1.879e+00  4.516e-05
 1.879e+00  4.508e-05
 1.879e+00  4.500e-05
 1.880e+00  4.492e-05
 1.881e+00  4.484e-05
 1.881e+00  4.477e-05
 1.881e+00  4.469e-05
 1.882e+00  4.461e-05
 1.883e+00  4.453e-05
 1.883e+00  4.445e-05
 1.883e+00  4.437e-05
 1.884e+00  4.429e-05
 1.885e+00  4.421e-05
 1.885e+00  4.414e-05
 1.885e+00  4.406e-05
 1.886e+00  4.398e-05
 1.887e+00  4.390e-05
 1.887e+00  4.383e-05
 1.887e+00  4.375e-05
 1.888e+00  4.367e-05
 1.889e+00  4.359e-05
 1.889e+00  4.352e-05
 1.889e+00  4.344e-05
 1.890e+00  4.336e-05
 1.891e+00  4.329e-05
 1.891e+00  4.321e-05
 1.891e+00  4.314e-05
 1.892e+00  4.306e-05
 1.893e+00  4.299e-05
 1.893e+00  4.291e-05
 1.893e+00  4.283e-05
 1.894e+00  4.276e-05
 1.895e+00  4.268e-05
 1.895e+00  4.261e-05
 1.895e+00  4.254e-05
 1.896e+00  4.246e-05
 1.897e+00  4.239e-05
 1.897e+00  4.231e-05
 1.897e+00  4.224e-05
 1.898e+00  4.216e-05
 1.899e+00  4.209e-05
 1.899e+00  4.202e-05
 1.899e+00  4.194e-05
 1.900e+00  4.187e-05
 1.901e+00  4.180e-05
 1.901e+00  4.173e-05
 1.901e+00  4.165e-05
 1.902e+00  4.158e-05
 1.903e+00  4.151e-05
 1.903e+00  4.144e-05
 1.903e+00  4.136e-05
 1.904e+00  4.129e-05
 1.905e+00  4.122e-05
 1.905e+00  4.115e-05
 1.905e+00  4.108e-05
 1.906e+00  4.101e-05
 1.907e+00  4.094e-05
 1.907e+00  4.086e-05
 1.907e+00  4.079e-05
 1.908e+00  4.072e-05
 1.909e+00  4.065e-05
 1.909e+00  4.058e-05
 1.909e+00  4.051e-05
 1.910e+00  4.044e-05
 1.911e+00  4.037e-05
 1.911e+00  4.030e-05
 1.911e+00  4.023e-05
 1.912e+00  4.016e-05
 1.913e+00  4.010e-05
 1.913e+00  4.003e-05
 1.913e+00  3.996e-05
 1.914e+00  3.989e-05
 1.915e+00  3.982e-05
 1.915e+00  3.975e-05
 1.915e+00  3.968e-05
 1.916e+00  3.961e-05
 1.917e+00  3.955e-05
 1.917e+00  3.948e-05
 1.917e+00  3.941e-05
 1.918e+00  3.934e-05
 1.919e+00  3.928e-05
 1.919e+00  3.921e-05
 1.919e+00  3.914e-05
 1.920e+00  3.907e-05
 1.921e+00  3.901e-05
 1.921e+00  3.894e-05
 1.921e+00  3.887e-05
 1.922e+00  3.881e-05
 1.923e+00  3.874e-05
 1.923e+00  3.868e-05
 1.923e+00  3.861e-05
 1.924e+00  3.854e-05
 1.925e+00  3.848e-05
 1.925e+00  3.841e-05
 1.925e+00  3.835e-05
 1.926e+00  3.828e-05
 1.927e+00  3.822e-05
 1.927e+00  3.815e-05
 1.927e+00  3.809e-05
 1.928e+00  3.802e-05
 1.929e+00  3.796e-05
 1.929e+00  3.789e-05
 1.929e+00  3.783e-05
 1.930e+00  3.776e-05
 1.931e+00  3.770e-05
 1.931e+00  3.764e-05
 1.931e+00  3.757e-05
 1.932e+00  3.751e-05
 1.933e+00  3.744e-05
 1.933e+00  3.738e-05
 1.933e+00  3.732e-05
 1.934e+00  3.725e-05
 1.935e+00  3.719e-05
 1.935e+00  3.713e-05
 1.935e+00  3.707e-05
 1.936e+00  3.700e-05
 1.937e+00  3.694e-05
 1.937e+00  3.688e-05
 1.938e+00  3.682e-05
 1.938e+00  3.675e-05
 1.939e+00  3.669e-05
 1.939e+00  3.663e-05
 1.940e+00  3.657e-05
 1.940e+00  3.651e-05
 1.941e+00  3.645e-05
 1.941e+00  3.638e-05
 1.942e+00  3.632e-05
 1.942e+00  3.626e-05
 1.943e+00  3.620e-05
 1.943e+00  3.614e-05
 1.944e+00  3.608e-05
 1.944e+00  3.602e-05
 1.945e+00  3.596e-05
 1.945e+00  3.590e-05
 1.946e+00  3.584e-05
 1.946e+00  3.578e-05
 1.947e+00  3.572e-05
 1.947e+00  3.566e-05
 1.948e+00  3.560e-05
 1.948e+00  3.554e-05
 1.949e+00  3.548e-05
 1.949e+00  3.542e-05
 1.950e+00  3.536e-05
 1.950e+00  3.530e-05
 1.951e+00  3.524e-05
 1.951e+00  3.519e-05
 1.952e+00  3.513e-05
 1.952e+00  3.507e-05
 1.953e+00  3.501e-05
 1.953e+00  3.495e-05
 1.954e+00  3.489e-05
 1.954e+00  3.484e-05
 1.955e+00  3.478e-05
 1.955e+00  3.472e-05
 1.956e+00  3.466e-05
 1.956e+00  3.460e-05
 1.957e+00  3.455e-05
 1.957e+00  3.449e-05
 1.958e+00  3.443e-05
 1.958e+00  3.438e-05
 1.959e+00  3.432e-05
 1.959e+00  3.426e-05
 1.960e+00  3.421e-05
 1.960e+00  3.415e-05
 1.961e+00  3.409e-05
 1.961e+00  3.404e-05
 1.962e+00  3.398e-05
 1.962e+00  3.392e-05
 1.963e+00  3.387e-05
 1.963e+00  3.381e-05
 1.964e+00  3.376e-05
 1.964e+00  3.370e-05
 1.965e+00  3.364e-05
 1.965e+00  3.359e-05
 1.966e+00  3.353e-05
 1.966e+00  3.348e-05
 1.967e+00  3.342e-05
 1.967e+00  3.337e-05
 1.968e+00  3.331e-05
 1.968e+00  3.326e-05
 1.969e+00  3.320e-05
 1.969e+00  3.315e-05
 1.970e+00  3.309e-05
 1.970e+00  3.304e-05
 1.971e+00  3.299e-05
 1.971e+00  3.293e-05
 1.972e+00  3.288e-05
 1.972e+00  3.282e-05
 1.973e+00  3.277e-05
 1.973e+00  3.272e-05
 1.974e+00  3.266e-05
 1.974e+00  3.261e-05
 1.975e+00  3.256e-05
 1.975e+00  3.250e-05
 1.976e+00  3.245e-05
 1.976e+00  3.240e-05
 1.977e+00  3.234e-05
 1.977e+00  3.229e-05
 1.978e+00  3.224e-05
 1.978e+00  3.219e-05
 1.979e+00  3.213e-05
 1.979e+00  3.208e-05
 1.980e+00  3.203e-05
 1.980e+00  3.198e-05
 1.981e+00  3.192e-05
 1.981e+00  3.187e-05
 1.982e+00  3.182e-05
 1.982e+00  3.177e-05
 1.983e+00  3.172e-05
 1.983e+00  3.167e-05
 1.984e+00  3.161e-05
 1.984e+00  3.156e-05
 1.984e+00  3.151e-05
 1.985e+00  3.146e-05
 1.986e+00  3.141e-05
 1.986e+00  3.136e-05
 1.986e+00  3.131e-05
 1.987e+00  3.126e-05
 1.988e+00  3.121e-05
 1.988e+00  3.116e-05
 1.988e+00  3.111e-05
 1.989e+00  3.106e-05
 1.990e+00  3.101e-05
 1.990e+00  3.096e-05
 1.990e+00  3.091e-05
 1.991e+00  3.086e-05
 1.992e+00  3.081e-05
 1.992e+00  3.076e-05
 1.992e+00  3.071e-05
 1.993e+00  3.066e-05
 1.994e+00  3.061e-05
 1.994e+00  3.056e-05
 1.994e+00  3.051e-05
 1.995e+00  3.046e-05
 1.996e+00  3.041e-05
 1.996e+00  3.036e-05
 1.996e+00  3.031e-05
 1.997e+00  3.027e-05
 1.998e+00  3.022e-05
 1.998e+00  3.017e-05
 1.998e+00  3.012e-05
 1.999e+00  3.007e-05
 2.000e+00  3.002e-05
 2.000e+00  2.998e-05
