#     mass     R_mu^F
 5.365e-01  0.000e+00
 5.370e-01  1.022e-05
 5.375e-01  1.006e-05
 5.380e-01  1.041e-05
 5.385e-01  1.028e-05
 5.390e-01  1.067e-05
 5.395e-01  1.056e-05
 5.400e-01  1.098e-05
 5.405e-01  1.091e-05
 5.410e-01  1.085e-05
 5.415e-01  1.131e-05
 5.420e-01  1.129e-05
 5.425e-01  1.178e-05
 5.430e-01  1.179e-05
 5.435e-01  1.182e-05
 5.440e-01  1.186e-05
 5.445e-01  1.192e-05
 5.450e-01  1.249e-05
 5.455e-01  1.259e-05
 5.460e-01  1.269e-05
 5.465e-01  1.282e-05
 5.470e-01  1.297e-05
 5.475e-01  1.313e-05
 5.480e-01  1.331e-05
 5.485e-01  1.351e-05
 5.490e-01  1.373e-05
 5.495e-01  1.397e-05
 5.500e-01  1.423e-05
 5.505e-01  1.400e-05
 5.510e-01  1.430e-05
 5.515e-01  1.461e-05
 5.520e-01  1.495e-05
 5.525e-01  1.480e-05
 5.530e-01  1.518e-05
 5.535e-01  1.508e-05
 5.540e-01  1.550e-05
 5.545e-01  1.543e-05
 5.550e-01  1.589e-05
 5.555e-01  1.588e-05
 5.560e-01  1.638e-05
 5.565e-01  1.641e-05
 5.570e-01  1.646e-05
 5.575e-01  1.703e-05
 5.580e-01  1.712e-05
 5.585e-01  1.724e-05
 5.590e-01  1.738e-05
 5.595e-01  1.755e-05
 5.600e-01  1.774e-05
 5.605e-01  1.796e-05
 5.610e-01  1.820e-05
 5.615e-01  1.846e-05
 5.620e-01  1.875e-05
 5.625e-01  1.907e-05
 5.630e-01  1.941e-05
 5.635e-01  1.978e-05
 5.640e-01  1.967e-05
 5.645e-01  2.009e-05
 5.650e-01  2.054e-05
 5.655e-01  2.052e-05
 5.660e-01  2.102e-05
 5.665e-01  2.106e-05
 5.670e-01  2.112e-05
 5.675e-01  2.171e-05
 5.680e-01  2.183e-05
 5.685e-01  2.198e-05
 5.690e-01  2.216e-05
 5.695e-01  2.288e-05
 5.700e-01  2.312e-05
 5.705e-01  2.339e-05
 5.710e-01  2.370e-05
 5.715e-01  2.403e-05
 5.720e-01  2.390e-05
 5.725e-01  2.431e-05
 5.730e-01  2.374e-05
 5.735e-01  2.671e-05
 5.740e-01  2.472e-05
 5.745e-01  2.776e-05
 5.750e-01  2.583e-05
 5.755e-01  2.394e-05
 5.760e-01  2.709e-05
 5.765e-01  2.527e-05
 5.770e-01  2.849e-05
 5.775e-01  2.674e-05
 5.780e-01  3.004e-05
 5.785e-01  2.837e-05
 5.790e-01  2.674e-05
 5.795e-01  3.015e-05
 5.800e-01  2.860e-05
 5.805e-01  2.709e-05
 5.810e-01  3.062e-05
 5.815e-01  2.920e-05
 5.820e-01  3.281e-05
 5.825e-01  3.147e-05
 5.830e-01  3.017e-05
 5.835e-01  3.391e-05
 5.840e-01  3.270e-05
 5.845e-01  3.153e-05
 5.850e-01  3.041e-05
 5.855e-01  3.433e-05
 5.860e-01  3.330e-05
 5.865e-01  3.232e-05
 5.870e-01  3.639e-05
 5.875e-01  3.550e-05
 5.880e-01  3.466e-05
 5.885e-01  3.387e-05
 5.890e-01  3.814e-05
 5.895e-01  3.745e-05
 5.900e-01  3.681e-05
 5.905e-01  3.623e-05
 5.910e-01  3.570e-05
 5.915e-01  4.022e-05
 5.920e-01  3.980e-05
 5.925e-01  3.944e-05
 5.930e-01  3.912e-05
 5.935e-01  3.887e-05
 5.940e-01  3.867e-05
 5.945e-01  3.854e-05
 5.950e-01  4.346e-05
 5.955e-01  4.344e-05
 5.960e-01  4.348e-05
 5.965e-01  4.358e-05
 5.970e-01  4.374e-05
 5.975e-01  4.397e-05
 5.980e-01  4.426e-05
 5.985e-01  4.462e-05
 5.990e-01  4.504e-05
 5.995e-01  4.553e-05
 6.000e-01  4.609e-05
 6.005e-01  4.671e-05
 6.010e-01  4.741e-05
 6.015e-01  4.817e-05
 6.020e-01  4.900e-05
 6.025e-01  4.991e-05
 6.030e-01  5.090e-05
 6.035e-01  5.195e-05
 6.040e-01  5.308e-05
 6.045e-01  4.929e-05
 6.050e-01  5.058e-05
 6.055e-01  5.194e-05
 6.060e-01  5.338e-05
 6.065e-01  5.491e-05
 6.070e-01  5.652e-05
 6.075e-01  5.321e-05
 6.080e-01  5.498e-05
 6.085e-01  5.684e-05
 6.090e-01  5.879e-05
 6.095e-01  5.582e-05
 6.100e-01  5.794e-05
 6.105e-01  6.016e-05
 6.110e-01  5.746e-05
 6.115e-01  5.987e-05
 6.120e-01  6.236e-05
 6.125e-01  5.995e-05
 6.130e-01  6.264e-05
 6.135e-01  6.542e-05
 6.140e-01  6.331e-05
 6.145e-01  6.630e-05
 6.150e-01  6.439e-05
 6.155e-01  6.758e-05
 6.160e-01  6.588e-05
 6.165e-01  6.929e-05
 6.170e-01  6.781e-05
 6.175e-01  7.144e-05
 6.180e-01  7.018e-05
 6.185e-01  6.904e-05
 6.190e-01  7.301e-05
 6.195e-01  7.210e-05
 6.200e-01  7.131e-05
 6.205e-01  7.564e-05
 6.210e-01  7.509e-05
 6.215e-01  7.467e-05
 6.220e-01  7.937e-05
 6.225e-01  7.920e-05
 6.230e-01  7.917e-05
 6.235e-01  7.926e-05
 6.240e-01  7.950e-05
 6.245e-01  7.986e-05
 6.250e-01  8.037e-05
 6.255e-01  8.102e-05
 6.260e-01  8.681e-05
 6.265e-01  8.774e-05
 6.270e-01  8.382e-05
 6.275e-01  8.506e-05
 6.280e-01  8.644e-05
 6.285e-01  8.798e-05
 6.290e-01  8.968e-05
 6.295e-01  9.153e-05
 6.300e-01  9.355e-05
 6.305e-01  9.573e-05
 6.310e-01  9.308e-05
 6.315e-01  9.559e-05
 6.320e-01  9.828e-05
 6.325e-01  9.615e-05
 6.330e-01  9.919e-05
 6.335e-01  1.024e-04
 6.340e-01  1.008e-04
 6.345e-01  1.044e-04
 6.350e-01  1.032e-04
 6.355e-01  1.072e-04
 6.360e-01  1.063e-04
 6.365e-01  1.057e-04
 6.370e-01  1.103e-04
 6.375e-01  1.101e-04
 6.380e-01  1.100e-04
 6.385e-01  1.102e-04
 6.390e-01  1.157e-04
 6.395e-01  1.163e-04
 6.400e-01  1.171e-04
 6.405e-01  1.182e-04
 6.410e-01  1.195e-04
 6.415e-01  1.211e-04
 6.420e-01  1.229e-04
 6.425e-01  1.249e-04
 6.430e-01  1.272e-04
 6.435e-01  1.247e-04
 6.440e-01  1.274e-04
 6.445e-01  1.305e-04
 6.450e-01  1.288e-04
 6.455e-01  1.323e-04
 6.460e-01  1.312e-04
 6.465e-01  1.353e-04
 6.470e-01  1.347e-04
 6.475e-01  1.394e-04
 6.480e-01  1.393e-04
 6.485e-01  1.396e-04
 6.490e-01  1.452e-04
 6.495e-01  1.460e-04
 6.500e-01  1.472e-04
 6.505e-01  1.487e-04
 6.510e-01  1.505e-04
 6.515e-01  1.527e-04
 6.520e-01  1.552e-04
 6.525e-01  1.530e-04
 6.530e-01  1.562e-04
 6.535e-01  1.597e-04
 6.540e-01  1.586e-04
 6.545e-01  1.629e-04
 6.550e-01  1.625e-04
 6.555e-01  1.675e-04
 6.560e-01  1.679e-04
 6.565e-01  1.687e-04
 6.570e-01  1.749e-04
 6.575e-01  1.764e-04
 6.580e-01  1.784e-04
 6.585e-01  1.809e-04
 6.590e-01  1.787e-04
 6.595e-01  1.820e-04
 6.600e-01  1.858e-04
 6.605e-01  1.900e-04
 6.610e-01  1.896e-04
 6.615e-01  1.898e-04
 6.620e-01  1.954e-04
 6.625e-01  1.965e-04
 6.630e-01  1.981e-04
 6.635e-01  2.002e-04
 6.640e-01  2.028e-04
 6.645e-01  2.060e-04
 6.650e-01  2.097e-04
 6.655e-01  2.089e-04
 6.660e-01  2.137e-04
 6.665e-01  2.141e-04
 6.670e-01  2.200e-04
 6.675e-01  2.216e-04
 6.680e-01  2.238e-04
 6.685e-01  2.265e-04
 6.690e-01  2.299e-04
 6.695e-01  2.340e-04
 6.700e-01  2.337e-04
 6.705e-01  2.390e-04
 6.710e-01  2.401e-04
 6.715e-01  2.418e-04
 6.720e-01  2.493e-04
 6.725e-01  2.525e-04
 6.730e-01  2.514e-04
 6.735e-01  2.560e-04
 6.740e-01  2.615e-04
 6.745e-01  2.627e-04
 6.750e-01  2.647e-04
 6.755e-01  2.676e-04
 6.760e-01  2.713e-04
 6.765e-01  2.758e-04
 6.770e-01  2.812e-04
 6.775e-01  2.825e-04
 6.780e-01  2.847e-04
 6.785e-01  2.878e-04
 6.790e-01  2.919e-04
 6.795e-01  2.969e-04
 6.800e-01  3.030e-04
 6.805e-01  3.050e-04
 6.810e-01  3.081e-04
 6.815e-01  3.122e-04
 6.820e-01  3.174e-04
 6.825e-01  3.188e-04
 6.830e-01  3.262e-04
 6.835e-01  3.298e-04
 6.840e-01  3.296e-04
 6.845e-01  3.355e-04
 6.850e-01  3.428e-04
 6.855e-01  3.462e-04
 6.860e-01  3.510e-04
 6.865e-01  3.521e-04
 6.870e-01  3.595e-04
 6.875e-01  3.633e-04
 6.880e-01  3.685e-04
 6.885e-01  3.702e-04
 6.890e-01  3.784e-04
 6.895e-01  3.830e-04
 6.900e-01  3.843e-04
 6.905e-01  3.921e-04
 6.910e-01  3.965e-04
 6.915e-01  4.026e-04
 6.920e-01  4.054e-04
 6.925e-01  4.099e-04
 6.930e-01  4.162e-04
 6.935e-01  4.244e-04
 6.940e-01  4.294e-04
 6.945e-01  4.364e-04
 6.950e-01  4.404e-04
 6.955e-01  4.463e-04
 6.960e-01  4.493e-04
 6.965e-01  4.595e-04
 6.970e-01  4.619e-04
 6.975e-01  4.715e-04
 6.980e-01  4.783e-04
 6.985e-01  4.825e-04
 6.990e-01  4.892e-04
 6.995e-01  4.933e-04
 7.000e-01  5.000e-04
 7.005e-01  5.092e-04
 7.010e-01  5.161e-04
 7.015e-01  5.208e-04
 7.020e-01  5.283e-04
 7.025e-01  5.388e-04
 7.030e-01  5.421e-04
 7.035e-01  5.536e-04
 7.040e-01  5.581e-04
 7.045e-01  5.660e-04
 7.050e-01  5.771e-04
 7.055e-01  5.817e-04
 7.060e-01  5.897e-04
 7.065e-01  6.014e-04
 7.070e-01  6.068e-04
 7.075e-01  6.160e-04
 7.080e-01  6.241e-04
 7.085e-01  6.313e-04
 7.090e-01  6.427e-04
 7.095e-01  6.533e-04
 7.100e-01  6.583e-04
 7.105e-01  6.679e-04
 7.110e-01  6.771e-04
 7.115e-01  6.912e-04
 7.120e-01  7.001e-04
 7.125e-01  7.092e-04
 7.130e-01  7.186e-04
 7.135e-01  7.285e-04
 7.140e-01  7.389e-04
 7.145e-01  7.501e-04
 7.150e-01  7.623e-04
 7.155e-01  7.756e-04
 7.160e-01  7.852e-04
 7.165e-01  7.965e-04
 7.170e-01  8.095e-04
 7.175e-01  8.194e-04
 7.180e-01  8.316e-04
 7.185e-01  8.462e-04
 7.190e-01  8.586e-04
 7.195e-01  8.689e-04
 7.200e-01  8.824e-04
 7.205e-01  8.994e-04
 7.210e-01  9.103e-04
 7.215e-01  9.252e-04
 7.220e-01  9.396e-04
 7.225e-01  9.537e-04
 7.230e-01  9.680e-04
 7.235e-01  9.827e-04
 7.240e-01  9.982e-04
 7.245e-01  1.015e-03
 7.250e-01  1.033e-03
 7.255e-01  1.049e-03
 7.260e-01  1.067e-03
 7.265e-01  1.083e-03
 7.270e-01  1.098e-03
 7.275e-01  1.116e-03
 7.280e-01  1.134e-03
 7.285e-01  1.152e-03
 7.290e-01  1.176e-03
 7.295e-01  1.191e-03
 7.300e-01  1.214e-03
 7.305e-01  1.233e-03
 7.310e-01  1.257e-03
 7.315e-01  1.274e-03
 7.320e-01  1.296e-03
 7.325e-01  1.319e-03
 7.330e-01  1.344e-03
 7.335e-01  1.366e-03
 7.340e-01  1.391e-03
 7.345e-01  1.412e-03
 7.350e-01  1.437e-03
 7.355e-01  1.465e-03
 7.360e-01  1.490e-03
 7.365e-01  1.515e-03
 7.370e-01  1.545e-03
 7.375e-01  1.572e-03
 7.380e-01  1.602e-03
 7.385e-01  1.632e-03
 7.390e-01  1.659e-03
 7.395e-01  1.690e-03
 7.400e-01  1.725e-03
 7.405e-01  1.753e-03
 7.410e-01  1.790e-03
 7.415e-01  1.824e-03
 7.420e-01  1.857e-03
 7.425e-01  1.896e-03
 7.430e-01  1.934e-03
 7.435e-01  1.970e-03
 7.440e-01  2.010e-03
 7.445e-01  2.048e-03
 7.450e-01  2.094e-03
 7.455e-01  2.134e-03
 7.460e-01  2.179e-03
 7.465e-01  2.222e-03
 7.470e-01  2.269e-03
 7.475e-01  2.318e-03
 7.480e-01  2.366e-03
 7.485e-01  2.417e-03
 7.490e-01  2.474e-03
 7.495e-01  2.525e-03
 7.500e-01  2.581e-03
 7.505e-01  2.637e-03
 7.510e-01  2.701e-03
 7.515e-01  2.758e-03
 7.520e-01  2.826e-03
 7.525e-01  2.891e-03
 7.530e-01  2.960e-03
 7.535e-01  3.028e-03
 7.540e-01  3.100e-03
 7.545e-01  3.179e-03
 7.550e-01  3.256e-03
 7.555e-01  3.337e-03
 7.560e-01  3.422e-03
 7.565e-01  3.509e-03
 7.570e-01  3.598e-03
 7.575e-01  3.696e-03
 7.580e-01  3.790e-03
 7.585e-01  3.895e-03
 7.590e-01  3.998e-03
 7.595e-01  4.110e-03
 7.600e-01  4.226e-03
 7.605e-01  4.349e-03
 7.610e-01  4.474e-03
 7.615e-01  4.605e-03
 7.620e-01  4.742e-03
 7.625e-01  4.884e-03
 7.630e-01  5.036e-03
 7.635e-01  5.196e-03
 7.640e-01  5.362e-03
 7.645e-01  5.535e-03
 7.650e-01  5.717e-03
 7.655e-01  5.908e-03
 7.660e-01  6.108e-03
 7.665e-01  6.323e-03
 7.670e-01  6.546e-03
 7.675e-01  6.779e-03
 7.680e-01  7.027e-03
 7.685e-01  7.295e-03
 7.690e-01  7.573e-03
 7.695e-01  7.840e-03
 7.700e-01  8.156e-03
 7.705e-01  8.486e-03
 7.710e-01  8.867e-03
 7.715e-01  9.212e-03
 7.720e-01  9.617e-03
 7.725e-01  1.000e-02
 7.730e-01  1.047e-02
 7.735e-01  1.088e-02
 7.740e-01  1.137e-02
 7.745e-01  1.186e-02
 7.750e-01  1.234e-02
 7.755e-01  1.289e-02
 7.760e-01  1.335e-02
 7.765e-01  1.381e-02
 7.770e-01  1.423e-02
 7.775e-01  1.456e-02
 7.780e-01  1.477e-02
 7.785e-01  1.480e-02
 7.790e-01  1.453e-02
 7.795e-01  1.385e-02
 7.800e-01  1.272e-02
 7.805e-01  1.101e-02
 7.810e-01  8.665e-03
 7.815e-01  5.736e-03
 7.820e-01  2.281e-03
 7.825e-01 -1.398e-03
 7.830e-01 -5.028e-03
 7.835e-01 -8.297e-03
 7.840e-01 -1.113e-02
 7.845e-01 -1.337e-02
 7.850e-01 -1.502e-02
 7.855e-01 -1.614e-02
 7.860e-01 -1.685e-02
 7.865e-01 -1.717e-02
 7.870e-01 -1.729e-02
 7.875e-01 -1.723e-02
 7.880e-01 -1.701e-02
 7.885e-01 -1.671e-02
 7.890e-01 -1.638e-02
 7.895e-01 -1.599e-02
 7.900e-01 -1.559e-02
 7.905e-01 -1.518e-02
 7.910e-01 -1.478e-02
 7.915e-01 -1.439e-02
 7.920e-01 -1.400e-02
 7.925e-01 -1.364e-02
 7.930e-01 -1.328e-02
 7.935e-01 -1.295e-02
 7.940e-01 -1.262e-02
 7.945e-01 -1.231e-02
 7.950e-01 -1.202e-02
 7.955e-01 -1.174e-02
 7.960e-01 -1.147e-02
 7.965e-01 -1.122e-02
 7.970e-01 -1.098e-02
 7.975e-01 -1.075e-02
 7.980e-01 -1.054e-02
 7.985e-01 -1.033e-02
 7.990e-01 -1.013e-02
 7.995e-01 -9.943e-03
 8.000e-01 -9.765e-03
 8.005e-01 -9.610e-03
 8.010e-01 -9.459e-03
 8.015e-01 -9.313e-03
 8.020e-01 -9.179e-03
 8.025e-01 -9.048e-03
 8.030e-01 -8.922e-03
 8.035e-01 -8.806e-03
 8.040e-01 -8.690e-03
 8.045e-01 -8.584e-03
 8.050e-01 -8.479e-03
 8.055e-01 -8.379e-03
 8.060e-01 -8.284e-03
 8.065e-01 -8.191e-03
 8.070e-01 -8.100e-03
 8.075e-01 -8.020e-03
 8.080e-01 -7.940e-03
 8.085e-01 -7.863e-03
 8.090e-01 -7.790e-03
 8.095e-01 -7.716e-03
 8.100e-01 -7.650e-03
 8.105e-01 -7.583e-03
 8.110e-01 -7.519e-03
 8.115e-01 -7.456e-03
 8.120e-01 -7.400e-03
 8.125e-01 -7.343e-03
 8.130e-01 -7.288e-03
 8.135e-01 -7.237e-03
 8.140e-01 -7.189e-03
 8.145e-01 -7.139e-03
 8.150e-01 -7.097e-03
 8.155e-01 -7.049e-03
 8.160e-01 -7.007e-03
 8.165e-01 -6.967e-03
 8.170e-01 -6.930e-03
 8.175e-01 -6.888e-03
 8.180e-01 -6.853e-03
 8.185e-01 -6.817e-03
 8.190e-01 -6.787e-03
 8.195e-01 -6.751e-03
 8.200e-01 -6.720e-03
 8.205e-01 -6.691e-03
 8.210e-01 -6.661e-03
 8.215e-01 -6.635e-03
 8.220e-01 -6.608e-03
 8.225e-01 -6.582e-03
 8.230e-01 -6.558e-03
 8.235e-01 -6.533e-03
 8.240e-01 -6.510e-03
 8.245e-01 -6.492e-03
 8.250e-01 -6.473e-03
 8.255e-01 -6.449e-03
 8.260e-01 -6.433e-03
 8.265e-01 -6.413e-03
 8.270e-01 -6.397e-03
 8.275e-01 -6.381e-03
 8.280e-01 -6.362e-03
 8.285e-01 -6.348e-03
 8.290e-01 -6.334e-03
 8.295e-01 -6.323e-03
 8.300e-01 -6.307e-03
 8.305e-01 -6.297e-03
 8.310e-01 -6.285e-03
 8.315e-01 -6.271e-03
 8.320e-01 -6.262e-03
 8.325e-01 -6.251e-03
 8.330e-01 -6.243e-03
 8.335e-01 -6.238e-03
 8.340e-01 -6.228e-03
 8.345e-01 -6.220e-03
 8.350e-01 -6.215e-03
 8.355e-01 -6.207e-03
 8.360e-01 -6.199e-03
 8.365e-01 -6.195e-03
 8.370e-01 -6.193e-03
 8.375e-01 -6.188e-03
 8.380e-01 -6.185e-03
 8.385e-01 -6.180e-03
 8.390e-01 -6.174e-03
 8.395e-01 -6.174e-03
 8.400e-01 -6.173e-03
 8.405e-01 -6.168e-03
 8.410e-01 -6.170e-03
 8.415e-01 -6.170e-03
 8.420e-01 -6.166e-03
 8.425e-01 -6.167e-03
 8.430e-01 -6.171e-03
 8.435e-01 -6.169e-03
 8.440e-01 -6.172e-03
 8.445e-01 -6.170e-03
 8.450e-01 -6.174e-03
 8.455e-01 -6.179e-03
 8.460e-01 -6.180e-03
 8.465e-01 -6.184e-03
 8.470e-01 -6.184e-03
 8.475e-01 -6.192e-03
 8.480e-01 -6.194e-03
 8.485e-01 -6.198e-03
 8.490e-01 -6.206e-03
 8.495e-01 -6.208e-03
 8.500e-01 -6.213e-03
 8.505e-01 -6.219e-03
 8.510e-01 -6.224e-03
 8.515e-01 -6.235e-03
 8.520e-01 -6.240e-03
 8.525e-01 -6.246e-03
 8.530e-01 -6.253e-03
 8.535e-01 -6.262e-03
 8.540e-01 -6.271e-03
 8.545e-01 -6.277e-03
 8.550e-01 -6.285e-03
 8.555e-01 -6.295e-03
 8.560e-01 -6.306e-03
 8.565e-01 -6.316e-03
 8.570e-01 -6.327e-03
 8.575e-01 -6.336e-03
 8.580e-01 -6.348e-03
 8.585e-01 -6.358e-03
 8.590e-01 -6.366e-03
 8.595e-01 -6.377e-03
 8.600e-01 -6.393e-03
 8.605e-01 -6.401e-03
 8.610e-01 -6.418e-03
 8.615e-01 -6.430e-03
 8.620e-01 -6.440e-03
 8.625e-01 -6.454e-03
 8.630e-01 -6.468e-03
 8.635e-01 -6.481e-03
 8.640e-01 -6.494e-03
 8.645e-01 -6.511e-03
 8.650e-01 -6.523e-03
 8.655e-01 -6.540e-03
 8.660e-01 -6.557e-03
 8.665e-01 -6.569e-03
 8.670e-01 -6.586e-03
 8.675e-01 -6.604e-03
 8.680e-01 -6.616e-03
 8.685e-01 -6.635e-03
 8.690e-01 -6.653e-03
 8.695e-01 -6.668e-03
 8.700e-01 -6.688e-03
 8.705e-01 -6.704e-03
 8.710e-01 -6.725e-03
 8.715e-01 -6.743e-03
 8.720e-01 -6.761e-03
 8.725e-01 -6.781e-03
 8.730e-01 -6.797e-03
 8.735e-01 -6.819e-03
 8.740e-01 -6.837e-03
 8.745e-01 -6.862e-03
 8.750e-01 -6.878e-03
 8.755e-01 -6.900e-03
 8.760e-01 -6.924e-03
 8.765e-01 -6.944e-03
 8.770e-01 -6.967e-03
 8.775e-01 -6.985e-03
 8.780e-01 -7.011e-03
 8.785e-01 -7.033e-03
 8.790e-01 -7.057e-03
 8.795e-01 -7.078e-03
 8.800e-01 -7.106e-03
 8.805e-01 -7.125e-03
 8.810e-01 -7.152e-03
 8.815e-01 -7.176e-03
 8.820e-01 -7.202e-03
 8.825e-01 -7.230e-03
 8.830e-01 -7.255e-03
 8.835e-01 -7.282e-03
 8.840e-01 -7.306e-03
 8.845e-01 -7.333e-03
 8.850e-01 -7.362e-03
 8.855e-01 -7.388e-03
 8.860e-01 -7.417e-03
 8.865e-01 -7.443e-03
 8.870e-01 -7.471e-03
 8.875e-01 -7.502e-03
 8.880e-01 -7.530e-03
 8.885e-01 -7.561e-03
 8.890e-01 -7.594e-03
 8.895e-01 -7.625e-03
 8.900e-01 -7.653e-03
 8.905e-01 -7.613e-03
 8.910e-01 -7.662e-03
 8.915e-01 -7.710e-03
 8.920e-01 -7.756e-03
 8.925e-01 -7.801e-03
 8.930e-01 -7.850e-03
 8.935e-01 -7.898e-03
 8.940e-01 -7.945e-03
 8.945e-01 -7.991e-03
 8.950e-01 -8.041e-03
 8.955e-01 -8.089e-03
 8.960e-01 -8.142e-03
 8.965e-01 -8.193e-03
 8.970e-01 -8.243e-03
 8.975e-01 -8.292e-03
 8.980e-01 -8.344e-03
 8.985e-01 -8.396e-03
 8.990e-01 -8.451e-03
 8.995e-01 -8.505e-03
 9.000e-01 -8.558e-03
 9.005e-01 -8.609e-03
 9.010e-01 -8.664e-03
 9.015e-01 -8.719e-03
 9.020e-01 -8.776e-03
 9.025e-01 -8.833e-03
 9.030e-01 -8.889e-03
 9.035e-01 -8.948e-03
 9.040e-01 -9.006e-03
 9.045e-01 -9.063e-03
 9.050e-01 -9.123e-03
 9.055e-01 -9.183e-03
 9.060e-01 -9.241e-03
 9.065e-01 -9.303e-03
 9.070e-01 -9.364e-03
 9.075e-01 -9.424e-03
 9.080e-01 -9.487e-03
 9.085e-01 -9.550e-03
 9.090e-01 -9.616e-03
 9.095e-01 -9.681e-03
 9.100e-01 -9.745e-03
 9.105e-01 -9.812e-03
 9.110e-01 -9.879e-03
 9.115e-01 -9.944e-03
 9.120e-01 -1.001e-02
 9.125e-01 -1.008e-02
 9.130e-01 -1.015e-02
 9.135e-01 -1.022e-02
 9.140e-01 -1.029e-02
 9.145e-01 -1.036e-02
 9.150e-01 -1.043e-02
 9.155e-01 -1.051e-02
 9.160e-01 -1.058e-02
 9.165e-01 -1.066e-02
 9.170e-01 -1.073e-02
 9.175e-01 -1.081e-02
 9.180e-01 -1.089e-02
 9.185e-01 -1.097e-02
 9.190e-01 -1.104e-02
 9.195e-01 -1.113e-02
 9.200e-01 -1.121e-02
 9.205e-01 -1.129e-02
 9.210e-01 -1.137e-02
 9.215e-01 -1.145e-02
 9.220e-01 -1.154e-02
 9.225e-01 -1.162e-02
 9.230e-01 -1.171e-02
 9.235e-01 -1.180e-02
 9.240e-01 -1.189e-02
 9.245e-01 -1.198e-02
 9.250e-01 -1.207e-02
 9.255e-01 -1.216e-02
 9.260e-01 -1.225e-02
 9.265e-01 -1.235e-02
 9.270e-01 -1.244e-02
 9.275e-01 -1.253e-02
 9.280e-01 -1.264e-02
 9.285e-01 -1.273e-02
 9.290e-01 -1.283e-02
 9.295e-01 -1.294e-02
 9.300e-01 -1.304e-02
 9.305e-01 -1.314e-02
 9.310e-01 -1.324e-02
 9.315e-01 -1.335e-02
 9.320e-01 -1.346e-02
 9.325e-01 -1.357e-02
 9.330e-01 -1.368e-02
 9.335e-01 -1.379e-02
 9.340e-01 -1.391e-02
 9.345e-01 -1.402e-02
 9.350e-01 -1.413e-02
 9.355e-01 -1.425e-02
 9.360e-01 -1.437e-02
 9.365e-01 -1.449e-02
 9.370e-01 -1.461e-02
 9.375e-01 -1.474e-02
 9.380e-01 -1.486e-02
 9.385e-01 -1.499e-02
 9.390e-01 -1.512e-02
 9.395e-01 -1.525e-02
 9.400e-01 -1.538e-02
 9.405e-01 -1.552e-02
 9.410e-01 -1.565e-02
 9.415e-01 -1.579e-02
 9.420e-01 -1.593e-02
 9.425e-01 -1.607e-02
 9.430e-01 -1.622e-02
 9.435e-01 -1.636e-02
 9.440e-01 -1.651e-02
 9.445e-01 -1.666e-02
 9.450e-01 -1.682e-02
 9.455e-01 -1.697e-02
 9.460e-01 -1.713e-02
 9.465e-01 -1.729e-02
 9.470e-01 -1.745e-02
 9.475e-01 -1.761e-02
 9.480e-01 -1.778e-02
 9.485e-01 -1.795e-02
 9.490e-01 -1.812e-02
 9.495e-01 -1.830e-02
 9.500e-01 -1.847e-02
 9.505e-01 -1.865e-02
 9.510e-01 -1.883e-02
 9.515e-01 -1.902e-02
 9.520e-01 -1.921e-02
 9.525e-01 -1.940e-02
 9.530e-01 -1.959e-02
 9.535e-01 -1.979e-02
 9.540e-01 -1.999e-02
 9.545e-01 -2.020e-02
 9.550e-01 -2.040e-02
 9.555e-01 -2.062e-02
 9.560e-01 -2.083e-02
 9.565e-01 -2.105e-02
 9.570e-01 -2.126e-02
 9.575e-01 -2.149e-02
 9.580e-01 -2.172e-02
 9.585e-01 -2.196e-02
 9.590e-01 -2.219e-02
 9.595e-01 -2.243e-02
 9.600e-01 -2.268e-02
 9.605e-01 -2.293e-02
 9.610e-01 -2.318e-02
 9.615e-01 -2.344e-02
 9.620e-01 -2.370e-02
 9.625e-01 -2.397e-02
 9.630e-01 -2.424e-02
 9.635e-01 -2.452e-02
 9.640e-01 -2.480e-02
 9.645e-01 -2.509e-02
 9.650e-01 -2.539e-02
 9.655e-01 -2.569e-02
 9.660e-01 -2.599e-02
 9.665e-01 -2.630e-02
 9.670e-01 -2.663e-02
 9.675e-01 -2.695e-02
 9.680e-01 -2.728e-02
 9.685e-01 -2.761e-02
 9.690e-01 -2.796e-02
 9.695e-01 -2.831e-02
 9.700e-01 -2.867e-02
 9.705e-01 -2.904e-02
 9.710e-01 -2.941e-02
 9.715e-01 -2.979e-02
 9.720e-01 -3.018e-02
 9.725e-01 -3.058e-02
 9.730e-01 -3.099e-02
 9.735e-01 -3.140e-02
 9.740e-01 -3.183e-02
 9.745e-01 -3.226e-02
 9.750e-01 -3.271e-02
 9.755e-01 -3.317e-02
 9.760e-01 -3.363e-02
 9.765e-01 -3.411e-02
 9.770e-01 -3.460e-02
 9.775e-01 -3.511e-02
 9.780e-01 -3.562e-02
 9.785e-01 -3.614e-02
 9.790e-01 -3.668e-02
 9.795e-01 -3.724e-02
 9.800e-01 -3.781e-02
 9.805e-01 -3.839e-02
 9.810e-01 -3.899e-02
 9.815e-01 -3.960e-02
 9.820e-01 -4.023e-02
 9.825e-01 -4.088e-02
 9.830e-01 -4.155e-02
 9.835e-01 -4.224e-02
 9.840e-01 -4.294e-02
 9.845e-01 -4.367e-02
 9.850e-01 -4.441e-02
 9.855e-01 -4.518e-02
 9.860e-01 -4.598e-02
 9.865e-01 -4.679e-02
 9.870e-01 -4.764e-02
 9.875e-01 -4.851e-02
 9.880e-01 -4.940e-02
 9.885e-01 -5.033e-02
 9.890e-01 -5.129e-02
 9.895e-01 -5.228e-02
 9.900e-01 -5.330e-02
 9.905e-01 -5.436e-02
 9.910e-01 -5.546e-02
 9.915e-01 -5.659e-02
 9.920e-01 -5.776e-02
 9.925e-01 -5.899e-02
 9.930e-01 -6.026e-02
 9.935e-01 -6.157e-02
 9.940e-01 -6.294e-02
 9.945e-01 -6.436e-02
 9.950e-01 -6.585e-02
 9.955e-01 -6.739e-02
 9.960e-01 -6.900e-02
 9.965e-01 -7.068e-02
 9.970e-01 -7.243e-02
 9.975e-01 -7.427e-02
 9.980e-01 -7.619e-02
 9.985e-01 -7.820e-02
 9.990e-01 -8.031e-02
 9.995e-01 -8.253e-02
 1.000e+00 -8.486e-02
 1.000e+00 -8.731e-02
 1.001e+00 -8.990e-02
 1.002e+00 -9.263e-02
 1.002e+00 -9.551e-02
 1.002e+00 -9.856e-02
 1.003e+00 -1.018e-01
 1.004e+00 -1.052e-01
 1.004e+00 -1.089e-01
 1.004e+00 -1.128e-01
 1.005e+00 -1.170e-01
 1.006e+00 -1.214e-01
 1.006e+00 -1.262e-01
 1.006e+00 -1.313e-01
 1.007e+00 -1.369e-01
 1.008e+00 -1.429e-01
 1.008e+00 -1.494e-01
 1.008e+00 -1.564e-01
 1.009e+00 -1.641e-01
 1.010e+00 -1.725e-01
 1.010e+00 -1.818e-01
 1.010e+00 -1.920e-01
 1.011e+00 -2.033e-01
 1.012e+00 -2.159e-01
 1.012e+00 -2.299e-01
 1.012e+00 -2.456e-01
 1.013e+00 -2.633e-01
 1.014e+00 -2.834e-01
 1.014e+00 -3.061e-01
 1.014e+00 -3.319e-01
 1.015e+00 -3.610e-01
 1.016e+00 -3.937e-01
 1.016e+00 -4.292e-01
 1.016e+00 -4.659e-01
 1.017e+00 -4.986e-01
 1.018e+00 -5.165e-01
 1.018e+00 -4.992e-01
 1.018e+00 -4.191e-01
 1.019e+00 -2.603e-01
 1.020e+00 -5.233e-02
 1.020e+00  1.388e-01
 1.020e+00  2.678e-01
 1.021e+00  3.339e-01
 1.022e+00  3.574e-01
 1.022e+00  3.570e-01
 1.022e+00  3.449e-01
 1.023e+00  3.279e-01
 1.024e+00  3.094e-01
 1.024e+00  2.912e-01
 1.024e+00  2.740e-01
 1.025e+00  2.580e-01
 1.026e+00  2.434e-01
 1.026e+00  2.301e-01
 1.026e+00  2.180e-01
 1.027e+00  2.070e-01
 1.028e+00  1.969e-01
 1.028e+00  1.878e-01
 1.028e+00  1.794e-01
 1.029e+00  1.717e-01
 1.030e+00  1.646e-01
 1.030e+00  1.581e-01
 1.030e+00  1.521e-01
 1.031e+00  1.465e-01
 1.032e+00  1.413e-01
 1.032e+00  1.365e-01
 1.032e+00  1.320e-01
 1.033e+00  1.277e-01
 1.034e+00  1.238e-01
 1.034e+00  1.201e-01
 1.034e+00  1.166e-01
 1.035e+00  1.133e-01
 1.036e+00  1.103e-01
 1.036e+00  1.073e-01
 1.036e+00  1.046e-01
 1.037e+00  1.020e-01
 1.038e+00  9.947e-02
 1.038e+00  9.711e-02
 1.038e+00  9.486e-02
 1.039e+00  9.273e-02
 1.040e+00  9.068e-02
 1.040e+00  8.874e-02
 1.040e+00  8.689e-02
 1.041e+00  8.510e-02
 1.042e+00  8.340e-02
 1.042e+00  8.178e-02
 1.042e+00  8.021e-02
 1.043e+00  7.871e-02
 1.044e+00  7.727e-02
 1.044e+00  7.588e-02
 1.044e+00  7.455e-02
 1.045e+00  7.327e-02
 1.046e+00  7.203e-02
 1.046e+00  7.084e-02
 1.046e+00  6.969e-02
 1.047e+00  6.858e-02
 1.048e+00  6.751e-02
 1.048e+00  6.647e-02
 1.048e+00  6.547e-02
 1.049e+00  6.450e-02
 1.050e+00  6.356e-02
 1.050e+00  6.266e-02
 1.050e+00  6.177e-02
 1.051e+00  6.092e-02
 1.052e+00  6.009e-02
 1.052e+00  5.929e-02
 1.052e+00  5.851e-02
 1.053e+00  5.775e-02
 1.054e+00  5.701e-02
 1.054e+00  5.630e-02
 1.054e+00  5.560e-02
 1.055e+00  5.492e-02
 1.056e+00  5.426e-02
 1.056e+00  5.362e-02
 1.056e+00  5.300e-02
 1.057e+00  5.238e-02
 1.058e+00  5.179e-02
 1.058e+00  5.121e-02
 1.058e+00  5.065e-02
 1.059e+00  5.009e-02
 1.060e+00  4.956e-02
 1.060e+00  4.903e-02
 1.060e+00  4.852e-02
 1.061e+00  4.802e-02
 1.062e+00  4.753e-02
 1.062e+00  4.705e-02
 1.062e+00  4.659e-02
 1.063e+00  4.613e-02
 1.064e+00  4.568e-02
 1.064e+00  4.524e-02
 1.065e+00  4.481e-02
 1.065e+00  4.440e-02
 1.066e+00  4.399e-02
 1.066e+00  4.358e-02
 1.067e+00  4.319e-02
 1.067e+00  4.281e-02
 1.068e+00  4.243e-02
 1.068e+00  4.206e-02
 1.069e+00  4.170e-02
 1.069e+00  4.134e-02
 1.070e+00  4.099e-02
 1.070e+00  4.065e-02
 1.071e+00  4.031e-02
 1.071e+00  3.998e-02
 1.072e+00  3.966e-02
 1.072e+00  3.934e-02
 1.073e+00  3.903e-02
 1.073e+00  3.872e-02
 1.074e+00  3.842e-02
 1.074e+00  3.813e-02
 1.075e+00  3.784e-02
 1.075e+00  3.755e-02
 1.076e+00  3.727e-02
 1.076e+00  3.700e-02
 1.077e+00  3.673e-02
 1.077e+00  3.646e-02
 1.078e+00  3.620e-02
 1.078e+00  3.594e-02
 1.079e+00  3.569e-02
 1.079e+00  3.544e-02
 1.080e+00  3.519e-02
 1.080e+00  3.495e-02
 1.081e+00  3.471e-02
 1.081e+00  3.448e-02
 1.082e+00  3.424e-02
 1.082e+00  3.402e-02
 1.083e+00  3.380e-02
 1.083e+00  3.357e-02
 1.084e+00  3.336e-02
 1.084e+00  3.314e-02
 1.085e+00  3.293e-02
 1.085e+00  3.273e-02
 1.086e+00  3.252e-02
 1.086e+00  3.232e-02
 1.087e+00  3.212e-02
 1.087e+00  3.192e-02
 1.088e+00  3.173e-02
 1.088e+00  3.154e-02
 1.089e+00  3.135e-02
 1.089e+00  3.117e-02
 1.089e+00  3.098e-02
 1.090e+00  3.080e-02
 1.091e+00  3.063e-02
 1.091e+00  3.045e-02
 1.091e+00  3.028e-02
 1.092e+00  3.010e-02
 1.093e+00  2.994e-02
 1.093e+00  2.977e-02
 1.093e+00  2.960e-02
 1.094e+00  2.944e-02
 1.095e+00  2.928e-02
 1.095e+00  2.912e-02
 1.095e+00  2.896e-02
 1.096e+00  2.881e-02
 1.097e+00  2.866e-02
 1.097e+00  2.851e-02
 1.097e+00  2.835e-02
 1.098e+00  2.821e-02
 1.099e+00  2.807e-02
 1.099e+00  2.792e-02
 1.099e+00  2.778e-02
 1.100e+00  2.763e-02
 1.101e+00  2.750e-02
 1.101e+00  2.736e-02
 1.101e+00  2.722e-02
 1.102e+00  2.709e-02
 1.103e+00  2.696e-02
 1.103e+00  2.683e-02
 1.103e+00  2.670e-02
 1.104e+00  2.657e-02
 1.105e+00  2.644e-02
 1.105e+00  2.632e-02
 1.105e+00  2.619e-02
 1.106e+00  2.607e-02
 1.107e+00  2.595e-02
 1.107e+00  2.583e-02
 1.107e+00  2.570e-02
 1.108e+00  2.559e-02
 1.109e+00  2.547e-02
 1.109e+00  2.536e-02
 1.109e+00  2.524e-02
 1.110e+00  2.513e-02
 1.111e+00  2.502e-02
 1.111e+00  2.491e-02
 1.111e+00  2.480e-02
 1.112e+00  2.469e-02
 1.113e+00  2.458e-02
 1.113e+00  2.448e-02
 1.113e+00  2.437e-02
 1.114e+00  2.426e-02
 1.115e+00  2.416e-02
 1.115e+00  2.406e-02
 1.115e+00  2.396e-02
 1.116e+00  2.386e-02
 1.117e+00  2.376e-02
 1.117e+00  2.366e-02
 1.117e+00  2.356e-02
 1.118e+00  2.347e-02
 1.119e+00  2.337e-02
 1.119e+00  2.328e-02
 1.119e+00  2.318e-02
 1.120e+00  2.309e-02
 1.121e+00  2.300e-02
 1.121e+00  2.290e-02
 1.121e+00  2.281e-02
 1.122e+00  2.272e-02
 1.123e+00  2.264e-02
 1.123e+00  2.255e-02
 1.123e+00  2.246e-02
 1.124e+00  2.237e-02
 1.125e+00  2.229e-02
 1.125e+00  2.220e-02
 1.125e+00  2.212e-02
 1.126e+00  2.203e-02
 1.127e+00  2.195e-02
 1.127e+00  2.187e-02
 1.127e+00  2.179e-02
 1.128e+00  2.171e-02
 1.129e+00  2.163e-02
 1.129e+00  2.155e-02
 1.129e+00  2.147e-02
 1.130e+00  2.139e-02
 1.131e+00  2.131e-02
 1.131e+00  2.123e-02
 1.131e+00  2.116e-02
 1.132e+00  2.108e-02
 1.133e+00  2.101e-02
 1.133e+00  2.093e-02
 1.133e+00  2.086e-02
 1.134e+00  2.079e-02
 1.135e+00  2.071e-02
 1.135e+00  2.064e-02
 1.135e+00  2.057e-02
 1.136e+00  2.050e-02
 1.137e+00  2.043e-02
 1.137e+00  2.036e-02
 1.137e+00  2.029e-02
 1.138e+00  2.022e-02
 1.139e+00  2.015e-02
 1.139e+00  2.008e-02
 1.139e+00  2.002e-02
 1.140e+00  1.995e-02
 1.141e+00  1.988e-02
 1.141e+00  1.982e-02
 1.141e+00  1.975e-02
 1.142e+00  1.969e-02
 1.143e+00  1.962e-02
 1.143e+00  1.956e-02
 1.143e+00  1.950e-02
 1.144e+00  1.943e-02
 1.145e+00  1.937e-02
 1.145e+00  1.931e-02
 1.145e+00  1.925e-02
 1.146e+00  1.919e-02
 1.147e+00  1.913e-02
 1.147e+00  1.907e-02
 1.147e+00  1.901e-02
 1.148e+00  1.895e-02
 1.149e+00  1.889e-02
 1.149e+00  1.883e-02
 1.149e+00  1.877e-02
 1.150e+00  1.871e-02
 1.151e+00  1.866e-02
 1.151e+00  1.860e-02
 1.151e+00  1.854e-02
 1.152e+00  1.849e-02
 1.153e+00  1.843e-02
 1.153e+00  1.838e-02
 1.153e+00  1.832e-02
 1.154e+00  1.827e-02
 1.155e+00  1.821e-02
 1.155e+00  1.816e-02
 1.155e+00  1.811e-02
 1.156e+00  1.805e-02
 1.157e+00  1.800e-02
 1.157e+00  1.795e-02
 1.157e+00  1.790e-02
 1.158e+00  1.785e-02
 1.159e+00  1.779e-02
 1.159e+00  1.774e-02
 1.159e+00  1.769e-02
 1.160e+00  1.764e-02
 1.161e+00  1.759e-02
 1.161e+00  1.754e-02
 1.161e+00  1.750e-02
 1.162e+00  1.745e-02
 1.163e+00  1.740e-02
 1.163e+00  1.735e-02
 1.163e+00  1.730e-02
 1.164e+00  1.725e-02
 1.165e+00  1.721e-02
 1.165e+00  1.716e-02
 1.165e+00  1.711e-02
 1.166e+00  1.707e-02
 1.167e+00  1.702e-02
 1.167e+00  1.697e-02
 1.167e+00  1.693e-02
 1.168e+00  1.688e-02
 1.169e+00  1.684e-02
 1.169e+00  1.680e-02
 1.169e+00  1.675e-02
 1.170e+00  1.671e-02
 1.171e+00  1.666e-02
 1.171e+00  1.662e-02
 1.171e+00  1.658e-02
 1.172e+00  1.653e-02
 1.173e+00  1.649e-02
 1.173e+00  1.645e-02
 1.173e+00  1.641e-02
 1.174e+00  1.636e-02
 1.175e+00  1.632e-02
 1.175e+00  1.628e-02
 1.175e+00  1.624e-02
 1.176e+00  1.620e-02
 1.177e+00  1.616e-02
 1.177e+00  1.612e-02
 1.177e+00  1.608e-02
 1.178e+00  1.604e-02
 1.179e+00  1.600e-02
 1.179e+00  1.596e-02
 1.179e+00  1.592e-02
 1.180e+00  1.588e-02
 1.181e+00  1.584e-02
 1.181e+00  1.581e-02
 1.181e+00  1.577e-02
 1.182e+00  1.573e-02
 1.183e+00  1.569e-02
 1.183e+00  1.566e-02
 1.183e+00  1.562e-02
 1.184e+00  1.558e-02
 1.185e+00  1.554e-02
 1.185e+00  1.551e-02
 1.185e+00  1.547e-02
 1.186e+00  1.544e-02
 1.187e+00  1.540e-02
 1.187e+00  1.537e-02
 1.188e+00  1.533e-02
 1.188e+00  1.530e-02
 1.189e+00  1.526e-02
 1.189e+00  1.522e-02
 1.190e+00  1.519e-02
 1.190e+00  1.516e-02
 1.191e+00  1.512e-02
 1.191e+00  1.509e-02
 1.192e+00  1.505e-02
 1.192e+00  1.502e-02
 1.193e+00  1.499e-02
 1.193e+00  1.496e-02
 1.194e+00  1.492e-02
 1.194e+00  1.489e-02
 1.195e+00  1.486e-02
 1.195e+00  1.482e-02
 1.196e+00  1.480e-02
 1.196e+00  1.476e-02
 1.197e+00  1.473e-02
 1.197e+00  1.470e-02
 1.198e+00  1.467e-02
 1.198e+00  1.464e-02
 1.199e+00  1.461e-02
 1.199e+00  1.457e-02
 1.200e+00  1.455e-02
 1.200e+00  1.452e-02
 1.201e+00  1.448e-02
 1.201e+00  1.446e-02
 1.202e+00  1.443e-02
 1.202e+00  1.440e-02
 1.203e+00  1.437e-02
 1.203e+00  1.434e-02
 1.204e+00  1.431e-02
 1.204e+00  1.428e-02
 1.205e+00  1.426e-02
 1.205e+00  1.422e-02
 1.206e+00  1.419e-02
 1.206e+00  1.417e-02
 1.207e+00  1.414e-02
 1.207e+00  1.411e-02
 1.208e+00  1.409e-02
 1.208e+00  1.406e-02
 1.209e+00  1.403e-02
 1.209e+00  1.400e-02
 1.210e+00  1.398e-02
 1.210e+00  1.395e-02
 1.211e+00  1.392e-02
 1.211e+00  1.390e-02
 1.212e+00  1.387e-02
 1.212e+00  1.384e-02
 1.213e+00  1.382e-02
 1.213e+00  1.379e-02
 1.214e+00  1.377e-02
 1.214e+00  1.374e-02
 1.215e+00  1.372e-02
 1.215e+00  1.369e-02
 1.216e+00  1.367e-02
 1.216e+00  1.364e-02
 1.216e+00  1.362e-02
 1.217e+00  1.359e-02
 1.218e+00  1.357e-02
 1.218e+00  1.354e-02
 1.218e+00  1.352e-02
 1.219e+00  1.349e-02
 1.220e+00  1.347e-02
 1.220e+00  1.345e-02
 1.220e+00  1.342e-02
 1.221e+00  1.340e-02
 1.222e+00  1.337e-02
 1.222e+00  1.335e-02
 1.222e+00  1.333e-02
 1.223e+00  1.331e-02
 1.224e+00  1.328e-02
 1.224e+00  1.326e-02
 1.224e+00  1.323e-02
 1.225e+00  1.322e-02
 1.226e+00  1.319e-02
 1.226e+00  1.317e-02
 1.226e+00  1.315e-02
 1.227e+00  1.312e-02
 1.228e+00  1.310e-02
 1.228e+00  1.308e-02
 1.228e+00  1.306e-02
 1.229e+00  1.303e-02
 1.230e+00  1.301e-02
 1.230e+00  1.299e-02
 1.230e+00  1.297e-02
 1.231e+00  1.295e-02
 1.232e+00  1.293e-02
 1.232e+00  1.290e-02
 1.232e+00  1.289e-02
 1.233e+00  1.286e-02
 1.234e+00  1.284e-02
 1.234e+00  1.282e-02
 1.234e+00  1.280e-02
 1.235e+00  1.278e-02
 1.236e+00  1.276e-02
 1.236e+00  1.274e-02
 1.236e+00  1.272e-02
 1.237e+00  1.270e-02
 1.238e+00  1.268e-02
 1.238e+00  1.265e-02
 1.238e+00  1.263e-02
 1.239e+00  1.262e-02
 1.240e+00  1.260e-02
 1.240e+00  1.258e-02
 1.240e+00  1.256e-02
 1.241e+00  1.253e-02
 1.242e+00  1.252e-02
 1.242e+00  1.250e-02
 1.242e+00  1.248e-02
 1.243e+00  1.246e-02
 1.244e+00  1.244e-02
 1.244e+00  1.242e-02
 1.244e+00  1.240e-02
 1.245e+00  1.238e-02
 1.246e+00  1.236e-02
 1.246e+00  1.234e-02
 1.246e+00  1.232e-02
 1.247e+00  1.231e-02
 1.248e+00  1.228e-02
 1.248e+00  1.226e-02
 1.248e+00  1.225e-02
 1.249e+00  1.223e-02
 1.250e+00  1.221e-02
 1.250e+00  1.219e-02
 1.250e+00  1.217e-02
 1.251e+00  1.215e-02
 1.252e+00  1.214e-02
 1.252e+00  1.212e-02
 1.252e+00  1.210e-02
 1.253e+00  1.208e-02
 1.254e+00  1.206e-02
 1.254e+00  1.204e-02
 1.254e+00  1.203e-02
 1.255e+00  1.201e-02
 1.256e+00  1.199e-02
 1.256e+00  1.197e-02
 1.256e+00  1.195e-02
 1.257e+00  1.193e-02
 1.258e+00  1.192e-02
 1.258e+00  1.190e-02
 1.258e+00  1.188e-02
 1.259e+00  1.186e-02
 1.260e+00  1.185e-02
 1.260e+00  1.183e-02
 1.260e+00  1.181e-02
 1.261e+00  1.180e-02
 1.262e+00  1.177e-02
 1.262e+00  1.176e-02
 1.262e+00  1.174e-02
 1.263e+00  1.172e-02
 1.264e+00  1.171e-02
 1.264e+00  1.169e-02
 1.264e+00  1.167e-02
 1.265e+00  1.166e-02
 1.266e+00  1.164e-02
 1.266e+00  1.162e-02
 1.266e+00  1.160e-02
 1.267e+00  1.159e-02
 1.268e+00  1.157e-02
 1.268e+00  1.155e-02
 1.268e+00  1.153e-02
 1.269e+00  1.152e-02
 1.270e+00  1.150e-02
 1.270e+00  1.148e-02
 1.270e+00  1.146e-02
 1.271e+00  1.145e-02
 1.272e+00  1.143e-02
 1.272e+00  1.141e-02
 1.272e+00  1.140e-02
 1.273e+00  1.138e-02
 1.274e+00  1.137e-02
 1.274e+00  1.135e-02
 1.274e+00  1.133e-02
 1.275e+00  1.131e-02
 1.276e+00  1.130e-02
 1.276e+00  1.128e-02
 1.276e+00  1.127e-02
 1.277e+00  1.125e-02
 1.278e+00  1.123e-02
 1.278e+00  1.122e-02
 1.278e+00  1.120e-02
 1.279e+00  1.118e-02
 1.280e+00  1.117e-02
 1.280e+00  1.115e-02
 1.280e+00  1.114e-02
 1.281e+00  1.112e-02
 1.282e+00  1.110e-02
 1.282e+00  1.108e-02
 1.282e+00  1.107e-02
 1.283e+00  1.105e-02
 1.284e+00  1.103e-02
 1.284e+00  1.102e-02
 1.284e+00  1.100e-02
 1.285e+00  1.098e-02
 1.286e+00  1.097e-02
 1.286e+00  1.095e-02
 1.286e+00  1.094e-02
 1.287e+00  1.092e-02
 1.288e+00  1.090e-02
 1.288e+00  1.089e-02
 1.288e+00  1.087e-02
 1.289e+00  1.085e-02
 1.290e+00  1.084e-02
 1.290e+00  1.082e-02
 1.290e+00  1.080e-02
 1.291e+00  1.079e-02
 1.292e+00  1.077e-02
 1.292e+00  1.076e-02
 1.292e+00  1.074e-02
 1.293e+00  1.072e-02
 1.294e+00  1.070e-02
 1.294e+00  1.069e-02
 1.294e+00  1.068e-02
 1.295e+00  1.066e-02
 1.296e+00  1.064e-02
 1.296e+00  1.062e-02
 1.296e+00  1.061e-02
 1.297e+00  1.059e-02
 1.298e+00  1.058e-02
 1.298e+00  1.056e-02
 1.298e+00  1.054e-02
 1.299e+00  1.053e-02
 1.300e+00  1.051e-02
 1.300e+00  1.049e-02
 1.300e+00  1.048e-02
 1.301e+00  1.046e-02
 1.302e+00  1.045e-02
 1.302e+00  1.043e-02
 1.302e+00  1.041e-02
 1.303e+00  1.040e-02
 1.304e+00  1.038e-02
 1.304e+00  1.036e-02
 1.304e+00  1.035e-02
 1.305e+00  1.033e-02
 1.306e+00  1.032e-02
 1.306e+00  1.030e-02
 1.306e+00  1.028e-02
 1.307e+00  1.026e-02
 1.308e+00  1.024e-02
 1.308e+00  1.023e-02
 1.308e+00  1.021e-02
 1.309e+00  1.020e-02
 1.310e+00  1.018e-02
 1.310e+00  1.016e-02
 1.310e+00  1.015e-02
 1.311e+00  1.013e-02
 1.312e+00  1.011e-02
 1.312e+00  1.010e-02
 1.312e+00  1.008e-02
 1.313e+00  1.007e-02
 1.314e+00  1.005e-02
 1.314e+00  1.003e-02
 1.315e+00  1.002e-02
 1.315e+00  1.000e-02
 1.316e+00  9.981e-03
 1.316e+00  9.968e-03
 1.317e+00  9.949e-03
 1.317e+00  9.934e-03
 1.318e+00  9.918e-03
 1.318e+00  9.903e-03
 1.319e+00  9.883e-03
 1.319e+00  9.867e-03
 1.320e+00  9.851e-03
 1.320e+00  9.836e-03
 1.321e+00  9.820e-03
 1.321e+00  9.804e-03
 1.322e+00  9.787e-03
 1.322e+00  9.767e-03
 1.323e+00  9.752e-03
 1.323e+00  9.737e-03
 1.324e+00  9.722e-03
 1.324e+00  9.704e-03
 1.325e+00  9.685e-03
 1.325e+00  9.672e-03
 1.326e+00  9.655e-03
 1.326e+00  9.638e-03
 1.327e+00  9.623e-03
 1.327e+00  9.608e-03
 1.328e+00  9.589e-03
 1.328e+00  9.571e-03
 1.329e+00  9.555e-03
 1.329e+00  9.539e-03
 1.330e+00  9.524e-03
 1.330e+00  9.506e-03
 1.331e+00  9.489e-03
 1.331e+00  9.473e-03
 1.332e+00  9.459e-03
 1.332e+00  9.442e-03
 1.333e+00  9.427e-03
 1.333e+00  9.412e-03
 1.334e+00  9.394e-03
 1.334e+00  9.380e-03
 1.335e+00  9.360e-03
 1.335e+00  9.343e-03
 1.336e+00  9.328e-03
 1.336e+00  9.311e-03
 1.337e+00  9.295e-03
 1.337e+00  9.282e-03
 1.338e+00  9.265e-03
 1.338e+00  9.246e-03
 1.339e+00  9.231e-03
 1.339e+00  9.216e-03
 1.340e+00  9.199e-03
 1.340e+00  9.185e-03
 1.341e+00  9.168e-03
 1.341e+00  9.153e-03
 1.342e+00  9.134e-03
 1.342e+00  9.119e-03
 1.343e+00  9.106e-03
 1.343e+00  9.089e-03
 1.344e+00  9.070e-03
 1.344e+00  9.057e-03
 1.345e+00  9.042e-03
 1.345e+00  9.023e-03
 1.345e+00  9.007e-03
 1.346e+00  8.992e-03
 1.347e+00  8.979e-03
 1.347e+00  8.962e-03
 1.347e+00  8.944e-03
 1.348e+00  8.930e-03
 1.349e+00  8.914e-03
 1.349e+00  8.899e-03
 1.349e+00  8.881e-03
 1.350e+00  8.865e-03
 1.351e+00  8.850e-03
 1.351e+00  8.835e-03
 1.351e+00  8.818e-03
 1.352e+00  8.802e-03
 1.353e+00  8.788e-03
 1.353e+00  8.771e-03
 1.353e+00  8.758e-03
 1.354e+00  8.743e-03
 1.355e+00  8.727e-03
 1.355e+00  8.710e-03
 1.355e+00  8.697e-03
 1.356e+00  8.681e-03
 1.357e+00  8.666e-03
 1.357e+00  8.646e-03
 1.357e+00  8.634e-03
 1.358e+00  8.616e-03
 1.359e+00  8.604e-03
 1.359e+00  8.589e-03
 1.359e+00  8.573e-03
 1.360e+00  8.554e-03
 1.361e+00  8.541e-03
 1.361e+00  8.528e-03
 1.361e+00  8.511e-03
 1.362e+00  8.494e-03
 1.363e+00  8.483e-03
 1.363e+00  8.467e-03
 1.363e+00  8.452e-03
 1.364e+00  8.437e-03
 1.365e+00  8.417e-03
 1.365e+00  8.403e-03
 1.365e+00  8.390e-03
 1.366e+00  8.376e-03
 1.367e+00  8.363e-03
 1.367e+00  8.344e-03
 1.367e+00  8.332e-03
 1.368e+00  8.313e-03
 1.369e+00  8.301e-03
 1.369e+00  8.287e-03
 1.369e+00  8.269e-03
 1.370e+00  8.256e-03
 1.371e+00  8.243e-03
 1.371e+00  8.230e-03
 1.371e+00  8.211e-03
 1.372e+00  8.197e-03
 1.373e+00  8.182e-03
 1.373e+00  8.168e-03
 1.373e+00  8.153e-03
 1.374e+00  8.143e-03
 1.375e+00  8.126e-03
 1.375e+00  8.110e-03
 1.375e+00  8.098e-03
 1.376e+00  8.080e-03
 1.377e+00  8.067e-03
 1.377e+00  8.052e-03
 1.377e+00  8.037e-03
 1.378e+00  8.027e-03
 1.379e+00  8.011e-03
 1.379e+00  7.998e-03
 1.379e+00  7.985e-03
 1.380e+00  7.970e-03
 1.381e+00  7.955e-03
 1.381e+00  7.938e-03
 1.381e+00  7.926e-03
 1.382e+00  7.912e-03
 1.383e+00  7.897e-03
 1.383e+00  7.886e-03
 1.383e+00  7.869e-03
 1.384e+00  7.855e-03
 1.385e+00  7.845e-03
 1.385e+00  7.828e-03
 1.385e+00  7.815e-03
 1.386e+00  7.800e-03
 1.387e+00  7.789e-03
 1.387e+00  7.777e-03
 1.387e+00  7.762e-03
 1.388e+00  7.749e-03
 1.389e+00  7.731e-03
 1.389e+00  7.722e-03
 1.389e+00  7.705e-03
 1.390e+00  7.692e-03
 1.391e+00  7.683e-03
 1.391e+00  7.666e-03
 1.391e+00  7.653e-03
 1.392e+00  7.638e-03
 1.393e+00  7.627e-03
 1.393e+00  7.614e-03
 1.393e+00  7.600e-03
 1.394e+00  7.589e-03
 1.395e+00  7.578e-03
 1.395e+00  7.563e-03
 1.395e+00  7.549e-03
 1.396e+00  7.538e-03
 1.397e+00  7.526e-03
 1.397e+00  7.511e-03
 1.397e+00  7.501e-03
 1.398e+00  7.484e-03
 1.399e+00  7.471e-03
 1.399e+00  7.463e-03
 1.399e+00  7.448e-03
 1.400e+00  7.436e-03
 1.401e+00  7.424e-03
 1.401e+00  7.410e-03
 1.401e+00  7.398e-03
 1.402e+00  7.385e-03
 1.403e+00  7.374e-03
 1.403e+00  7.359e-03
 1.403e+00  7.350e-03
 1.404e+00  7.337e-03
 1.405e+00  7.325e-03
 1.405e+00  7.313e-03
 1.405e+00  7.298e-03
 1.406e+00  7.288e-03
 1.407e+00  7.273e-03
 1.407e+00  7.266e-03
 1.407e+00  7.253e-03
 1.408e+00  7.241e-03
 1.409e+00  7.231e-03
 1.409e+00  7.215e-03
 1.409e+00  7.205e-03
 1.410e+00  7.195e-03
 1.411e+00  7.182e-03
 1.411e+00  7.169e-03
 1.411e+00  7.161e-03
 1.412e+00  7.149e-03
 1.413e+00  7.136e-03
 1.413e+00  7.124e-03
 1.413e+00  7.113e-03
 1.414e+00  7.103e-03
 1.415e+00  7.091e-03
 1.415e+00  7.081e-03
 1.415e+00  7.070e-03
 1.416e+00  7.060e-03
 1.417e+00  7.045e-03
 1.417e+00  7.035e-03
 1.417e+00  7.025e-03
 1.418e+00  7.016e-03
 1.419e+00  7.005e-03
 1.419e+00  6.995e-03
 1.419e+00  6.980e-03
 1.420e+00  6.970e-03
 1.421e+00  6.960e-03
 1.421e+00  6.954e-03
 1.421e+00  6.944e-03
 1.422e+00  6.932e-03
 1.423e+00  6.920e-03
 1.423e+00  6.909e-03
 1.423e+00  6.901e-03
 1.424e+00  6.889e-03
 1.425e+00  6.881e-03
 1.425e+00  6.872e-03
 1.425e+00  6.862e-03
 1.426e+00  6.853e-03
 1.427e+00  6.842e-03
 1.427e+00  6.832e-03
 1.427e+00  6.825e-03
 1.428e+00  6.813e-03
 1.429e+00  6.804e-03
 1.429e+00  6.795e-03
 1.429e+00  6.785e-03
 1.430e+00  6.774e-03
 1.431e+00  6.767e-03
 1.431e+00  6.759e-03
 1.431e+00  6.751e-03
 1.432e+00  6.740e-03
 1.433e+00  6.729e-03
 1.433e+00  6.722e-03
 1.433e+00  6.712e-03
 1.434e+00  6.703e-03
 1.435e+00  6.697e-03
 1.435e+00  6.690e-03
 1.435e+00  6.679e-03
 1.436e+00  6.671e-03
 1.437e+00  6.663e-03
 1.437e+00  6.655e-03
 1.438e+00  6.645e-03
 1.438e+00  6.638e-03
 1.439e+00  6.630e-03
 1.439e+00  6.625e-03
 1.440e+00  6.613e-03
 1.440e+00  6.609e-03
 1.441e+00  6.599e-03
 1.441e+00  6.591e-03
 1.442e+00  6.587e-03
 1.442e+00  6.575e-03
 1.443e+00  6.570e-03
 1.443e+00  6.563e-03
 1.444e+00  6.554e-03
 1.444e+00  6.548e-03
 1.445e+00  6.539e-03
 1.445e+00  6.532e-03
 1.446e+00  6.528e-03
 1.446e+00  6.520e-03
 1.447e+00  6.515e-03
 1.447e+00  6.507e-03
 1.448e+00  6.500e-03
 1.448e+00  6.496e-03
 1.449e+00  6.489e-03
 1.449e+00  6.483e-03
 1.450e+00  6.475e-03
 1.450e+00  6.472e-03
 1.451e+00  6.466e-03
 1.451e+00  6.457e-03
 1.452e+00  6.454e-03
 1.452e+00  6.448e-03
 1.453e+00  6.439e-03
 1.453e+00  6.433e-03
 1.454e+00  6.428e-03
 1.454e+00  6.426e-03
 1.455e+00  6.420e-03
 1.455e+00  6.412e-03
 1.456e+00  6.408e-03
 1.456e+00  6.405e-03
 1.457e+00  6.401e-03
 1.457e+00  6.393e-03
 1.458e+00  6.390e-03
 1.458e+00  6.385e-03
 1.459e+00  6.382e-03
 1.459e+00  6.378e-03
 1.460e+00  6.372e-03
 1.460e+00  6.366e-03
 1.461e+00  6.362e-03
 1.461e+00  6.358e-03
 1.462e+00  6.358e-03
 1.462e+00  6.351e-03
 1.463e+00  6.348e-03
 1.463e+00  6.346e-03
 1.464e+00  6.342e-03
 1.464e+00  6.338e-03
 1.465e+00  6.332e-03
 1.465e+00  6.327e-03
 1.466e+00  6.328e-03
 1.466e+00  6.322e-03
 1.467e+00  6.323e-03
 1.467e+00  6.319e-03
 1.468e+00  6.314e-03
 1.468e+00  6.310e-03
 1.469e+00  6.312e-03
 1.469e+00  6.310e-03
 1.470e+00  6.302e-03
 1.470e+00  6.301e-03
 1.471e+00  6.302e-03
 1.471e+00  6.299e-03
 1.472e+00  6.297e-03
 1.472e+00  6.295e-03
 1.472e+00  6.291e-03
 1.473e+00  6.293e-03
 1.474e+00  6.287e-03
 1.474e+00  6.290e-03
 1.474e+00  6.288e-03
 1.475e+00  6.284e-03
 1.476e+00  6.287e-03
 1.476e+00  6.281e-03
 1.476e+00  6.285e-03
 1.477e+00  4.275e-03
 1.478e+00  7.945e-04
 1.478e+00  0.000e+00
