#     mass     R_mu^F
 8.000e-01  0.000e+00
 8.005e-01 -4.080e-06
 8.010e-01 -8.414e-06
 8.015e-01 -1.300e-05
 8.020e-01 -1.782e-05
 8.025e-01 -2.287e-05
 8.030e-01 -2.815e-05
 8.035e-01 -3.365e-05
 8.040e-01 -3.936e-05
 8.045e-01 -4.527e-05
 8.050e-01 -5.138e-05
 8.055e-01 -5.768e-05
 8.060e-01 -6.415e-05
 8.065e-01 -7.080e-05
 8.070e-01 -7.762e-05
 8.075e-01 -8.459e-05
 8.080e-01 -9.172e-05
 8.085e-01 -9.899e-05
 8.090e-01 -1.064e-04
 8.095e-01 -1.139e-04
 8.100e-01 -1.216e-04
 8.105e-01 -1.294e-04
 8.110e-01 -1.372e-04
 8.115e-01 -1.452e-04
 8.120e-01 -1.533e-04
 8.125e-01 -1.614e-04
 8.130e-01 -1.697e-04
 8.135e-01 -1.780e-04
 8.140e-01 -1.863e-04
 8.145e-01 -1.947e-04
 8.150e-01 -2.032e-04
 8.155e-01 -2.117e-04
 8.160e-01 -2.202e-04
 8.165e-01 -2.288e-04
 8.170e-01 -2.374e-04
 8.175e-01 -2.460e-04
 8.180e-01 -2.546e-04
 8.185e-01 -2.631e-04
 8.190e-01 -2.717e-04
 8.195e-01 -2.803e-04
 8.200e-01 -2.888e-04
 8.205e-01 -2.973e-04
 8.210e-01 -3.057e-04
 8.215e-01 -3.141e-04
 8.220e-01 -3.225e-04
 8.225e-01 -3.308e-04
 8.230e-01 -3.390e-04
 8.235e-01 -3.471e-04
 8.240e-01 -3.551e-04
 8.245e-01 -3.631e-04
 8.250e-01 -3.709e-04
 8.255e-01 -3.787e-04
 8.260e-01 -3.863e-04
 8.265e-01 -3.938e-04
 8.270e-01 -4.012e-04
 8.275e-01 -4.084e-04
 8.280e-01 -4.155e-04
 8.285e-01 -4.224e-04
 8.290e-01 -4.291e-04
 8.295e-01 -4.357e-04
 8.300e-01 -4.422e-04
 8.305e-01 -4.484e-04
 8.310e-01 -4.544e-04
 8.315e-01 -4.603e-04
 8.320e-01 -4.659e-04
 8.325e-01 -4.713e-04
 8.330e-01 -4.765e-04
 8.335e-01 -4.815e-04
 8.340e-01 -4.862e-04
 8.345e-01 -4.907e-04
 8.350e-01 -4.950e-04
 8.355e-01 -4.990e-04
 8.360e-01 -5.027e-04
 8.365e-01 -5.061e-04
 8.370e-01 -5.093e-04
 8.375e-01 -5.122e-04
 8.380e-01 -5.147e-04
 8.385e-01 -5.170e-04
 8.390e-01 -5.190e-04
 8.395e-01 -5.206e-04
 8.400e-01 -5.219e-04
 8.405e-01 -5.229e-04
 8.410e-01 -5.236e-04
 8.415e-01 -5.239e-04
 8.420e-01 -5.238e-04
 8.425e-01 -5.234e-04
 8.430e-01 -5.226e-04
 8.435e-01 -5.214e-04
 8.440e-01 -5.198e-04
 8.445e-01 -5.179e-04
 8.450e-01 -5.155e-04
 8.455e-01 -5.128e-04
 8.460e-01 -5.096e-04
 8.465e-01 -5.060e-04
 8.470e-01 -5.019e-04
 8.475e-01 -4.975e-04
 8.480e-01 -4.926e-04
 8.485e-01 -4.872e-04
 8.490e-01 -4.813e-04
 8.495e-01 -4.750e-04
 8.500e-01 -4.683e-04
 8.505e-01 -4.610e-04
 8.510e-01 -4.532e-04
 8.515e-01 -4.450e-04
 8.520e-01 -4.362e-04
 8.525e-01 -4.270e-04
 8.530e-01 -4.172e-04
 8.535e-01 -4.068e-04
 8.540e-01 -3.960e-04
 8.545e-01 -3.846e-04
 8.550e-01 -3.726e-04
 8.555e-01 -3.601e-04
 8.560e-01 -3.470e-04
 8.565e-01 -3.334e-04
 8.570e-01 -3.191e-04
 8.575e-01 -3.043e-04
 8.580e-01 -2.889e-04
 8.585e-01 -2.729e-04
 8.590e-01 -2.562e-04
 8.595e-01 -2.390e-04
 8.600e-01 -2.211e-04
 8.605e-01 -2.026e-04
 8.610e-01 -1.834e-04
 8.615e-01 -1.636e-04
 8.620e-01 -1.432e-04
 8.625e-01 -1.220e-04
 8.630e-01 -1.002e-04
 8.635e-01 -7.775e-05
 8.640e-01 -5.458e-05
 8.645e-01 -3.072e-05
 8.650e-01 -6.153e-06
 8.655e-01  1.912e-05
 8.660e-01  4.511e-05
 8.665e-01  7.182e-05
 8.670e-01  9.927e-05
 8.675e-01  1.275e-04
 8.680e-01  1.564e-04
 8.685e-01  1.861e-04
 8.690e-01  2.165e-04
 8.695e-01  2.478e-04
 8.700e-01  2.798e-04
 8.705e-01  3.125e-04
 8.710e-01  3.461e-04
 8.715e-01  3.805e-04
 8.720e-01  4.157e-04
 8.725e-01  4.517e-04
 8.730e-01  4.885e-04
 8.735e-01  5.261e-04
 8.740e-01  5.646e-04
 8.745e-01  6.040e-04
 8.750e-01  6.442e-04
 8.755e-01  6.852e-04
 8.760e-01  7.271e-04
 8.765e-01  7.699e-04
 8.770e-01  8.136e-04
 8.775e-01  8.582e-04
 8.780e-01  9.036e-04
 8.785e-01  9.500e-04
 8.790e-01  9.973e-04
 8.795e-01  1.046e-03
 8.800e-01  1.095e-03
 8.805e-01  1.145e-03
 8.810e-01  1.196e-03
 8.815e-01  1.248e-03
 8.820e-01  1.301e-03
 8.825e-01  1.355e-03
 8.830e-01  1.409e-03
 8.835e-01  1.465e-03
 8.840e-01  1.522e-03
 8.845e-01  1.580e-03
 8.850e-01  1.639e-03
 8.855e-01  1.699e-03
 8.860e-01  1.759e-03
 8.865e-01  1.821e-03
 8.870e-01  1.884e-03
 8.875e-01  1.948e-03
 8.880e-01  2.013e-03
 8.885e-01  2.079e-03
 8.890e-01  2.146e-03
 8.895e-01  2.215e-03
 8.900e-01  2.284e-03
 8.905e-01  2.354e-03
 8.910e-01  2.426e-03
 8.915e-01  2.498e-03
 8.920e-01  2.572e-03
 8.925e-01  2.647e-03
 8.930e-01  2.723e-03
 8.935e-01  2.800e-03
 8.940e-01  2.878e-03
 8.945e-01  2.958e-03
 8.950e-01  3.038e-03
 8.955e-01  3.120e-03
 8.960e-01  3.203e-03
 8.965e-01  3.287e-03
 8.970e-01  3.372e-03
 8.975e-01  3.458e-03
 8.980e-01  3.546e-03
 8.985e-01  3.635e-03
 8.990e-01  3.725e-03
 8.995e-01  3.816e-03
 9.000e-01  3.908e-03
 9.005e-01  4.002e-03
 9.010e-01  4.097e-03
 9.015e-01  4.193e-03
 9.020e-01  4.291e-03
 9.025e-01  4.390e-03
 9.030e-01  4.490e-03
 9.035e-01  4.591e-03
 9.040e-01  4.694e-03
 9.045e-01  4.798e-03
 9.050e-01  4.903e-03
 9.055e-01  5.009e-03
 9.060e-01  5.117e-03
 9.065e-01  5.226e-03
 9.070e-01  5.337e-03
 9.075e-01  5.449e-03
 9.080e-01  5.562e-03
 9.085e-01  5.677e-03
 9.090e-01  5.793e-03
 9.095e-01  5.910e-03
 9.100e-01  6.029e-03
 9.105e-01  6.149e-03
 9.110e-01  6.270e-03
 9.115e-01  6.393e-03
 9.120e-01  6.518e-03
 9.125e-01  6.643e-03
 9.130e-01  6.770e-03
 9.135e-01  6.899e-03
 9.140e-01  7.029e-03
 9.145e-01  7.161e-03
 9.150e-01  7.294e-03
 9.155e-01  7.428e-03
 9.160e-01  7.564e-03
 9.165e-01  7.701e-03
 9.170e-01  7.840e-03
 9.175e-01  7.981e-03
 9.180e-01  8.123e-03
 9.185e-01  8.266e-03
 9.190e-01  8.411e-03
 9.195e-01  8.557e-03
 9.200e-01  8.705e-03
 9.205e-01  8.855e-03
 9.210e-01  9.006e-03
 9.215e-01  9.159e-03
 9.220e-01  9.313e-03
 9.225e-01  9.469e-03
 9.230e-01  9.626e-03
 9.235e-01  9.785e-03
 9.240e-01  9.946e-03
 9.245e-01  1.011e-02
 9.250e-01  1.027e-02
 9.255e-01  1.044e-02
 9.260e-01  1.060e-02
 9.265e-01  1.077e-02
 9.270e-01  1.094e-02
 9.275e-01  1.111e-02
 9.280e-01  1.129e-02
 9.285e-01  1.146e-02
 9.290e-01  1.164e-02
 9.295e-01  1.182e-02
 9.300e-01  1.200e-02
 9.305e-01  1.218e-02
 9.310e-01  1.237e-02
 9.315e-01  1.255e-02
 9.320e-01  1.274e-02
 9.325e-01  1.293e-02
 9.330e-01  1.312e-02
 9.335e-01  1.331e-02
 9.340e-01  1.350e-02
 9.345e-01  1.370e-02
 9.350e-01  1.390e-02
 9.355e-01  1.410e-02
 9.360e-01  1.430e-02
 9.365e-01  1.450e-02
 9.370e-01  1.471e-02
 9.375e-01  1.491e-02
 9.380e-01  1.512e-02
 9.385e-01  1.533e-02
 9.390e-01  1.554e-02
 9.395e-01  1.576e-02
 9.400e-01  1.597e-02
 9.405e-01  1.619e-02
 9.410e-01  1.641e-02
 9.415e-01  1.663e-02
 9.420e-01  1.685e-02
 9.425e-01  1.708e-02
 9.430e-01  1.731e-02
 9.435e-01  1.753e-02
 9.440e-01  1.776e-02
 9.445e-01  1.800e-02
 9.450e-01  1.823e-02
 9.455e-01  1.847e-02
 9.460e-01  1.871e-02
 9.465e-01  1.895e-02
 9.470e-01  1.919e-02
 9.475e-01  1.943e-02
 9.480e-01  1.968e-02
 9.485e-01  1.993e-02
 9.490e-01  2.018e-02
 9.495e-01  2.043e-02
 9.500e-01  2.068e-02
 9.505e-01  2.094e-02
 9.510e-01  2.120e-02
 9.515e-01  2.146e-02
 9.520e-01  2.172e-02
 9.525e-01  2.198e-02
 9.530e-01  2.225e-02
 9.535e-01  2.252e-02
 9.540e-01  2.279e-02
 9.545e-01  2.306e-02
 9.550e-01  2.334e-02
 9.555e-01  2.361e-02
 9.560e-01  2.389e-02
 9.565e-01  2.417e-02
 9.570e-01  2.445e-02
 9.575e-01  2.474e-02
 9.580e-01  2.503e-02
 9.585e-01  2.532e-02
 9.590e-01  2.561e-02
 9.595e-01  2.590e-02
 9.600e-01  2.620e-02
 9.605e-01  2.649e-02
 9.610e-01  2.679e-02
 9.615e-01  2.710e-02
 9.620e-01  2.740e-02
 9.625e-01  2.771e-02
 9.630e-01  2.802e-02
 9.635e-01  2.833e-02
 9.640e-01  2.864e-02
 9.645e-01  2.895e-02
 9.650e-01  2.927e-02
 9.655e-01  2.959e-02
 9.660e-01  2.991e-02
 9.665e-01  3.024e-02
 9.670e-01  3.056e-02
 9.675e-01  3.089e-02
 9.680e-01  3.122e-02
 9.685e-01  3.156e-02
 9.690e-01  3.189e-02
 9.695e-01  3.223e-02
 9.700e-01  3.257e-02
 9.705e-01  3.291e-02
 9.710e-01  3.326e-02
 9.715e-01  3.360e-02
 9.720e-01  3.395e-02
 9.725e-01  3.431e-02
 9.730e-01  3.466e-02
 9.735e-01  3.502e-02
 9.740e-01  3.537e-02
 9.745e-01  3.574e-02
 9.750e-01  3.610e-02
 9.755e-01  3.647e-02
 9.760e-01  3.683e-02
 9.765e-01  3.720e-02
 9.770e-01  3.758e-02
 9.775e-01  3.795e-02
 9.780e-01  3.833e-02
 9.785e-01  3.871e-02
 9.790e-01  3.909e-02
 9.795e-01  3.948e-02
 9.800e-01  3.987e-02
 9.805e-01  4.026e-02
 9.810e-01  4.065e-02
 9.815e-01  4.104e-02
 9.820e-01  4.144e-02
 9.825e-01  4.184e-02
 9.830e-01  4.224e-02
 9.835e-01  4.265e-02
 9.840e-01  4.306e-02
 9.845e-01  4.347e-02
 9.850e-01  4.388e-02
 9.855e-01  4.430e-02
 9.860e-01  4.471e-02
 9.865e-01  4.513e-02
 9.870e-01  4.556e-02
 9.875e-01  4.598e-02
 9.880e-01  4.641e-02
 9.885e-01  4.684e-02
 9.890e-01  4.727e-02
 9.895e-01  4.771e-02
 9.900e-01  4.815e-02
 9.905e-01  4.859e-02
 9.910e-01  4.903e-02
 9.915e-01  4.948e-02
 9.920e-01  4.993e-02
 9.925e-01  5.038e-02
 9.930e-01  5.083e-02
 9.935e-01  5.129e-02
 9.940e-01  5.175e-02
 9.945e-01  5.221e-02
 9.950e-01  5.268e-02
 9.955e-01  5.314e-02
 9.960e-01  5.361e-02
 9.965e-01  5.409e-02
 9.970e-01  5.456e-02
 9.975e-01  5.504e-02
 9.980e-01  5.552e-02
 9.985e-01  5.601e-02
 9.990e-01  5.649e-02
 9.995e-01  5.698e-02
 1.000e+00  5.747e-02
 1.000e+00  5.797e-02
 1.001e+00  5.847e-02
 1.002e+00  5.897e-02
 1.002e+00  5.947e-02
 1.002e+00  5.998e-02
 1.003e+00  6.048e-02
 1.004e+00  6.099e-02
 1.004e+00  6.151e-02
 1.004e+00  6.202e-02
 1.005e+00  6.254e-02
 1.006e+00  6.306e-02
 1.006e+00  6.359e-02
 1.006e+00  6.411e-02
 1.007e+00  6.464e-02
 1.008e+00  6.517e-02
 1.008e+00  6.571e-02
 1.008e+00  6.624e-02
 1.009e+00  6.678e-02
 1.010e+00  6.732e-02
 1.010e+00  6.787e-02
 1.010e+00  6.841e-02
 1.011e+00  6.896e-02
 1.012e+00  6.951e-02
 1.012e+00  7.006e-02
 1.012e+00  7.062e-02
 1.013e+00  7.117e-02
 1.014e+00  7.173e-02
 1.014e+00  7.229e-02
 1.014e+00  7.286e-02
 1.015e+00  7.342e-02
 1.016e+00  7.399e-02
 1.016e+00  7.456e-02
 1.016e+00  7.513e-02
 1.017e+00  7.570e-02
 1.018e+00  7.628e-02
 1.018e+00  7.686e-02
 1.018e+00  7.744e-02
 1.019e+00  7.802e-02
 1.020e+00  7.860e-02
 1.020e+00  7.919e-02
 1.020e+00  7.977e-02
 1.021e+00  8.036e-02
 1.022e+00  8.095e-02
 1.022e+00  8.155e-02
 1.022e+00  8.214e-02
 1.023e+00  8.274e-02
 1.024e+00  8.333e-02
 1.024e+00  8.393e-02
 1.024e+00  8.454e-02
 1.025e+00  8.514e-02
 1.026e+00  8.574e-02
 1.026e+00  8.635e-02
 1.026e+00  8.696e-02
 1.027e+00  8.757e-02
 1.028e+00  8.818e-02
 1.028e+00  8.879e-02
 1.028e+00  8.940e-02
 1.029e+00  9.002e-02
 1.030e+00  9.064e-02
 1.030e+00  9.125e-02
 1.030e+00  9.187e-02
 1.031e+00  9.250e-02
 1.032e+00  9.312e-02
 1.032e+00  9.374e-02
 1.032e+00  9.437e-02
 1.033e+00  9.499e-02
 1.034e+00  9.562e-02
 1.034e+00  9.625e-02
 1.034e+00  9.688e-02
 1.035e+00  9.751e-02
 1.036e+00  9.815e-02
 1.036e+00  9.878e-02
 1.036e+00  9.941e-02
 1.037e+00  1.001e-01
 1.038e+00  1.007e-01
 1.038e+00  1.013e-01
 1.038e+00  1.020e-01
 1.039e+00  1.026e-01
 1.040e+00  1.032e-01
 1.040e+00  1.039e-01
 1.040e+00  1.045e-01
 1.041e+00  1.052e-01
 1.042e+00  1.058e-01
 1.042e+00  1.065e-01
 1.042e+00  1.071e-01
 1.043e+00  1.078e-01
 1.044e+00  1.084e-01
 1.044e+00  1.091e-01
 1.044e+00  1.097e-01
 1.045e+00  1.104e-01
 1.046e+00  1.110e-01
 1.046e+00  1.117e-01
 1.046e+00  1.123e-01
 1.047e+00  1.130e-01
 1.048e+00  1.136e-01
 1.048e+00  1.143e-01
 1.048e+00  1.149e-01
 1.049e+00  1.156e-01
 1.050e+00  1.163e-01
 1.050e+00  1.169e-01
 1.050e+00  1.176e-01
 1.051e+00  1.182e-01
 1.052e+00  1.189e-01
 1.052e+00  1.195e-01
 1.052e+00  1.202e-01
 1.053e+00  1.209e-01
 1.054e+00  1.215e-01
 1.054e+00  1.222e-01
 1.054e+00  1.229e-01
 1.055e+00  1.235e-01
 1.056e+00  1.242e-01
 1.056e+00  1.248e-01
 1.056e+00  1.255e-01
 1.057e+00  1.262e-01
 1.058e+00  1.268e-01
 1.058e+00  1.275e-01
 1.058e+00  1.282e-01
 1.059e+00  1.288e-01
 1.060e+00  1.295e-01
 1.060e+00  1.301e-01
 1.060e+00  1.308e-01
 1.061e+00  1.315e-01
 1.062e+00  1.321e-01
 1.062e+00  1.328e-01
 1.062e+00  1.335e-01
 1.063e+00  1.341e-01
 1.064e+00  1.348e-01
 1.064e+00  1.355e-01
 1.065e+00  1.361e-01
 1.065e+00  1.368e-01
 1.066e+00  1.374e-01
 1.066e+00  1.381e-01
 1.067e+00  1.388e-01
 1.067e+00  1.394e-01
 1.068e+00  1.401e-01
 1.068e+00  1.408e-01
 1.069e+00  1.414e-01
 1.069e+00  1.421e-01
 1.070e+00  1.427e-01
 1.070e+00  1.434e-01
 1.071e+00  1.441e-01
 1.071e+00  1.447e-01
 1.072e+00  1.454e-01
 1.072e+00  1.460e-01
 1.073e+00  1.467e-01
 1.073e+00  1.474e-01
 1.074e+00  1.480e-01
 1.074e+00  1.487e-01
 1.075e+00  1.493e-01
 1.075e+00  1.500e-01
 1.076e+00  1.506e-01
 1.076e+00  1.513e-01
 1.077e+00  1.519e-01
 1.077e+00  1.526e-01
 1.078e+00  1.532e-01
 1.078e+00  1.539e-01
 1.079e+00  1.545e-01
 1.079e+00  1.552e-01
 1.080e+00  1.558e-01
 1.080e+00  1.565e-01
 1.081e+00  1.571e-01
 1.081e+00  1.578e-01
 1.082e+00  1.584e-01
 1.082e+00  1.591e-01
 1.083e+00  1.597e-01
 1.083e+00  1.604e-01
 1.084e+00  1.610e-01
 1.084e+00  1.617e-01
 1.085e+00  1.623e-01
 1.085e+00  1.629e-01
 1.086e+00  1.636e-01
 1.086e+00  1.642e-01
 1.087e+00  1.648e-01
 1.087e+00  1.655e-01
 1.088e+00  1.661e-01
 1.088e+00  1.667e-01
 1.089e+00  1.674e-01
 1.089e+00  1.680e-01
 1.089e+00  1.686e-01
 1.090e+00  1.693e-01
 1.091e+00  1.699e-01
 1.091e+00  1.705e-01
 1.091e+00  1.711e-01
 1.092e+00  1.718e-01
 1.093e+00  1.724e-01
 1.093e+00  1.730e-01
 1.093e+00  1.736e-01
 1.094e+00  1.742e-01
 1.095e+00  1.748e-01
 1.095e+00  1.755e-01
 1.095e+00  1.761e-01
 1.096e+00  1.767e-01
 1.097e+00  1.773e-01
 1.097e+00  1.779e-01
 1.097e+00  1.785e-01
 1.098e+00  1.791e-01
 1.099e+00  1.797e-01
 1.099e+00  1.803e-01
 1.099e+00  1.809e-01
 1.100e+00  1.815e-01
 1.101e+00  1.821e-01
 1.101e+00  1.827e-01
 1.101e+00  1.833e-01
 1.102e+00  1.839e-01
 1.103e+00  1.845e-01
 1.103e+00  1.850e-01
 1.103e+00  1.856e-01
 1.104e+00  1.862e-01
 1.105e+00  1.868e-01
 1.105e+00  1.874e-01
 1.105e+00  1.880e-01
 1.106e+00  1.885e-01
 1.107e+00  1.891e-01
 1.107e+00  1.897e-01
 1.107e+00  1.903e-01
 1.108e+00  1.908e-01
 1.109e+00  1.914e-01
 1.109e+00  1.920e-01
 1.109e+00  1.925e-01
 1.110e+00  1.931e-01
 1.111e+00  1.937e-01
 1.111e+00  1.942e-01
 1.111e+00  1.948e-01
 1.112e+00  1.954e-01
 1.113e+00  1.959e-01
 1.113e+00  1.965e-01
 1.113e+00  1.970e-01
 1.114e+00  1.976e-01
 1.115e+00  1.981e-01
 1.115e+00  1.987e-01
 1.115e+00  1.993e-01
 1.116e+00  1.998e-01
 1.117e+00  2.004e-01
 1.117e+00  2.009e-01
 1.117e+00  2.015e-01
 1.118e+00  2.020e-01
 1.119e+00  2.025e-01
 1.119e+00  2.031e-01
 1.119e+00  2.036e-01
 1.120e+00  2.042e-01
 1.121e+00  2.047e-01
 1.121e+00  2.053e-01
 1.121e+00  2.058e-01
 1.122e+00  2.064e-01
 1.123e+00  2.069e-01
 1.123e+00  2.074e-01
 1.123e+00  2.080e-01
 1.124e+00  2.085e-01
 1.125e+00  2.090e-01
 1.125e+00  2.096e-01
 1.125e+00  2.101e-01
 1.126e+00  2.107e-01
 1.127e+00  2.112e-01
 1.127e+00  2.117e-01
 1.127e+00  2.123e-01
 1.128e+00  2.128e-01
 1.129e+00  2.133e-01
 1.129e+00  2.139e-01
 1.129e+00  2.144e-01
 1.130e+00  2.149e-01
 1.131e+00  2.154e-01
 1.131e+00  2.160e-01
 1.131e+00  2.165e-01
 1.132e+00  2.170e-01
 1.133e+00  2.176e-01
 1.133e+00  2.181e-01
 1.133e+00  2.186e-01
 1.134e+00  2.192e-01
 1.135e+00  2.197e-01
 1.135e+00  2.202e-01
 1.135e+00  2.207e-01
 1.136e+00  2.213e-01
 1.137e+00  2.218e-01
 1.137e+00  2.223e-01
 1.137e+00  2.228e-01
 1.138e+00  2.234e-01
 1.139e+00  2.239e-01
 1.139e+00  2.244e-01
 1.139e+00  2.250e-01
 1.140e+00  2.255e-01
 1.141e+00  2.260e-01
 1.141e+00  2.265e-01
 1.141e+00  2.271e-01
 1.142e+00  2.276e-01
 1.143e+00  2.281e-01
 1.143e+00  2.286e-01
 1.143e+00  2.292e-01
 1.144e+00  2.297e-01
 1.145e+00  2.302e-01
 1.145e+00  2.308e-01
 1.145e+00  2.313e-01
 1.146e+00  2.318e-01
 1.147e+00  2.323e-01
 1.147e+00  2.329e-01
 1.147e+00  2.334e-01
 1.148e+00  2.339e-01
 1.149e+00  2.345e-01
 1.149e+00  2.350e-01
 1.149e+00  2.355e-01
 1.150e+00  2.361e-01
 1.151e+00  2.366e-01
 1.151e+00  2.371e-01
 1.151e+00  2.376e-01
 1.152e+00  2.382e-01
 1.153e+00  2.387e-01
 1.153e+00  2.392e-01
 1.153e+00  2.398e-01
 1.154e+00  2.403e-01
 1.155e+00  2.409e-01
 1.155e+00  2.414e-01
 1.155e+00  2.419e-01
 1.156e+00  2.425e-01
 1.157e+00  2.430e-01
 1.157e+00  2.435e-01
 1.157e+00  2.441e-01
 1.158e+00  2.446e-01
 1.159e+00  2.452e-01
 1.159e+00  2.457e-01
 1.159e+00  2.463e-01
 1.160e+00  2.468e-01
 1.161e+00  2.474e-01
 1.161e+00  2.479e-01
 1.161e+00  2.484e-01
 1.162e+00  2.490e-01
 1.163e+00  2.495e-01
 1.163e+00  2.501e-01
 1.163e+00  2.506e-01
 1.164e+00  2.512e-01
 1.165e+00  2.518e-01
 1.165e+00  2.523e-01
 1.165e+00  2.529e-01
 1.166e+00  2.534e-01
 1.167e+00  2.540e-01
 1.167e+00  2.545e-01
 1.167e+00  2.551e-01
 1.168e+00  2.557e-01
 1.169e+00  2.562e-01
 1.169e+00  2.568e-01
 1.169e+00  2.574e-01
 1.170e+00  2.579e-01
 1.171e+00  2.585e-01
 1.171e+00  2.591e-01
 1.171e+00  2.596e-01
 1.172e+00  2.602e-01
 1.173e+00  2.608e-01
 1.173e+00  2.614e-01
 1.173e+00  2.619e-01
 1.174e+00  2.625e-01
 1.175e+00  2.631e-01
 1.175e+00  2.637e-01
 1.175e+00  2.643e-01
 1.176e+00  2.649e-01
 1.177e+00  2.654e-01
 1.177e+00  2.660e-01
 1.177e+00  2.666e-01
 1.178e+00  2.672e-01
 1.179e+00  2.678e-01
 1.179e+00  2.684e-01
 1.179e+00  2.690e-01
 1.180e+00  2.696e-01
 1.181e+00  2.702e-01
 1.181e+00  2.708e-01
 1.181e+00  2.714e-01
 1.182e+00  2.720e-01
 1.183e+00  2.726e-01
 1.183e+00  2.732e-01
 1.183e+00  2.738e-01
 1.184e+00  2.745e-01
 1.185e+00  2.751e-01
 1.185e+00  2.757e-01
 1.185e+00  2.763e-01
 1.186e+00  2.769e-01
 1.187e+00  2.776e-01
 1.187e+00  2.782e-01
 1.188e+00  2.788e-01
 1.188e+00  2.794e-01
 1.189e+00  2.801e-01
 1.189e+00  2.807e-01
 1.190e+00  2.813e-01
 1.190e+00  2.820e-01
 1.191e+00  2.826e-01
 1.191e+00  2.833e-01
 1.192e+00  2.839e-01
 1.192e+00  2.846e-01
 1.193e+00  2.852e-01
 1.193e+00  2.859e-01
 1.194e+00  2.865e-01
 1.194e+00  2.872e-01
 1.195e+00  2.878e-01
 1.195e+00  2.885e-01
 1.196e+00  2.892e-01
 1.196e+00  2.898e-01
 1.197e+00  2.905e-01
 1.197e+00  2.912e-01
 1.198e+00  2.919e-01
 1.198e+00  2.925e-01
 1.199e+00  2.932e-01
 1.199e+00  2.939e-01
 1.200e+00  2.946e-01
 1.200e+00  2.953e-01
 1.201e+00  2.960e-01
 1.201e+00  2.967e-01
 1.202e+00  2.974e-01
 1.202e+00  2.981e-01
 1.203e+00  2.988e-01
 1.203e+00  2.995e-01
 1.204e+00  3.002e-01
 1.204e+00  3.009e-01
 1.205e+00  3.016e-01
 1.205e+00  3.023e-01
 1.206e+00  3.030e-01
 1.206e+00  3.037e-01
 1.207e+00  3.045e-01
 1.207e+00  3.052e-01
 1.208e+00  3.059e-01
 1.208e+00  3.066e-01
 1.209e+00  3.074e-01
 1.209e+00  3.081e-01
 1.210e+00  3.089e-01
 1.210e+00  3.096e-01
 1.211e+00  3.103e-01
 1.211e+00  3.111e-01
 1.212e+00  3.118e-01
 1.212e+00  3.126e-01
 1.213e+00  3.133e-01
 1.213e+00  3.141e-01
 1.214e+00  3.148e-01
 1.214e+00  3.156e-01
 1.215e+00  3.164e-01
 1.215e+00  3.171e-01
 1.216e+00  3.179e-01
 1.216e+00  3.187e-01
 1.216e+00  3.194e-01
 1.217e+00  3.202e-01
 1.218e+00  3.210e-01
 1.218e+00  3.217e-01
 1.218e+00  3.225e-01
 1.219e+00  3.233e-01
 1.220e+00  3.241e-01
 1.220e+00  3.249e-01
 1.220e+00  3.257e-01
 1.221e+00  3.265e-01
 1.222e+00  3.272e-01
 1.222e+00  3.280e-01
 1.222e+00  3.288e-01
 1.223e+00  3.296e-01
 1.224e+00  3.304e-01
 1.224e+00  3.312e-01
 1.224e+00  3.320e-01
 1.225e+00  3.329e-01
 1.226e+00  3.337e-01
 1.226e+00  3.345e-01
 1.226e+00  3.353e-01
 1.227e+00  3.361e-01
 1.228e+00  3.369e-01
 1.228e+00  3.377e-01
 1.228e+00  3.386e-01
 1.229e+00  3.394e-01
 1.230e+00  3.402e-01
 1.230e+00  3.410e-01
 1.230e+00  3.419e-01
 1.231e+00  3.427e-01
 1.232e+00  3.435e-01
 1.232e+00  3.444e-01
 1.232e+00  3.452e-01
 1.233e+00  3.460e-01
 1.234e+00  3.469e-01
 1.234e+00  3.477e-01
 1.234e+00  3.485e-01
 1.235e+00  3.494e-01
 1.236e+00  3.502e-01
 1.236e+00  3.511e-01
 1.236e+00  3.519e-01
 1.237e+00  3.528e-01
 1.238e+00  3.536e-01
 1.238e+00  3.545e-01
 1.238e+00  3.554e-01
 1.239e+00  3.562e-01
 1.240e+00  3.571e-01
 1.240e+00  3.579e-01
 1.240e+00  3.588e-01
 1.241e+00  3.597e-01
 1.242e+00  3.605e-01
 1.242e+00  3.614e-01
 1.242e+00  3.623e-01
 1.243e+00  3.631e-01
 1.244e+00  3.640e-01
 1.244e+00  3.649e-01
 1.244e+00  3.658e-01
 1.245e+00  3.666e-01
 1.246e+00  3.675e-01
 1.246e+00  3.684e-01
 1.246e+00  3.693e-01
 1.247e+00  3.701e-01
 1.248e+00  3.710e-01
 1.248e+00  3.719e-01
 1.248e+00  3.728e-01
 1.249e+00  3.737e-01
 1.250e+00  3.746e-01
 1.250e+00  3.755e-01
 1.250e+00  3.764e-01
 1.251e+00  3.773e-01
 1.252e+00  3.782e-01
 1.252e+00  3.790e-01
 1.252e+00  3.799e-01
 1.253e+00  3.808e-01
 1.254e+00  3.817e-01
 1.254e+00  3.826e-01
 1.254e+00  3.835e-01
 1.255e+00  3.845e-01
 1.256e+00  3.854e-01
 1.256e+00  3.863e-01
 1.256e+00  3.872e-01
 1.257e+00  3.881e-01
 1.258e+00  3.890e-01
 1.258e+00  3.899e-01
 1.258e+00  3.908e-01
 1.259e+00  3.917e-01
 1.260e+00  3.926e-01
 1.260e+00  3.936e-01
 1.260e+00  3.945e-01
 1.261e+00  3.954e-01
 1.262e+00  3.963e-01
 1.262e+00  3.972e-01
 1.262e+00  3.981e-01
 1.263e+00  3.991e-01
 1.264e+00  4.000e-01
 1.264e+00  4.009e-01
 1.264e+00  4.018e-01
 1.265e+00  4.028e-01
 1.266e+00  4.037e-01
 1.266e+00  4.046e-01
 1.266e+00  4.055e-01
 1.267e+00  4.065e-01
 1.268e+00  4.074e-01
 1.268e+00  4.083e-01
 1.268e+00  4.093e-01
 1.269e+00  4.102e-01
 1.270e+00  4.111e-01
 1.270e+00  4.120e-01
 1.270e+00  4.130e-01
 1.271e+00  4.139e-01
 1.272e+00  4.149e-01
 1.272e+00  4.158e-01
 1.272e+00  4.167e-01
 1.273e+00  4.177e-01
 1.274e+00  4.186e-01
 1.274e+00  4.195e-01
 1.274e+00  4.205e-01
 1.275e+00  4.214e-01
 1.276e+00  4.224e-01
 1.276e+00  4.233e-01
 1.276e+00  4.242e-01
 1.277e+00  4.252e-01
 1.278e+00  4.261e-01
 1.278e+00  4.271e-01
 1.278e+00  4.280e-01
 1.279e+00  4.290e-01
 1.280e+00  4.299e-01
 1.280e+00  4.309e-01
 1.280e+00  4.318e-01
 1.281e+00  4.328e-01
 1.282e+00  4.337e-01
 1.282e+00  4.347e-01
 1.282e+00  4.356e-01
 1.283e+00  4.365e-01
 1.284e+00  4.375e-01
 1.284e+00  4.385e-01
 1.284e+00  4.394e-01
 1.285e+00  4.404e-01
 1.286e+00  4.413e-01
 1.286e+00  4.423e-01
 1.286e+00  4.432e-01
 1.287e+00  4.442e-01
 1.288e+00  4.451e-01
 1.288e+00  4.461e-01
 1.288e+00  4.470e-01
 1.289e+00  4.480e-01
 1.290e+00  4.489e-01
 1.290e+00  4.499e-01
 1.290e+00  4.508e-01
 1.291e+00  4.518e-01
 1.292e+00  4.527e-01
 1.292e+00  4.537e-01
 1.292e+00  4.546e-01
 1.293e+00  4.556e-01
 1.294e+00  4.566e-01
 1.294e+00  4.575e-01
 1.294e+00  4.585e-01
 1.295e+00  4.594e-01
 1.296e+00  4.604e-01
 1.296e+00  4.613e-01
 1.296e+00  4.623e-01
 1.297e+00  4.632e-01
 1.298e+00  4.642e-01
 1.298e+00  4.652e-01
 1.298e+00  4.661e-01
 1.299e+00  4.671e-01
 1.300e+00  4.680e-01
 1.300e+00  4.690e-01
 1.300e+00  4.699e-01
 1.301e+00  4.709e-01
 1.302e+00  4.719e-01
 1.302e+00  4.728e-01
 1.302e+00  4.738e-01
 1.303e+00  4.747e-01
 1.304e+00  4.757e-01
 1.304e+00  4.766e-01
 1.304e+00  4.776e-01
 1.305e+00  4.785e-01
 1.306e+00  4.795e-01
 1.306e+00  4.805e-01
 1.306e+00  4.814e-01
 1.307e+00  4.824e-01
 1.308e+00  4.833e-01
 1.308e+00  4.843e-01
 1.308e+00  4.852e-01
 1.309e+00  4.862e-01
 1.310e+00  4.871e-01
 1.310e+00  4.881e-01
 1.310e+00  4.891e-01
 1.311e+00  4.900e-01
 1.312e+00  4.910e-01
 1.312e+00  4.919e-01
 1.312e+00  4.929e-01
 1.313e+00  4.938e-01
 1.314e+00  4.948e-01
 1.314e+00  4.957e-01
 1.315e+00  4.967e-01
 1.315e+00  4.977e-01
 1.316e+00  4.986e-01
 1.316e+00  4.996e-01
 1.317e+00  5.005e-01
 1.317e+00  5.015e-01
 1.318e+00  5.024e-01
 1.318e+00  5.034e-01
 1.319e+00  5.044e-01
 1.319e+00  5.053e-01
 1.320e+00  5.063e-01
 1.320e+00  5.072e-01
 1.321e+00  5.082e-01
 1.321e+00  5.091e-01
 1.322e+00  5.101e-01
 1.322e+00  5.111e-01
 1.323e+00  5.120e-01
 1.323e+00  5.130e-01
 1.324e+00  5.139e-01
 1.324e+00  5.149e-01
 1.325e+00  5.158e-01
 1.325e+00  5.168e-01
 1.326e+00  5.178e-01
 1.326e+00  5.187e-01
 1.327e+00  5.197e-01
 1.327e+00  5.206e-01
 1.328e+00  5.216e-01
 1.328e+00  5.226e-01
 1.329e+00  5.235e-01
 1.329e+00  5.245e-01
 1.330e+00  5.254e-01
 1.330e+00  5.264e-01
 1.331e+00  5.274e-01
 1.331e+00  5.283e-01
 1.332e+00  5.293e-01
 1.332e+00  5.302e-01
 1.333e+00  5.312e-01
 1.333e+00  5.322e-01
 1.334e+00  5.331e-01
 1.334e+00  5.341e-01
 1.335e+00  5.350e-01
 1.335e+00  5.360e-01
 1.336e+00  5.370e-01
 1.336e+00  5.379e-01
 1.337e+00  5.389e-01
 1.337e+00  5.398e-01
 1.338e+00  5.408e-01
 1.338e+00  5.418e-01
 1.339e+00  5.427e-01
 1.339e+00  5.437e-01
 1.340e+00  5.447e-01
 1.340e+00  5.456e-01
 1.341e+00  5.466e-01
 1.341e+00  5.475e-01
 1.342e+00  5.485e-01
 1.342e+00  5.495e-01
 1.343e+00  5.504e-01
 1.343e+00  5.514e-01
 1.344e+00  5.524e-01
 1.344e+00  5.533e-01
 1.345e+00  5.543e-01
 1.345e+00  5.553e-01
 1.345e+00  5.562e-01
 1.346e+00  5.572e-01
 1.347e+00  5.582e-01
 1.347e+00  5.591e-01
 1.347e+00  5.601e-01
 1.348e+00  5.611e-01
 1.349e+00  5.620e-01
 1.349e+00  5.630e-01
 1.349e+00  5.640e-01
 1.350e+00  5.649e-01
 1.351e+00  5.659e-01
 1.351e+00  5.669e-01
 1.351e+00  5.679e-01
 1.352e+00  5.688e-01
 1.353e+00  5.698e-01
 1.353e+00  5.708e-01
 1.353e+00  5.717e-01
 1.354e+00  5.727e-01
 1.355e+00  5.737e-01
 1.355e+00  5.746e-01
 1.355e+00  5.756e-01
 1.356e+00  5.766e-01
 1.357e+00  5.776e-01
 1.357e+00  5.785e-01
 1.357e+00  5.795e-01
 1.358e+00  5.805e-01
 1.359e+00  5.815e-01
 1.359e+00  5.824e-01
 1.359e+00  5.834e-01
 1.360e+00  5.844e-01
 1.361e+00  5.854e-01
 1.361e+00  5.863e-01
 1.361e+00  5.873e-01
 1.362e+00  5.883e-01
 1.363e+00  5.893e-01
 1.363e+00  5.902e-01
 1.363e+00  5.912e-01
 1.364e+00  5.922e-01
 1.365e+00  5.932e-01
 1.365e+00  5.942e-01
 1.365e+00  5.951e-01
 1.366e+00  5.961e-01
 1.367e+00  5.971e-01
 1.367e+00  5.981e-01
 1.367e+00  5.991e-01
 1.368e+00  6.000e-01
 1.369e+00  6.010e-01
 1.369e+00  6.020e-01
 1.369e+00  6.030e-01
 1.370e+00  6.040e-01
 1.371e+00  6.050e-01
 1.371e+00  6.059e-01
 1.371e+00  6.069e-01
 1.372e+00  6.079e-01
 1.373e+00  6.089e-01
 1.373e+00  6.099e-01
 1.373e+00  6.109e-01
 1.374e+00  6.119e-01
 1.375e+00  6.129e-01
 1.375e+00  6.138e-01
 1.375e+00  6.148e-01
 1.376e+00  6.158e-01
 1.377e+00  6.168e-01
 1.377e+00  6.178e-01
 1.377e+00  6.188e-01
 1.378e+00  6.198e-01
 1.379e+00  6.208e-01
 1.379e+00  6.218e-01
 1.379e+00  6.228e-01
 1.380e+00  6.237e-01
 1.381e+00  6.247e-01
 1.381e+00  6.257e-01
 1.381e+00  6.267e-01
 1.382e+00  6.277e-01
 1.383e+00  6.287e-01
 1.383e+00  6.297e-01
 1.383e+00  6.307e-01
 1.384e+00  6.317e-01
 1.385e+00  6.327e-01
 1.385e+00  6.337e-01
 1.385e+00  6.347e-01
 1.386e+00  6.357e-01
 1.387e+00  6.367e-01
 1.387e+00  6.377e-01
 1.387e+00  6.387e-01
 1.388e+00  6.397e-01
 1.389e+00  6.407e-01
 1.389e+00  6.417e-01
 1.389e+00  6.427e-01
 1.390e+00  6.437e-01
 1.391e+00  6.447e-01
 1.391e+00  6.457e-01
 1.391e+00  6.467e-01
 1.392e+00  6.477e-01
 1.393e+00  6.487e-01
 1.393e+00  6.498e-01
 1.393e+00  6.508e-01
 1.394e+00  6.518e-01
 1.395e+00  6.528e-01
 1.395e+00  6.538e-01
 1.395e+00  6.548e-01
 1.396e+00  6.558e-01
 1.397e+00  6.568e-01
 1.397e+00  6.578e-01
 1.397e+00  6.588e-01
 1.398e+00  6.599e-01
 1.399e+00  6.609e-01
 1.399e+00  6.619e-01
 1.399e+00  6.629e-01
 1.400e+00  6.639e-01
 1.401e+00  6.649e-01
 1.401e+00  6.660e-01
 1.401e+00  6.670e-01
 1.402e+00  6.680e-01
 1.403e+00  6.690e-01
 1.403e+00  6.700e-01
 1.403e+00  6.710e-01
 1.404e+00  6.721e-01
 1.405e+00  6.731e-01
 1.405e+00  6.741e-01
 1.405e+00  6.751e-01
 1.406e+00  6.762e-01
 1.407e+00  6.772e-01
 1.407e+00  6.782e-01
 1.407e+00  6.792e-01
 1.408e+00  6.802e-01
 1.409e+00  6.813e-01
 1.409e+00  6.823e-01
 1.409e+00  6.833e-01
 1.410e+00  6.843e-01
 1.411e+00  6.853e-01
 1.411e+00  6.864e-01
 1.411e+00  6.874e-01
 1.412e+00  6.884e-01
 1.413e+00  6.894e-01
 1.413e+00  6.904e-01
 1.413e+00  6.915e-01
 1.414e+00  6.925e-01
 1.415e+00  6.935e-01
 1.415e+00  6.945e-01
 1.415e+00  6.955e-01
 1.416e+00  6.966e-01
 1.417e+00  6.976e-01
 1.417e+00  6.986e-01
 1.417e+00  6.996e-01
 1.418e+00  7.006e-01
 1.419e+00  7.016e-01
 1.419e+00  7.026e-01
 1.419e+00  7.037e-01
 1.420e+00  7.047e-01
 1.421e+00  7.057e-01
 1.421e+00  7.067e-01
 1.421e+00  7.077e-01
 1.422e+00  7.087e-01
 1.423e+00  7.097e-01
 1.423e+00  7.107e-01
 1.423e+00  7.117e-01
 1.424e+00  7.127e-01
 1.425e+00  7.137e-01
 1.425e+00  7.147e-01
 1.425e+00  7.157e-01
 1.426e+00  7.167e-01
 1.427e+00  7.177e-01
 1.427e+00  7.187e-01
 1.427e+00  7.197e-01
 1.428e+00  7.207e-01
 1.429e+00  7.217e-01
 1.429e+00  7.226e-01
 1.429e+00  7.236e-01
 1.430e+00  7.246e-01
 1.431e+00  7.256e-01
 1.431e+00  7.266e-01
 1.431e+00  7.275e-01
 1.432e+00  7.285e-01
 1.433e+00  7.295e-01
 1.433e+00  7.305e-01
 1.433e+00  7.314e-01
 1.434e+00  7.324e-01
 1.435e+00  7.334e-01
 1.435e+00  7.343e-01
 1.435e+00  7.353e-01
 1.436e+00  7.363e-01
 1.437e+00  7.372e-01
 1.437e+00  7.382e-01
 1.438e+00  7.391e-01
 1.438e+00  7.401e-01
 1.439e+00  7.410e-01
 1.439e+00  7.420e-01
 1.440e+00  7.429e-01
 1.440e+00  7.438e-01
 1.441e+00  7.448e-01
 1.441e+00  7.457e-01
 1.442e+00  7.466e-01
 1.442e+00  7.476e-01
 1.443e+00  7.485e-01
 1.443e+00  7.494e-01
 1.444e+00  7.503e-01
 1.444e+00  7.513e-01
 1.445e+00  7.522e-01
 1.445e+00  7.531e-01
 1.446e+00  7.540e-01
 1.446e+00  7.549e-01
 1.447e+00  7.558e-01
 1.447e+00  7.567e-01
 1.448e+00  7.576e-01
 1.448e+00  7.585e-01
 1.449e+00  7.594e-01
 1.449e+00  7.603e-01
 1.450e+00  7.612e-01
 1.450e+00  7.620e-01
 1.451e+00  7.629e-01
 1.451e+00  7.638e-01
 1.452e+00  7.647e-01
 1.452e+00  7.655e-01
 1.453e+00  7.664e-01
 1.453e+00  7.673e-01
 1.454e+00  7.681e-01
 1.454e+00  7.690e-01
 1.455e+00  7.698e-01
 1.455e+00  7.707e-01
 1.456e+00  7.715e-01
 1.456e+00  7.723e-01
 1.457e+00  7.732e-01
 1.457e+00  7.740e-01
 1.458e+00  7.748e-01
 1.458e+00  7.756e-01
 1.459e+00  7.765e-01
 1.459e+00  7.773e-01
 1.460e+00  7.781e-01
 1.460e+00  7.789e-01
 1.461e+00  7.797e-01
 1.461e+00  7.805e-01
 1.462e+00  7.813e-01
 1.462e+00  7.821e-01
 1.463e+00  7.828e-01
 1.463e+00  7.836e-01
 1.464e+00  7.844e-01
 1.464e+00  7.852e-01
 1.465e+00  7.859e-01
 1.465e+00  7.867e-01
 1.466e+00  7.874e-01
 1.466e+00  7.882e-01
 1.467e+00  7.889e-01
 1.467e+00  7.897e-01
 1.468e+00  7.904e-01
 1.468e+00  7.912e-01
 1.469e+00  7.919e-01
 1.469e+00  7.926e-01
 1.470e+00  7.933e-01
 1.470e+00  7.940e-01
 1.471e+00  7.947e-01
 1.471e+00  7.954e-01
 1.472e+00  7.961e-01
 1.472e+00  7.968e-01
 1.472e+00  7.975e-01
 1.473e+00  7.982e-01
 1.474e+00  7.989e-01
 1.474e+00  7.995e-01
 1.474e+00  8.002e-01
 1.475e+00  8.009e-01
 1.476e+00  8.015e-01
 1.476e+00  8.022e-01
 1.476e+00  8.028e-01
 1.477e+00  8.035e-01
 1.478e+00  8.041e-01
 1.478e+00  8.047e-01
 1.478e+00  8.053e-01
 1.479e+00  8.060e-01
 1.480e+00  8.066e-01
 1.480e+00  8.072e-01
 1.480e+00  8.078e-01
 1.481e+00  8.084e-01
 1.482e+00  8.089e-01
 1.482e+00  8.095e-01
 1.482e+00  8.101e-01
 1.483e+00  8.107e-01
 1.484e+00  8.112e-01
 1.484e+00  8.118e-01
 1.484e+00  8.123e-01
 1.485e+00  8.129e-01
 1.486e+00  8.134e-01
 1.486e+00  8.140e-01
 1.486e+00  8.145e-01
 1.487e+00  8.150e-01
 1.488e+00  8.155e-01
 1.488e+00  8.160e-01
 1.488e+00  8.165e-01
 1.489e+00  8.170e-01
 1.490e+00  8.175e-01
 1.490e+00  8.180e-01
 1.490e+00  8.184e-01
 1.491e+00  8.189e-01
 1.492e+00  8.194e-01
 1.492e+00  8.198e-01
 1.492e+00  8.203e-01
 1.493e+00  8.207e-01
 1.494e+00  8.211e-01
 1.494e+00  8.216e-01
 1.494e+00  8.220e-01
 1.495e+00  8.224e-01
 1.496e+00  8.228e-01
 1.496e+00  8.232e-01
 1.496e+00  8.236e-01
 1.497e+00  8.240e-01
 1.498e+00  8.243e-01
 1.498e+00  8.247e-01
 1.498e+00  8.251e-01
 1.499e+00  8.254e-01
 1.500e+00  8.258e-01
 1.500e+00  8.261e-01
 1.500e+00  8.264e-01
 1.501e+00  8.268e-01
 1.502e+00  8.271e-01
 1.502e+00  8.274e-01
 1.502e+00  8.277e-01
 1.503e+00  8.280e-01
 1.504e+00  8.283e-01
 1.504e+00  8.286e-01
 1.504e+00  8.288e-01
 1.505e+00  8.291e-01
 1.506e+00  8.294e-01
 1.506e+00  8.296e-01
 1.506e+00  8.299e-01
 1.507e+00  8.301e-01
 1.508e+00  8.303e-01
 1.508e+00  8.306e-01
 1.508e+00  8.308e-01
 1.509e+00  8.310e-01
 1.510e+00  8.312e-01
 1.510e+00  8.314e-01
 1.510e+00  8.316e-01
 1.511e+00  8.318e-01
 1.512e+00  8.319e-01
 1.512e+00  8.321e-01
 1.512e+00  8.323e-01
 1.513e+00  8.324e-01
 1.514e+00  8.326e-01
 1.514e+00  8.327e-01
 1.514e+00  8.329e-01
 1.515e+00  8.330e-01
 1.516e+00  8.331e-01
 1.516e+00  8.333e-01
 1.516e+00  8.334e-01
 1.517e+00  8.335e-01
 1.518e+00  8.336e-01
 1.518e+00  8.337e-01
 1.518e+00  8.338e-01
 1.519e+00  8.339e-01
 1.520e+00  8.340e-01
 1.520e+00  8.340e-01
 1.520e+00  8.341e-01
 1.521e+00  8.342e-01
 1.522e+00  8.342e-01
 1.522e+00  8.343e-01
 1.522e+00  8.343e-01
 1.523e+00  8.344e-01
 1.524e+00  8.344e-01
 1.524e+00  8.344e-01
 1.524e+00  8.345e-01
 1.525e+00  8.345e-01
 1.526e+00  8.345e-01
 1.526e+00  8.345e-01
 1.526e+00  8.345e-01
 1.527e+00  8.345e-01
 1.528e+00  8.345e-01
 1.528e+00  8.345e-01
 1.528e+00  8.345e-01
 1.529e+00  8.345e-01
 1.530e+00  8.345e-01
 1.530e+00  8.344e-01
 1.530e+00  8.344e-01
 1.531e+00  8.344e-01
 1.532e+00  8.343e-01
 1.532e+00  8.343e-01
 1.532e+00  8.342e-01
 1.533e+00  8.342e-01
 1.534e+00  8.341e-01
 1.534e+00  8.340e-01
 1.534e+00  8.340e-01
 1.535e+00  8.339e-01
 1.536e+00  8.338e-01
 1.536e+00  8.337e-01
 1.536e+00  8.337e-01
 1.537e+00  8.336e-01
 1.538e+00  8.335e-01
 1.538e+00  8.334e-01
 1.538e+00  8.333e-01
 1.539e+00  8.332e-01
 1.540e+00  8.331e-01
 1.540e+00  8.329e-01
 1.540e+00  8.328e-01
 1.541e+00  8.327e-01
 1.542e+00  8.326e-01
 1.542e+00  8.324e-01
 1.542e+00  8.323e-01
 1.543e+00  8.322e-01
 1.544e+00  8.320e-01
 1.544e+00  8.319e-01
 1.544e+00  8.317e-01
 1.545e+00  8.316e-01
 1.546e+00  8.314e-01
 1.546e+00  8.313e-01
 1.546e+00  8.311e-01
 1.547e+00  8.310e-01
 1.548e+00  8.308e-01
 1.548e+00  8.306e-01
 1.548e+00  8.305e-01
 1.549e+00  8.303e-01
 1.550e+00  8.301e-01
 1.550e+00  8.299e-01
 1.550e+00  8.297e-01
 1.551e+00  8.296e-01
 1.552e+00  8.294e-01
 1.552e+00  8.292e-01
 1.552e+00  8.290e-01
 1.553e+00  8.288e-01
 1.554e+00  8.286e-01
 1.554e+00  8.284e-01
 1.554e+00  8.282e-01
 1.555e+00  8.280e-01
 1.556e+00  8.277e-01
 1.556e+00  8.275e-01
 1.556e+00  8.273e-01
 1.557e+00  8.271e-01
 1.558e+00  8.269e-01
 1.558e+00  8.267e-01
 1.558e+00  8.264e-01
 1.559e+00  8.262e-01
 1.560e+00  8.260e-01
 1.560e+00  8.257e-01
 1.560e+00  8.255e-01
 1.561e+00  8.253e-01
 1.562e+00  8.250e-01
 1.562e+00  8.248e-01
 1.562e+00  8.246e-01
 1.563e+00  8.243e-01
 1.564e+00  8.241e-01
 1.564e+00  8.238e-01
 1.565e+00  8.236e-01
 1.565e+00  8.233e-01
 1.566e+00  8.231e-01
 1.566e+00  8.228e-01
 1.567e+00  8.226e-01
 1.567e+00  8.223e-01
 1.568e+00  8.221e-01
 1.568e+00  8.218e-01
 1.569e+00  8.216e-01
 1.569e+00  8.213e-01
 1.570e+00  8.210e-01
 1.570e+00  8.208e-01
 1.571e+00  8.205e-01
 1.571e+00  8.203e-01
 1.572e+00  8.200e-01
 1.572e+00  8.197e-01
 1.573e+00  8.195e-01
 1.573e+00  8.192e-01
 1.574e+00  8.189e-01
 1.574e+00  8.187e-01
 1.575e+00  8.184e-01
 1.575e+00  8.181e-01
 1.576e+00  8.178e-01
 1.576e+00  8.176e-01
 1.577e+00  8.173e-01
 1.577e+00  8.170e-01
 1.578e+00  8.168e-01
 1.578e+00  8.165e-01
 1.579e+00  8.162e-01
 1.579e+00  8.159e-01
 1.580e+00  8.157e-01
 1.580e+00  8.154e-01
 1.581e+00  8.151e-01
 1.581e+00  8.148e-01
 1.582e+00  8.146e-01
 1.582e+00  8.143e-01
 1.583e+00  8.140e-01
 1.583e+00  8.137e-01
 1.584e+00  8.135e-01
 1.584e+00  8.132e-01
 1.585e+00  8.129e-01
 1.585e+00  8.127e-01
 1.586e+00  8.124e-01
 1.586e+00  8.121e-01
 1.587e+00  8.118e-01
 1.587e+00  8.116e-01
 1.588e+00  8.113e-01
 1.588e+00  8.110e-01
 1.589e+00  8.108e-01
 1.589e+00  8.105e-01
 1.590e+00  8.102e-01
 1.590e+00  8.099e-01
 1.591e+00  8.097e-01
 1.591e+00  8.094e-01
 1.592e+00  8.091e-01
 1.592e+00  8.089e-01
 1.593e+00  8.086e-01
 1.593e+00  8.084e-01
 1.594e+00  8.081e-01
 1.594e+00  8.078e-01
 1.595e+00  8.076e-01
 1.595e+00  8.073e-01
 1.596e+00  8.071e-01
 1.596e+00  8.068e-01
 1.597e+00  8.065e-01
 1.597e+00  8.063e-01
 1.598e+00  8.060e-01
 1.598e+00  8.058e-01
 1.599e+00  8.055e-01
 1.599e+00  8.053e-01
 1.600e+00  8.051e-01
 1.600e+00  8.048e-01
 1.601e+00  8.046e-01
 1.601e+00  8.043e-01
 1.601e+00  8.041e-01
 1.602e+00  8.038e-01
 1.603e+00  8.036e-01
 1.603e+00  8.034e-01
 1.603e+00  8.031e-01
 1.604e+00  8.029e-01
 1.605e+00  8.027e-01
 1.605e+00  8.025e-01
 1.605e+00  8.022e-01
 1.606e+00  8.020e-01
 1.607e+00  8.018e-01
 1.607e+00  8.016e-01
 1.607e+00  8.013e-01
 1.608e+00  8.011e-01
 1.609e+00  8.009e-01
 1.609e+00  8.007e-01
 1.609e+00  8.005e-01
 1.610e+00  8.002e-01
 1.611e+00  8.000e-01
 1.611e+00  7.998e-01
 1.611e+00  7.996e-01
 1.612e+00  7.994e-01
 1.613e+00  7.992e-01
 1.613e+00  7.990e-01
 1.613e+00  7.988e-01
 1.614e+00  7.986e-01
 1.615e+00  7.983e-01
 1.615e+00  7.981e-01
 1.615e+00  7.979e-01
 1.616e+00  7.977e-01
 1.617e+00  7.975e-01
 1.617e+00  7.973e-01
 1.617e+00  7.971e-01
 1.618e+00  7.969e-01
 1.619e+00  7.967e-01
 1.619e+00  7.965e-01
 1.619e+00  7.963e-01
 1.620e+00  7.961e-01
 1.621e+00  7.959e-01
 1.621e+00  7.957e-01
 1.621e+00  7.955e-01
 1.622e+00  7.953e-01
 1.623e+00  7.951e-01
 1.623e+00  7.949e-01
 1.623e+00  7.947e-01
 1.624e+00  7.945e-01
 1.625e+00  7.943e-01
 1.625e+00  7.941e-01
 1.625e+00  7.939e-01
 1.626e+00  7.937e-01
 1.627e+00  7.935e-01
 1.627e+00  7.933e-01
 1.627e+00  7.931e-01
 1.628e+00  7.929e-01
 1.629e+00  7.927e-01
 1.629e+00  7.925e-01
 1.629e+00  7.923e-01
 1.630e+00  7.922e-01
 1.631e+00  7.920e-01
 1.631e+00  7.918e-01
 1.631e+00  7.916e-01
 1.632e+00  7.914e-01
 1.633e+00  7.912e-01
 1.633e+00  7.910e-01
 1.633e+00  7.908e-01
 1.634e+00  7.906e-01
 1.635e+00  7.904e-01
 1.635e+00  7.902e-01
 1.635e+00  7.900e-01
 1.636e+00  7.898e-01
 1.637e+00  7.896e-01
 1.637e+00  7.894e-01
 1.637e+00  7.892e-01
 1.638e+00  7.889e-01
 1.639e+00  7.887e-01
 1.639e+00  7.885e-01
 1.639e+00  7.883e-01
 1.640e+00  7.881e-01
 1.641e+00  7.879e-01
 1.641e+00  7.877e-01
 1.641e+00  7.875e-01
 1.642e+00  7.873e-01
 1.643e+00  7.871e-01
 1.643e+00  7.869e-01
 1.643e+00  7.867e-01
 1.644e+00  7.864e-01
 1.645e+00  7.862e-01
 1.645e+00  7.860e-01
 1.645e+00  7.858e-01
 1.646e+00  7.856e-01
 1.647e+00  7.854e-01
 1.647e+00  7.851e-01
 1.647e+00  7.849e-01
 1.648e+00  7.847e-01
 1.649e+00  7.845e-01
 1.649e+00  7.842e-01
 1.649e+00  7.840e-01
 1.650e+00  7.838e-01
 1.651e+00  7.836e-01
 1.651e+00  7.833e-01
 1.651e+00  7.831e-01
 1.652e+00  7.829e-01
 1.653e+00  7.826e-01
 1.653e+00  7.824e-01
 1.653e+00  7.821e-01
 1.654e+00  7.819e-01
 1.655e+00  7.817e-01
 1.655e+00  7.814e-01
 1.655e+00  7.812e-01
 1.656e+00  7.809e-01
 1.657e+00  7.807e-01
 1.657e+00  7.804e-01
 1.657e+00  7.802e-01
 1.658e+00  7.799e-01
 1.659e+00  7.797e-01
 1.659e+00  7.794e-01
 1.659e+00  7.791e-01
 1.660e+00  7.789e-01
 1.661e+00  7.786e-01
 1.661e+00  7.783e-01
 1.661e+00  7.781e-01
 1.662e+00  7.778e-01
 1.663e+00  7.775e-01
 1.663e+00  7.773e-01
 1.663e+00  7.770e-01
 1.664e+00  7.767e-01
 1.665e+00  7.764e-01
 1.665e+00  7.761e-01
 1.665e+00  7.758e-01
 1.666e+00  7.756e-01
 1.667e+00  7.753e-01
 1.667e+00  7.750e-01
 1.667e+00  7.747e-01
 1.668e+00  7.744e-01
 1.669e+00  7.741e-01
 1.669e+00  7.738e-01
 1.669e+00  7.735e-01
 1.670e+00  7.731e-01
 1.671e+00  7.728e-01
 1.671e+00  7.725e-01
 1.671e+00  7.722e-01
 1.672e+00  7.719e-01
 1.673e+00  7.716e-01
 1.673e+00  7.712e-01
 1.673e+00  7.709e-01
 1.674e+00  7.706e-01
 1.675e+00  7.702e-01
 1.675e+00  7.699e-01
 1.675e+00  7.696e-01
 1.676e+00  7.692e-01
 1.677e+00  7.689e-01
 1.677e+00  7.685e-01
 1.677e+00  7.682e-01
 1.678e+00  7.678e-01
 1.679e+00  7.675e-01
 1.679e+00  7.671e-01
 1.679e+00  7.667e-01
 1.680e+00  7.664e-01
 1.681e+00  7.660e-01
 1.681e+00  7.656e-01
 1.681e+00  7.652e-01
 1.682e+00  7.649e-01
 1.683e+00  7.645e-01
 1.683e+00  7.641e-01
 1.683e+00  7.637e-01
 1.684e+00  7.633e-01
 1.685e+00  7.629e-01
 1.685e+00  7.625e-01
 1.685e+00  7.621e-01
 1.686e+00  7.617e-01
 1.687e+00  7.613e-01
 1.687e+00  7.608e-01
 1.688e+00  7.604e-01
 1.688e+00  7.600e-01
 1.689e+00  7.596e-01
 1.689e+00  7.591e-01
 1.690e+00  7.587e-01
 1.690e+00  7.583e-01
 1.691e+00  7.578e-01
 1.691e+00  7.574e-01
 1.692e+00  7.569e-01
 1.692e+00  7.565e-01
 1.693e+00  7.560e-01
 1.693e+00  7.555e-01
 1.694e+00  7.551e-01
 1.694e+00  7.546e-01
 1.695e+00  7.541e-01
 1.695e+00  7.536e-01
 1.696e+00  7.531e-01
 1.696e+00  7.527e-01
 1.697e+00  7.522e-01
 1.697e+00  7.517e-01
 1.698e+00  7.512e-01
 1.698e+00  7.507e-01
 1.699e+00  7.502e-01
 1.699e+00  7.496e-01
 1.700e+00  7.491e-01
 1.700e+00  7.486e-01
 1.701e+00  7.481e-01
 1.701e+00  7.475e-01
 1.702e+00  7.470e-01
 1.702e+00  7.464e-01
 1.703e+00  7.459e-01
 1.703e+00  7.454e-01
 1.704e+00  7.448e-01
 1.704e+00  7.442e-01
 1.705e+00  7.437e-01
 1.705e+00  7.431e-01
 1.706e+00  7.425e-01
 1.706e+00  7.420e-01
 1.707e+00  7.414e-01
 1.707e+00  7.408e-01
 1.708e+00  7.402e-01
 1.708e+00  7.396e-01
 1.709e+00  7.390e-01
 1.709e+00  7.384e-01
 1.710e+00  7.378e-01
 1.710e+00  7.372e-01
 1.711e+00  7.366e-01
 1.711e+00  7.360e-01
 1.712e+00  7.353e-01
 1.712e+00  7.347e-01
 1.713e+00  7.341e-01
 1.713e+00  7.334e-01
 1.714e+00  7.328e-01
 1.714e+00  7.322e-01
 1.715e+00  7.315e-01
 1.715e+00  7.309e-01
 1.716e+00  7.302e-01
 1.716e+00  7.295e-01
 1.717e+00  7.289e-01
 1.717e+00  7.282e-01
 1.718e+00  7.275e-01
 1.718e+00  7.269e-01
 1.719e+00  7.262e-01
 1.719e+00  7.255e-01
 1.720e+00  7.248e-01
 1.720e+00  7.241e-01
 1.721e+00  7.235e-01
 1.721e+00  7.228e-01
 1.722e+00  7.221e-01
 1.722e+00  7.214e-01
 1.723e+00  7.207e-01
 1.723e+00  7.199e-01
 1.724e+00  7.192e-01
 1.724e+00  7.185e-01
 1.725e+00  7.178e-01
 1.725e+00  7.171e-01
 1.726e+00  7.163e-01
 1.726e+00  7.156e-01
 1.727e+00  7.149e-01
 1.727e+00  7.141e-01
 1.728e+00  7.134e-01
 1.728e+00  7.127e-01
 1.728e+00  7.119e-01
 1.729e+00  7.112e-01
 1.730e+00  7.104e-01
 1.730e+00  7.097e-01
 1.730e+00  7.089e-01
 1.731e+00  7.081e-01
 1.732e+00  7.074e-01
 1.732e+00  7.066e-01
 1.732e+00  7.058e-01
 1.733e+00  7.050e-01
 1.734e+00  7.043e-01
 1.734e+00  7.035e-01
 1.734e+00  7.027e-01
 1.735e+00  7.019e-01
 1.736e+00  7.011e-01
 1.736e+00  7.003e-01
 1.736e+00  6.995e-01
 1.737e+00  6.987e-01
 1.738e+00  6.979e-01
 1.738e+00  6.971e-01
 1.738e+00  6.963e-01
 1.739e+00  6.955e-01
 1.740e+00  6.947e-01
 1.740e+00  6.939e-01
 1.740e+00  6.931e-01
 1.741e+00  6.922e-01
 1.742e+00  6.914e-01
 1.742e+00  6.906e-01
 1.742e+00  6.898e-01
 1.743e+00  6.889e-01
 1.744e+00  6.881e-01
 1.744e+00  6.872e-01
 1.744e+00  6.864e-01
 1.745e+00  6.856e-01
 1.746e+00  6.847e-01
 1.746e+00  6.839e-01
 1.746e+00  6.830e-01
 1.747e+00  6.822e-01
 1.748e+00  6.813e-01
 1.748e+00  6.805e-01
 1.748e+00  6.796e-01
 1.749e+00  6.787e-01
 1.750e+00  6.779e-01
 1.750e+00  6.770e-01
 1.750e+00  6.761e-01
 1.751e+00  6.753e-01
 1.752e+00  6.744e-01
 1.752e+00  6.735e-01
 1.752e+00  6.726e-01
 1.753e+00  6.718e-01
 1.754e+00  6.709e-01
 1.754e+00  6.700e-01
 1.754e+00  6.691e-01
 1.755e+00  6.682e-01
 1.756e+00  6.673e-01
 1.756e+00  6.664e-01
 1.756e+00  6.655e-01
 1.757e+00  6.646e-01
 1.758e+00  6.637e-01
 1.758e+00  6.628e-01
 1.758e+00  6.619e-01
 1.759e+00  6.610e-01
 1.760e+00  6.601e-01
 1.760e+00  6.592e-01
 1.760e+00  6.583e-01
 1.761e+00  6.574e-01
 1.762e+00  6.565e-01
 1.762e+00  6.556e-01
 1.762e+00  6.546e-01
 1.763e+00  6.537e-01
 1.764e+00  6.528e-01
 1.764e+00  6.519e-01
 1.764e+00  6.509e-01
 1.765e+00  6.500e-01
 1.766e+00  6.491e-01
 1.766e+00  6.482e-01
 1.766e+00  6.472e-01
 1.767e+00  6.463e-01
 1.768e+00  6.454e-01
 1.768e+00  6.444e-01
 1.768e+00  6.435e-01
 1.769e+00  6.426e-01
 1.770e+00  6.416e-01
 1.770e+00  6.407e-01
 1.770e+00  6.397e-01
 1.771e+00  6.388e-01
 1.772e+00  6.378e-01
 1.772e+00  6.369e-01
 1.772e+00  6.359e-01
 1.773e+00  6.350e-01
 1.774e+00  6.340e-01
 1.774e+00  6.331e-01
 1.774e+00  6.321e-01
 1.775e+00  6.312e-01
 1.776e+00  6.302e-01
 1.776e+00  6.293e-01
 1.776e+00  6.283e-01
 1.777e+00  6.273e-01
 1.778e+00  6.264e-01
 1.778e+00  6.254e-01
 1.778e+00  6.245e-01
 1.779e+00  6.235e-01
 1.780e+00  6.225e-01
 1.780e+00  6.216e-01
 1.780e+00  6.206e-01
 1.781e+00  6.196e-01
 1.782e+00  6.187e-01
 1.782e+00  6.177e-01
 1.782e+00  6.167e-01
 1.783e+00  6.158e-01
 1.784e+00  6.148e-01
 1.784e+00  6.138e-01
 1.784e+00  6.128e-01
 1.785e+00  6.119e-01
 1.786e+00  6.109e-01
 1.786e+00  6.099e-01
 1.786e+00  6.089e-01
 1.787e+00  6.080e-01
 1.788e+00  6.070e-01
 1.788e+00  6.060e-01
 1.788e+00  6.050e-01
 1.789e+00  6.040e-01
 1.790e+00  6.031e-01
 1.790e+00  6.021e-01
 1.790e+00  6.011e-01
 1.791e+00  6.001e-01
 1.792e+00  5.991e-01
 1.792e+00  5.982e-01
 1.792e+00  5.972e-01
 1.793e+00  5.962e-01
 1.794e+00  5.952e-01
 1.794e+00  5.942e-01
 1.794e+00  5.932e-01
 1.795e+00  5.922e-01
 1.796e+00  5.913e-01
 1.796e+00  5.903e-01
 1.796e+00  5.893e-01
 1.797e+00  5.883e-01
 1.798e+00  5.873e-01
 1.798e+00  5.863e-01
 1.798e+00  5.853e-01
 1.799e+00  5.844e-01
 1.800e+00  5.834e-01
 1.800e+00  5.824e-01
 1.800e+00  5.814e-01
 1.801e+00  5.804e-01
 1.802e+00  5.794e-01
 1.802e+00  5.784e-01
 1.802e+00  5.775e-01
 1.803e+00  5.765e-01
 1.804e+00  5.755e-01
 1.804e+00  5.745e-01
 1.804e+00  5.735e-01
 1.805e+00  5.725e-01
 1.806e+00  5.715e-01
 1.806e+00  5.705e-01
 1.806e+00  5.696e-01
 1.807e+00  5.686e-01
 1.808e+00  5.676e-01
 1.808e+00  5.666e-01
 1.808e+00  5.656e-01
 1.809e+00  5.646e-01
 1.810e+00  5.636e-01
 1.810e+00  5.627e-01
 1.810e+00  5.617e-01
 1.811e+00  5.607e-01
 1.812e+00  5.597e-01
 1.812e+00  5.587e-01
 1.812e+00  5.577e-01
 1.813e+00  5.568e-01
 1.814e+00  5.558e-01
 1.814e+00  5.548e-01
 1.815e+00  5.538e-01
 1.815e+00  5.528e-01
 1.816e+00  5.519e-01
 1.816e+00  5.509e-01
 1.817e+00  5.499e-01
 1.817e+00  5.489e-01
 1.818e+00  5.480e-01
 1.818e+00  5.470e-01
 1.819e+00  5.460e-01
 1.819e+00  5.450e-01
 1.820e+00  5.441e-01
 1.820e+00  5.431e-01
 1.821e+00  5.421e-01
 1.821e+00  5.411e-01
 1.822e+00  5.402e-01
 1.822e+00  5.392e-01
 1.823e+00  5.382e-01
 1.823e+00  5.373e-01
 1.824e+00  5.363e-01
 1.824e+00  5.353e-01
 1.825e+00  5.344e-01
 1.825e+00  5.334e-01
 1.826e+00  5.324e-01
 1.826e+00  5.315e-01
 1.827e+00  5.305e-01
 1.827e+00  5.296e-01
 1.828e+00  5.286e-01
 1.828e+00  5.277e-01
 1.829e+00  5.267e-01
 1.829e+00  5.257e-01
 1.830e+00  5.248e-01
 1.830e+00  5.238e-01
 1.831e+00  5.229e-01
 1.831e+00  5.219e-01
 1.832e+00  5.210e-01
 1.832e+00  5.200e-01
 1.833e+00  5.191e-01
 1.833e+00  5.182e-01
 1.834e+00  5.172e-01
 1.834e+00  5.163e-01
 1.835e+00  5.153e-01
 1.835e+00  5.144e-01
 1.836e+00  5.135e-01
 1.836e+00  5.125e-01
 1.837e+00  5.116e-01
 1.837e+00  5.107e-01
 1.838e+00  5.097e-01
 1.838e+00  5.088e-01
 1.839e+00  5.079e-01
 1.839e+00  5.069e-01
 1.840e+00  5.060e-01
 1.840e+00  5.051e-01
 1.841e+00  5.042e-01
 1.841e+00  5.033e-01
 1.842e+00  5.023e-01
 1.842e+00  5.014e-01
 1.843e+00  5.005e-01
 1.843e+00  4.996e-01
 1.844e+00  4.987e-01
 1.844e+00  4.978e-01
 1.845e+00  4.969e-01
 1.845e+00  4.960e-01
 1.846e+00  4.951e-01
 1.846e+00  4.942e-01
 1.847e+00  4.933e-01
 1.847e+00  4.924e-01
 1.848e+00  4.915e-01
 1.848e+00  4.906e-01
 1.849e+00  4.897e-01
 1.849e+00  4.888e-01
 1.850e+00  4.879e-01
 1.850e+00  4.870e-01
 1.851e+00  4.862e-01
 1.851e+00  4.853e-01
 1.852e+00  4.844e-01
 1.852e+00  4.835e-01
 1.853e+00  4.827e-01
 1.853e+00  4.818e-01
 1.854e+00  4.809e-01
 1.854e+00  4.800e-01
 1.855e+00  4.792e-01
 1.855e+00  4.783e-01
 1.856e+00  4.775e-01
 1.856e+00  4.766e-01
 1.857e+00  4.758e-01
 1.857e+00  4.749e-01
 1.857e+00  4.741e-01
 1.858e+00  4.732e-01
 1.859e+00  4.724e-01
 1.859e+00  4.715e-01
 1.859e+00  4.707e-01
 1.860e+00  4.698e-01
 1.861e+00  4.690e-01
 1.861e+00  4.682e-01
 1.861e+00  4.674e-01
 1.862e+00  4.665e-01
 1.863e+00  4.657e-01
 1.863e+00  4.649e-01
 1.863e+00  4.641e-01
 1.864e+00  4.633e-01
 1.865e+00  4.624e-01
 1.865e+00  4.616e-01
 1.865e+00  4.608e-01
 1.866e+00  4.600e-01
 1.867e+00  4.592e-01
 1.867e+00  4.584e-01
 1.867e+00  4.576e-01
 1.868e+00  4.568e-01
 1.869e+00  4.560e-01
 1.869e+00  4.553e-01
 1.869e+00  4.545e-01
 1.870e+00  4.537e-01
 1.871e+00  4.529e-01
 1.871e+00  4.521e-01
 1.871e+00  4.514e-01
 1.872e+00  4.506e-01
 1.873e+00  4.498e-01
 1.873e+00  4.491e-01
 1.873e+00  4.483e-01
 1.874e+00  4.476e-01
 1.875e+00  4.468e-01
 1.875e+00  4.461e-01
 1.875e+00  4.453e-01
 1.876e+00  4.446e-01
 1.877e+00  4.438e-01
 1.877e+00  4.431e-01
 1.877e+00  4.424e-01
 1.878e+00  4.417e-01
 1.879e+00  4.409e-01
 1.879e+00  4.402e-01
 1.879e+00  4.395e-01
 1.880e+00  4.388e-01
 1.881e+00  4.381e-01
 1.881e+00  4.374e-01
 1.881e+00  4.367e-01
 1.882e+00  4.360e-01
 1.883e+00  4.353e-01
 1.883e+00  4.346e-01
 1.883e+00  4.339e-01
 1.884e+00  4.332e-01
 1.885e+00  4.325e-01
 1.885e+00  4.318e-01
 1.885e+00  4.311e-01
 1.886e+00  4.305e-01
 1.887e+00  4.298e-01
 1.887e+00  4.291e-01
 1.887e+00  4.285e-01
 1.888e+00  4.278e-01
 1.889e+00  4.272e-01
 1.889e+00  4.265e-01
 1.889e+00  4.259e-01
 1.890e+00  4.252e-01
 1.891e+00  4.246e-01
 1.891e+00  4.240e-01
 1.891e+00  4.234e-01
 1.892e+00  4.227e-01
 1.893e+00  4.221e-01
 1.893e+00  4.215e-01
 1.893e+00  4.209e-01
 1.894e+00  4.203e-01
 1.895e+00  4.197e-01
 1.895e+00  4.191e-01
 1.895e+00  4.185e-01
 1.896e+00  4.179e-01
 1.897e+00  4.173e-01
 1.897e+00  4.167e-01
 1.897e+00  4.161e-01
 1.898e+00  4.156e-01
 1.899e+00  4.150e-01
 1.899e+00  4.144e-01
 1.899e+00  4.139e-01
 1.900e+00  4.133e-01
 1.901e+00  4.128e-01
 1.901e+00  4.122e-01
 1.901e+00  4.117e-01
 1.902e+00  4.111e-01
 1.903e+00  4.106e-01
 1.903e+00  4.101e-01
 1.903e+00  4.095e-01
 1.904e+00  4.090e-01
 1.905e+00  4.085e-01
 1.905e+00  4.080e-01
 1.905e+00  4.075e-01
 1.906e+00  4.070e-01
 1.907e+00  4.065e-01
 1.907e+00  4.060e-01
 1.907e+00  4.055e-01
 1.908e+00  4.050e-01
 1.909e+00  4.045e-01
 1.909e+00  4.041e-01
 1.909e+00  4.036e-01
 1.910e+00  4.031e-01
 1.911e+00  4.027e-01
 1.911e+00  4.022e-01
 1.911e+00  4.017e-01
 1.912e+00  4.013e-01
 1.913e+00  4.009e-01
 1.913e+00  4.004e-01
 1.913e+00  4.000e-01
 1.914e+00  3.996e-01
 1.915e+00  3.992e-01
 1.915e+00  3.987e-01
 1.915e+00  3.983e-01
 1.916e+00  3.979e-01
 1.917e+00  3.975e-01
 1.917e+00  3.971e-01
 1.917e+00  3.967e-01
 1.918e+00  3.964e-01
 1.919e+00  3.960e-01
 1.919e+00  3.956e-01
 1.919e+00  3.952e-01
 1.920e+00  3.949e-01
 1.921e+00  3.945e-01
 1.921e+00  3.942e-01
 1.921e+00  3.938e-01
 1.922e+00  3.935e-01
 1.923e+00  3.931e-01
 1.923e+00  3.928e-01
 1.923e+00  3.925e-01
 1.924e+00  3.921e-01
 1.925e+00  3.918e-01
 1.925e+00  3.915e-01
 1.925e+00  3.912e-01
 1.926e+00  3.909e-01
 1.927e+00  3.906e-01
 1.927e+00  3.903e-01
 1.927e+00  3.901e-01
 1.928e+00  3.898e-01
 1.929e+00  3.895e-01
 1.929e+00  3.892e-01
 1.929e+00  3.890e-01
 1.930e+00  3.887e-01
 1.931e+00  3.885e-01
 1.931e+00  3.882e-01
 1.931e+00  3.880e-01
 1.932e+00  3.878e-01
 1.933e+00  3.876e-01
 1.933e+00  3.873e-01
 1.933e+00  3.871e-01
 1.934e+00  3.869e-01
 1.935e+00  3.867e-01
 1.935e+00  3.865e-01
 1.935e+00  3.863e-01
 1.936e+00  3.861e-01
 1.937e+00  3.860e-01
 1.937e+00  3.858e-01
 1.938e+00  3.856e-01
 1.938e+00  3.855e-01
 1.939e+00  3.853e-01
 1.939e+00  3.852e-01
 1.940e+00  3.850e-01
 1.940e+00  3.849e-01
 1.941e+00  3.848e-01
 1.941e+00  3.846e-01
 1.942e+00  3.845e-01
 1.942e+00  3.844e-01
 1.943e+00  3.843e-01
 1.943e+00  3.842e-01
 1.944e+00  3.841e-01
 1.944e+00  3.840e-01
 1.945e+00  3.840e-01
 1.945e+00  3.839e-01
 1.946e+00  3.838e-01
 1.946e+00  3.838e-01
 1.947e+00  3.837e-01
 1.947e+00  3.837e-01
 1.948e+00  3.836e-01
 1.948e+00  3.836e-01
 1.949e+00  3.836e-01
 1.949e+00  3.836e-01
 1.950e+00  3.835e-01
 1.950e+00  3.835e-01
 1.951e+00  3.835e-01
 1.951e+00  3.835e-01
 1.952e+00  3.836e-01
 1.952e+00  3.836e-01
 1.953e+00  3.836e-01
 1.953e+00  3.836e-01
 1.954e+00  3.837e-01
 1.954e+00  3.837e-01
 1.955e+00  3.838e-01
 1.955e+00  3.838e-01
 1.956e+00  3.839e-01
 1.956e+00  3.840e-01
 1.957e+00  3.841e-01
 1.957e+00  3.841e-01
 1.958e+00  3.842e-01
 1.958e+00  3.843e-01
 1.959e+00  3.845e-01
 1.959e+00  3.846e-01
 1.960e+00  3.847e-01
 1.960e+00  3.848e-01
 1.961e+00  3.850e-01
 1.961e+00  3.851e-01
 1.962e+00  3.853e-01
 1.962e+00  3.854e-01
 1.963e+00  3.856e-01
 1.963e+00  3.858e-01
 1.964e+00  3.859e-01
 1.964e+00  3.861e-01
 1.965e+00  3.863e-01
 1.965e+00  3.865e-01
 1.966e+00  3.867e-01
 1.966e+00  3.870e-01
 1.967e+00  3.872e-01
 1.967e+00  3.874e-01
 1.968e+00  3.876e-01
 1.968e+00  3.879e-01
 1.969e+00  3.881e-01
 1.969e+00  3.884e-01
 1.970e+00  3.887e-01
 1.970e+00  3.890e-01
 1.971e+00  3.892e-01
 1.971e+00  3.895e-01
 1.972e+00  3.898e-01
 1.972e+00  3.901e-01
 1.973e+00  3.904e-01
 1.973e+00  3.908e-01
 1.974e+00  3.911e-01
 1.974e+00  3.914e-01
 1.975e+00  3.918e-01
 1.975e+00  3.921e-01
 1.976e+00  3.925e-01
 1.976e+00  3.929e-01
 1.977e+00  3.932e-01
 1.977e+00  3.936e-01
 1.978e+00  3.940e-01
 1.978e+00  3.944e-01
 1.979e+00  3.948e-01
 1.979e+00  3.952e-01
 1.980e+00  3.957e-01
 1.980e+00  3.961e-01
 1.981e+00  3.965e-01
 1.981e+00  3.970e-01
 1.982e+00  3.974e-01
 1.982e+00  3.979e-01
 1.983e+00  3.984e-01
 1.983e+00  3.988e-01
 1.984e+00  3.993e-01
 1.984e+00  3.998e-01
 1.984e+00  4.003e-01
 1.985e+00  4.008e-01
 1.986e+00  4.014e-01
 1.986e+00  4.019e-01
 1.986e+00  4.024e-01
 1.987e+00  4.030e-01
 1.988e+00  4.035e-01
 1.988e+00  4.041e-01
 1.988e+00  4.047e-01
 1.989e+00  4.052e-01
 1.990e+00  4.058e-01
 1.990e+00  4.064e-01
 1.990e+00  4.070e-01
 1.991e+00  4.076e-01
 1.992e+00  4.083e-01
 1.992e+00  4.089e-01
 1.992e+00  4.095e-01
 1.993e+00  4.102e-01
 1.994e+00  4.108e-01
 1.994e+00  4.115e-01
 1.994e+00  4.122e-01
 1.995e+00  4.128e-01
 1.996e+00  4.135e-01
 1.996e+00  4.142e-01
 1.996e+00  4.149e-01
 1.997e+00  4.156e-01
 1.998e+00  4.164e-01
 1.998e+00  4.171e-01
 1.998e+00  4.178e-01
 1.999e+00  4.186e-01
 2.000e+00  4.194e-01
 2.000e+00  4.201e-01
