#     mass     R_mu^F
 1.400e-01  0.000e+00
 1.405e-01  3.402e-13
 1.410e-01  2.709e-12
 1.415e-01  9.098e-12
 1.420e-01  2.146e-11
 1.425e-01  4.172e-11
 1.430e-01  7.175e-11
 1.435e-01  1.134e-10
 1.440e-01  1.685e-10
 1.445e-01  2.388e-10
 1.450e-01  3.261e-10
 1.455e-01  4.320e-10
 1.460e-01  5.583e-10
 1.465e-01  7.067e-10
 1.470e-01  8.786e-10
 1.475e-01  1.076e-09
 1.480e-01  1.300e-09
 1.485e-01  1.552e-09
 1.490e-01  1.835e-09
 1.495e-01  2.148e-09
 1.500e-01  2.495e-09
 1.505e-01  2.876e-09
 1.510e-01  3.292e-09
 1.515e-01  3.746e-09
 1.520e-01  4.238e-09
 1.525e-01  4.770e-09
 1.530e-01  5.344e-09
 1.535e-01  5.959e-09
 1.540e-01  6.619e-09
 1.545e-01  7.324e-09
 1.550e-01  8.075e-09
 1.555e-01  8.873e-09
 1.560e-01  9.721e-09
 1.565e-01  1.062e-08
 1.570e-01  1.157e-08
 1.575e-01  1.257e-08
 1.580e-01  1.362e-08
 1.585e-01  1.473e-08
 1.590e-01  1.590e-08
 1.595e-01  1.712e-08
 1.600e-01  1.840e-08
 1.605e-01  1.974e-08
 1.610e-01  2.114e-08
 1.615e-01  2.260e-08
 1.620e-01  2.412e-08
 1.625e-01  2.571e-08
 1.630e-01  2.736e-08
 1.635e-01  2.907e-08
 1.640e-01  3.086e-08
 1.645e-01  3.271e-08
 1.650e-01  3.463e-08
 1.655e-01  3.661e-08
 1.660e-01  3.867e-08
 1.665e-01  4.080e-08
 1.670e-01  4.300e-08
 1.675e-01  4.527e-08
 1.680e-01  4.762e-08
 1.685e-01  5.004e-08
 1.690e-01  5.254e-08
 1.695e-01  5.512e-08
 1.700e-01  5.777e-08
 1.705e-01  6.050e-08
 1.710e-01  6.331e-08
 1.715e-01  6.620e-08
 1.720e-01  6.918e-08
 1.725e-01  7.223e-08
 1.730e-01  7.537e-08
 1.735e-01  7.859e-08
 1.740e-01  8.189e-08
 1.745e-01  8.528e-08
 1.750e-01  8.876e-08
 1.755e-01  9.232e-08
 1.760e-01  9.597e-08
 1.765e-01  9.971e-08
 1.770e-01  1.035e-07
 1.775e-01  1.075e-07
 1.780e-01  1.115e-07
 1.785e-01  1.156e-07
 1.790e-01  1.198e-07
 1.795e-01  1.240e-07
 1.800e-01  1.284e-07
 1.805e-01  1.329e-07
 1.810e-01  1.375e-07
 1.815e-01  1.421e-07
 1.820e-01  1.469e-07
 1.825e-01  1.518e-07
 1.830e-01  1.567e-07
 1.835e-01  1.618e-07
 1.840e-01  1.669e-07
 1.845e-01  1.722e-07
 1.850e-01  1.776e-07
 1.855e-01  1.830e-07
 1.860e-01  1.886e-07
 1.865e-01  1.943e-07
 1.870e-01  2.000e-07
 1.875e-01  2.059e-07
 1.880e-01  2.119e-07
 1.885e-01  2.180e-07
 1.890e-01  2.242e-07
 1.895e-01  2.305e-07
 1.900e-01  2.369e-07
 1.905e-01  2.434e-07
 1.910e-01  2.501e-07
 1.915e-01  2.568e-07
 1.920e-01  2.637e-07
 1.925e-01  2.706e-07
 1.930e-01  2.777e-07
 1.935e-01  2.849e-07
 1.940e-01  2.922e-07
 1.945e-01  2.997e-07
 1.950e-01  3.072e-07
 1.955e-01  3.149e-07
 1.960e-01  3.226e-07
 1.965e-01  3.305e-07
 1.970e-01  3.385e-07
 1.975e-01  3.467e-07
 1.980e-01  3.549e-07
 1.985e-01  3.633e-07
 1.990e-01  3.718e-07
 1.995e-01  3.804e-07
 2.000e-01  3.891e-07
 2.005e-01  3.980e-07
 2.010e-01  4.070e-07
 2.015e-01  4.161e-07
 2.020e-01  4.253e-07
 2.025e-01  4.347e-07
 2.030e-01  4.442e-07
 2.035e-01  4.538e-07
 2.040e-01  4.635e-07
 2.045e-01  4.734e-07
 2.050e-01  4.834e-07
 2.055e-01  4.935e-07
 2.060e-01  5.038e-07
 2.065e-01  5.142e-07
 2.070e-01  5.247e-07
 2.075e-01  5.354e-07
 2.080e-01  5.462e-07
 2.085e-01  5.571e-07
 2.090e-01  5.682e-07
 2.095e-01  5.794e-07
 2.100e-01  5.907e-07
 2.105e-01  6.022e-07
 2.110e-01  6.138e-07
 2.115e-01  6.256e-07
 2.120e-01  6.375e-07
 2.125e-01  6.495e-07
 2.130e-01  6.617e-07
 2.135e-01  6.740e-07
 2.140e-01  6.864e-07
 2.145e-01  6.990e-07
 2.150e-01  7.118e-07
 2.155e-01  7.247e-07
 2.160e-01  7.377e-07
 2.165e-01  7.509e-07
 2.170e-01  7.642e-07
 2.175e-01  7.777e-07
 2.180e-01  7.913e-07
 2.185e-01  8.051e-07
 2.190e-01  8.190e-07
 2.195e-01  8.331e-07
 2.200e-01  8.473e-07
 2.205e-01  8.617e-07
 2.210e-01  8.762e-07
 2.215e-01  8.909e-07
 2.220e-01  9.058e-07
 2.225e-01  9.208e-07
 2.230e-01  9.359e-07
 2.235e-01  9.512e-07
 2.240e-01  9.667e-07
 2.245e-01  9.823e-07
 2.250e-01  9.981e-07
 2.255e-01  1.014e-06
 2.260e-01  1.030e-06
 2.265e-01  1.046e-06
 2.270e-01  1.063e-06
 2.275e-01  1.079e-06
 2.280e-01  1.096e-06
 2.285e-01  1.113e-06
 2.290e-01  1.130e-06
 2.295e-01  1.147e-06
 2.300e-01  1.165e-06
 2.305e-01  1.182e-06
 2.310e-01  1.200e-06
 2.315e-01  1.218e-06
 2.320e-01  1.236e-06
 2.325e-01  1.254e-06
 2.330e-01  1.273e-06
 2.335e-01  1.291e-06
 2.340e-01  1.310e-06
 2.345e-01  1.329e-06
 2.350e-01  1.348e-06
 2.355e-01  1.368e-06
 2.360e-01  1.387e-06
 2.365e-01  1.407e-06
 2.370e-01  1.427e-06
 2.375e-01  1.447e-06
 2.380e-01  1.467e-06
 2.385e-01  1.487e-06
 2.390e-01  1.508e-06
 2.395e-01  1.528e-06
 2.400e-01  1.549e-06
 2.405e-01  1.570e-06
 2.410e-01  1.592e-06
 2.415e-01  1.613e-06
 2.420e-01  1.635e-06
 2.425e-01  1.657e-06
 2.430e-01  1.679e-06
 2.435e-01  1.701e-06
 2.440e-01  1.723e-06
 2.445e-01  1.746e-06
 2.450e-01  1.769e-06
 2.455e-01  1.792e-06
 2.460e-01  1.815e-06
 2.465e-01  1.838e-06
 2.470e-01  1.862e-06
 2.475e-01  1.886e-06
 2.480e-01  1.910e-06
 2.485e-01  1.934e-06
 2.490e-01  1.958e-06
 2.495e-01  1.983e-06
 2.500e-01  2.008e-06
 2.505e-01  2.033e-06
 2.510e-01  2.058e-06
 2.515e-01  2.083e-06
 2.520e-01  2.109e-06
 2.525e-01  2.135e-06
 2.530e-01  2.161e-06
 2.535e-01  2.187e-06
 2.540e-01  2.213e-06
 2.545e-01  2.240e-06
 2.550e-01  2.267e-06
 2.555e-01  2.294e-06
 2.560e-01  2.321e-06
 2.565e-01  2.349e-06
 2.570e-01  2.376e-06
 2.575e-01  2.404e-06
 2.580e-01  2.432e-06
 2.585e-01  2.461e-06
 2.590e-01  2.489e-06
 2.595e-01  2.518e-06
 2.600e-01  2.547e-06
 2.605e-01  2.576e-06
 2.610e-01  2.606e-06
 2.615e-01  2.635e-06
 2.620e-01  2.665e-06
 2.625e-01  2.695e-06
 2.630e-01  2.726e-06
 2.635e-01  2.756e-06
 2.640e-01  2.787e-06
 2.645e-01  2.818e-06
 2.650e-01  2.850e-06
 2.655e-01  2.881e-06
 2.660e-01  2.913e-06
 2.665e-01  2.945e-06
 2.670e-01  2.977e-06
 2.675e-01  3.010e-06
 2.680e-01  3.042e-06
 2.685e-01  3.075e-06
 2.690e-01  3.108e-06
 2.695e-01  3.142e-06
 2.700e-01  3.175e-06
 2.705e-01  3.209e-06
 2.710e-01  3.244e-06
 2.715e-01  3.278e-06
 2.720e-01  3.313e-06
 2.725e-01  3.348e-06
 2.730e-01  3.383e-06
 2.735e-01  3.418e-06
 2.740e-01  3.454e-06
 2.745e-01  3.490e-06
 2.750e-01  3.526e-06
 2.755e-01  3.562e-06
 2.760e-01  3.599e-06
 2.765e-01  3.636e-06
 2.770e-01  3.673e-06
 2.775e-01  3.711e-06
 2.780e-01  3.748e-06
 2.785e-01  3.786e-06
 2.790e-01  3.825e-06
 2.795e-01  3.863e-06
 2.800e-01  3.902e-06
 2.805e-01  3.941e-06
 2.810e-01  3.980e-06
 2.815e-01  4.020e-06
 2.820e-01  4.060e-06
 2.825e-01  4.100e-06
 2.830e-01  4.140e-06
 2.835e-01  4.181e-06
 2.840e-01  4.222e-06
 2.845e-01  4.263e-06
 2.850e-01  4.305e-06
 2.855e-01  4.347e-06
 2.860e-01  4.389e-06
 2.865e-01  4.431e-06
 2.870e-01  4.474e-06
 2.875e-01  4.517e-06
 2.880e-01  4.560e-06
 2.885e-01  4.604e-06
 2.890e-01  4.648e-06
 2.895e-01  4.692e-06
 2.900e-01  4.736e-06
 2.905e-01  4.781e-06
 2.910e-01  4.826e-06
 2.915e-01  4.871e-06
 2.920e-01  4.917e-06
 2.925e-01  4.963e-06
 2.930e-01  5.009e-06
 2.935e-01  5.056e-06
 2.940e-01  5.103e-06
 2.945e-01  5.150e-06
 2.950e-01  5.197e-06
 2.955e-01  5.245e-06
 2.960e-01  5.293e-06
 2.965e-01  5.341e-06
 2.970e-01  5.390e-06
 2.975e-01  5.439e-06
 2.980e-01  5.489e-06
 2.985e-01  5.538e-06
 2.990e-01  5.588e-06
 2.995e-01  5.639e-06
 3.000e-01  5.689e-06
 3.005e-01  5.740e-06
 3.010e-01  5.792e-06
 3.015e-01  5.843e-06
 3.020e-01  5.895e-06
 3.025e-01  5.948e-06
 3.030e-01  6.000e-06
 3.035e-01  6.053e-06
 3.040e-01  6.106e-06
 3.045e-01  6.160e-06
 3.050e-01  6.214e-06
 3.055e-01  6.268e-06
 3.060e-01  6.323e-06
 3.065e-01  6.378e-06
 3.070e-01  6.434e-06
 3.075e-01  6.489e-06
 3.080e-01  6.545e-06
 3.085e-01  6.602e-06
 3.090e-01  6.659e-06
 3.095e-01  6.716e-06
 3.100e-01  6.773e-06
 3.105e-01  6.831e-06
 3.110e-01  6.890e-06
 3.115e-01  6.948e-06
 3.120e-01  7.007e-06
 3.125e-01  7.066e-06
 3.130e-01  7.126e-06
 3.135e-01  7.186e-06
 3.140e-01  7.247e-06
 3.145e-01  7.308e-06
 3.150e-01  7.369e-06
 3.155e-01  7.430e-06
 3.160e-01  7.492e-06
 3.165e-01  7.555e-06
 3.170e-01  7.618e-06
 3.175e-01  7.681e-06
 3.180e-01  7.744e-06
 3.185e-01  7.808e-06
 3.190e-01  7.872e-06
 3.195e-01  7.937e-06
 3.200e-01  8.002e-06
 3.205e-01  8.068e-06
 3.210e-01  8.134e-06
 3.215e-01  8.200e-06
 3.220e-01  8.267e-06
 3.225e-01  8.334e-06
 3.230e-01  8.401e-06
 3.235e-01  8.469e-06
 3.240e-01  8.538e-06
 3.245e-01  8.607e-06
 3.250e-01  8.676e-06
 3.255e-01  8.745e-06
 3.260e-01  8.815e-06
 3.265e-01  8.886e-06
 3.270e-01  8.957e-06
 3.275e-01  9.028e-06
 3.280e-01  9.100e-06
 3.285e-01  9.172e-06
 3.290e-01  9.245e-06
 3.295e-01  9.318e-06
 3.300e-01  9.391e-06
 3.305e-01  9.465e-06
 3.310e-01  9.540e-06
 3.315e-01  9.615e-06
 3.320e-01  9.690e-06
 3.325e-01  9.766e-06
 3.330e-01  9.842e-06
 3.335e-01  9.918e-06
 3.340e-01  9.996e-06
 3.345e-01  1.007e-05
 3.350e-01  1.015e-05
 3.355e-01  1.023e-05
 3.360e-01  1.031e-05
 3.365e-01  1.039e-05
 3.370e-01  1.047e-05
 3.375e-01  1.055e-05
 3.380e-01  1.063e-05
 3.385e-01  1.071e-05
 3.390e-01  1.079e-05
 3.395e-01  1.088e-05
 3.400e-01  1.096e-05
 3.405e-01  1.104e-05
 3.410e-01  1.113e-05
 3.415e-01  1.121e-05
 3.420e-01  1.129e-05
 3.425e-01  1.138e-05
 3.430e-01  1.147e-05
 3.435e-01  1.155e-05
 3.440e-01  1.164e-05
 3.445e-01  1.173e-05
 3.450e-01  1.181e-05
 3.455e-01  1.190e-05
 3.460e-01  1.199e-05
 3.465e-01  1.208e-05
 3.470e-01  1.217e-05
 3.475e-01  1.226e-05
 3.480e-01  1.235e-05
 3.485e-01  1.244e-05
 3.490e-01  1.254e-05
 3.495e-01  1.263e-05
 3.500e-01  1.272e-05
 3.505e-01  1.282e-05
 3.510e-01  1.291e-05
 3.515e-01  1.300e-05
 3.520e-01  1.310e-05
 3.525e-01  1.320e-05
 3.530e-01  1.329e-05
 3.535e-01  1.339e-05
 3.540e-01  1.349e-05
 3.545e-01  1.359e-05
 3.550e-01  1.368e-05
 3.555e-01  1.378e-05
 3.560e-01  1.388e-05
 3.565e-01  1.398e-05
 3.570e-01  1.409e-05
 3.575e-01  1.419e-05
 3.580e-01  1.429e-05
 3.585e-01  1.439e-05
 3.590e-01  1.450e-05
 3.595e-01  1.460e-05
 3.600e-01  1.470e-05
 3.605e-01  1.481e-05
 3.610e-01  1.492e-05
 3.615e-01  1.502e-05
 3.620e-01  1.513e-05
 3.625e-01  1.524e-05
 3.630e-01  1.535e-05
 3.635e-01  1.546e-05
 3.640e-01  1.556e-05
 3.645e-01  1.568e-05
 3.650e-01  1.579e-05
 3.655e-01  1.590e-05
 3.660e-01  1.601e-05
 3.665e-01  1.612e-05
 3.670e-01  1.624e-05
 3.675e-01  1.635e-05
 3.680e-01  1.647e-05
 3.685e-01  1.658e-05
 3.690e-01  1.670e-05
 3.695e-01  1.681e-05
 3.700e-01  1.693e-05
 3.705e-01  1.705e-05
 3.710e-01  1.717e-05
 3.715e-01  1.729e-05
 3.720e-01  1.741e-05
 3.725e-01  1.753e-05
 3.730e-01  1.765e-05
 3.735e-01  1.777e-05
 3.740e-01  1.790e-05
 3.745e-01  1.802e-05
 3.750e-01  1.815e-05
 3.755e-01  1.827e-05
 3.760e-01  1.840e-05
 3.765e-01  1.852e-05
 3.770e-01  1.865e-05
 3.775e-01  1.878e-05
 3.780e-01  1.891e-05
 3.785e-01  1.904e-05
 3.790e-01  1.917e-05
 3.795e-01  1.930e-05
 3.800e-01  1.943e-05
 3.805e-01  1.957e-05
 3.810e-01  1.970e-05
 3.815e-01  1.983e-05
 3.820e-01  1.997e-05
 3.825e-01  2.010e-05
 3.830e-01  2.024e-05
 3.835e-01  2.038e-05
 3.840e-01  2.052e-05
 3.845e-01  2.066e-05
 3.850e-01  2.079e-05
 3.855e-01  2.094e-05
 3.860e-01  2.108e-05
 3.865e-01  2.122e-05
 3.870e-01  2.136e-05
 3.875e-01  2.151e-05
 3.880e-01  2.165e-05
 3.885e-01  2.180e-05
 3.890e-01  2.194e-05
 3.895e-01  2.209e-05
 3.900e-01  2.224e-05
 3.905e-01  2.239e-05
 3.910e-01  2.254e-05
 3.915e-01  2.269e-05
 3.920e-01  2.284e-05
 3.925e-01  2.299e-05
 3.930e-01  2.314e-05
 3.935e-01  2.330e-05
 3.940e-01  2.345e-05
 3.945e-01  2.361e-05
 3.950e-01  2.377e-05
 3.955e-01  2.392e-05
 3.960e-01  2.408e-05
 3.965e-01  2.424e-05
 3.970e-01  2.440e-05
 3.975e-01  2.457e-05
 3.980e-01  2.473e-05
 3.985e-01  2.489e-05
 3.990e-01  2.506e-05
 3.995e-01  2.522e-05
 4.000e-01  2.539e-05
 4.005e-01  2.555e-05
 4.010e-01  2.572e-05
 4.015e-01  2.589e-05
 4.020e-01  2.606e-05
 4.025e-01  2.623e-05
 4.030e-01  2.640e-05
 4.035e-01  2.658e-05
 4.040e-01  2.675e-05
 4.045e-01  2.693e-05
 4.050e-01  2.710e-05
 4.055e-01  2.728e-05
 4.060e-01  2.746e-05
 4.065e-01  2.764e-05
 4.070e-01  2.782e-05
 4.075e-01  2.800e-05
 4.080e-01  2.818e-05
 4.085e-01  2.836e-05
 4.090e-01  2.855e-05
 4.095e-01  2.873e-05
 4.100e-01  2.892e-05
 4.105e-01  2.911e-05
 4.110e-01  2.930e-05
 4.115e-01  2.949e-05
 4.120e-01  2.968e-05
 4.125e-01  2.987e-05
 4.130e-01  3.006e-05
 4.135e-01  3.026e-05
 4.140e-01  3.045e-05
 4.145e-01  3.065e-05
 4.150e-01  3.085e-05
 4.155e-01  3.105e-05
 4.160e-01  3.125e-05
 4.165e-01  3.145e-05
 4.170e-01  3.165e-05
 4.175e-01  3.185e-05
 4.180e-01  3.206e-05
 4.185e-01  3.226e-05
 4.190e-01  3.247e-05
 4.195e-01  3.268e-05
 4.200e-01  3.289e-05
 4.205e-01  3.310e-05
 4.210e-01  3.331e-05
 4.215e-01  3.353e-05
 4.220e-01  3.374e-05
 4.225e-01  3.396e-05
 4.230e-01  3.417e-05
 4.235e-01  3.439e-05
 4.240e-01  3.461e-05
 4.245e-01  3.483e-05
 4.250e-01  3.505e-05
 4.255e-01  3.528e-05
 4.260e-01  3.550e-05
 4.265e-01  3.573e-05
 4.270e-01  3.596e-05
 4.275e-01  3.618e-05
 4.280e-01  3.641e-05
 4.285e-01  3.665e-05
 4.290e-01  3.688e-05
 4.295e-01  3.711e-05
 4.300e-01  3.735e-05
 4.305e-01  3.759e-05
 4.310e-01  3.782e-05
 4.315e-01  3.806e-05
 4.320e-01  3.831e-05
 4.325e-01  3.855e-05
 4.330e-01  3.879e-05
 4.335e-01  3.904e-05
 4.340e-01  3.928e-05
 4.345e-01  3.953e-05
 4.350e-01  3.978e-05
 4.355e-01  4.003e-05
 4.360e-01  4.029e-05
 4.365e-01  4.054e-05
 4.370e-01  4.080e-05
 4.375e-01  4.106e-05
 4.380e-01  4.131e-05
 4.385e-01  4.158e-05
 4.390e-01  4.184e-05
 4.395e-01  4.210e-05
 4.400e-01  4.237e-05
 4.405e-01  4.263e-05
 4.410e-01  4.290e-05
 4.415e-01  4.317e-05
 4.420e-01  4.344e-05
 4.425e-01  4.372e-05
 4.430e-01  4.399e-05
 4.435e-01  4.427e-05
 4.440e-01  4.455e-05
 4.445e-01  4.483e-05
 4.450e-01  4.511e-05
 4.455e-01  4.539e-05
 4.460e-01  4.567e-05
 4.465e-01  4.596e-05
 4.470e-01  4.625e-05
 4.475e-01  4.654e-05
 4.480e-01  4.683e-05
 4.485e-01  4.713e-05
 4.490e-01  4.742e-05
 4.495e-01  4.772e-05
 4.500e-01  4.802e-05
 4.505e-01  4.832e-05
 4.510e-01  4.862e-05
 4.515e-01  4.892e-05
 4.520e-01  4.923e-05
 4.525e-01  4.954e-05
 4.530e-01  4.985e-05
 4.535e-01  5.016e-05
 4.540e-01  5.047e-05
 4.545e-01  5.079e-05
 4.550e-01  5.111e-05
 4.555e-01  5.143e-05
 4.560e-01  5.175e-05
 4.565e-01  5.207e-05
 4.570e-01  5.240e-05
 4.575e-01  5.272e-05
 4.580e-01  5.305e-05
 4.585e-01  5.338e-05
 4.590e-01  5.372e-05
 4.595e-01  5.405e-05
 4.600e-01  5.439e-05
 4.605e-01  5.473e-05
 4.610e-01  5.507e-05
 4.615e-01  5.542e-05
 4.620e-01  5.576e-05
 4.625e-01  5.611e-05
 4.630e-01  5.646e-05
 4.635e-01  5.681e-05
 4.640e-01  5.717e-05
 4.645e-01  5.752e-05
 4.650e-01  5.788e-05
 4.655e-01  5.824e-05
 4.660e-01  5.860e-05
 4.665e-01  5.897e-05
 4.670e-01  5.934e-05
 4.675e-01  5.971e-05
 4.680e-01  6.008e-05
 4.685e-01  6.045e-05
 4.690e-01  6.083e-05
 4.695e-01  6.121e-05
 4.700e-01  6.159e-05
 4.705e-01  6.198e-05
 4.710e-01  6.236e-05
 4.715e-01  6.275e-05
 4.720e-01  6.314e-05
 4.725e-01  6.354e-05
 4.730e-01  6.393e-05
 4.735e-01  6.433e-05
 4.740e-01  6.473e-05
 4.745e-01  6.514e-05
 4.750e-01  6.554e-05
 4.755e-01  6.595e-05
 4.760e-01  6.636e-05
 4.765e-01  6.678e-05
 4.770e-01  6.719e-05
 4.775e-01  6.761e-05
 4.780e-01  6.803e-05
 4.785e-01  6.846e-05
 4.790e-01  6.888e-05
 4.795e-01  6.931e-05
 4.800e-01  6.975e-05
 4.805e-01  7.018e-05
 4.810e-01  7.062e-05
 4.815e-01  7.106e-05
 4.820e-01  7.150e-05
 4.825e-01  7.195e-05
 4.830e-01  7.240e-05
 4.835e-01  7.285e-05
 4.840e-01  7.331e-05
 4.845e-01  7.376e-05
 4.850e-01  7.422e-05
 4.855e-01  7.469e-05
 4.860e-01  7.515e-05
 4.865e-01  7.562e-05
 4.870e-01  7.610e-05
 4.875e-01  7.657e-05
 4.880e-01  7.705e-05
 4.885e-01  7.753e-05
 4.890e-01  7.802e-05
 4.895e-01  7.851e-05
 4.900e-01  7.900e-05
 4.905e-01  7.949e-05
 4.910e-01  7.999e-05
 4.915e-01  8.049e-05
 4.920e-01  8.099e-05
 4.925e-01  8.150e-05
 4.930e-01  8.201e-05
 4.935e-01  8.253e-05
 4.940e-01  8.304e-05
 4.945e-01  8.356e-05
 4.950e-01  8.409e-05
 4.955e-01  8.462e-05
 4.960e-01  8.515e-05
 4.965e-01  8.568e-05
 4.970e-01  8.622e-05
 4.975e-01  8.676e-05
 4.980e-01  8.731e-05
 4.985e-01  8.785e-05
 4.990e-01  8.841e-05
 4.995e-01  8.896e-05
 5.000e-01  8.952e-05
 5.005e-01  9.008e-05
 5.010e-01  9.065e-05
 5.015e-01  9.122e-05
 5.020e-01  9.180e-05
 5.025e-01  9.238e-05
 5.030e-01  9.296e-05
 5.035e-01  9.354e-05
 5.040e-01  9.413e-05
 5.045e-01  9.473e-05
 5.050e-01  9.532e-05
 5.055e-01  9.593e-05
 5.060e-01  9.653e-05
 5.065e-01  9.714e-05
 5.070e-01  9.776e-05
 5.075e-01  9.837e-05
 5.080e-01  9.900e-05
 5.085e-01  9.962e-05
 5.090e-01  1.003e-04
 5.095e-01  1.009e-04
 5.100e-01  1.015e-04
 5.105e-01  1.022e-04
 5.110e-01  1.028e-04
 5.115e-01  1.035e-04
 5.120e-01  1.041e-04
 5.125e-01  1.048e-04
 5.130e-01  1.055e-04
 5.135e-01  1.061e-04
 5.140e-01  1.068e-04
 5.145e-01  1.075e-04
 5.150e-01  1.082e-04
 5.155e-01  1.089e-04
 5.160e-01  1.095e-04
 5.165e-01  1.102e-04
 5.170e-01  1.109e-04
 5.175e-01  1.117e-04
 5.180e-01  1.124e-04
 5.185e-01  1.131e-04
 5.190e-01  1.138e-04
 5.195e-01  1.145e-04
 5.200e-01  1.153e-04
 5.205e-01  1.160e-04
 5.210e-01  1.167e-04
 5.215e-01  1.175e-04
 5.220e-01  1.182e-04
 5.225e-01  1.190e-04
 5.230e-01  1.198e-04
 5.235e-01  1.205e-04
 5.240e-01  1.213e-04
 5.245e-01  1.221e-04
 5.250e-01  1.229e-04
 5.255e-01  1.237e-04
 5.260e-01  1.245e-04
 5.265e-01  1.253e-04
 5.270e-01  1.261e-04
 5.275e-01  1.269e-04
 5.280e-01  1.277e-04
 5.285e-01  1.285e-04
 5.290e-01  1.294e-04
 5.295e-01  1.302e-04
 5.300e-01  1.310e-04
 5.305e-01  1.319e-04
 5.310e-01  1.327e-04
 5.315e-01  1.336e-04
 5.320e-01  1.345e-04
 5.325e-01  1.353e-04
 5.330e-01  1.362e-04
 5.335e-01  1.371e-04
 5.340e-01  1.380e-04
 5.345e-01  1.389e-04
 5.350e-01  1.398e-04
 5.355e-01  1.407e-04
 5.360e-01  1.416e-04
 5.365e-01  1.426e-04
 5.370e-01  1.435e-04
 5.375e-01  1.444e-04
 5.380e-01  1.454e-04
 5.385e-01  1.463e-04
 5.390e-01  1.473e-04
 5.395e-01  1.483e-04
 5.400e-01  1.492e-04
 5.405e-01  1.502e-04
 5.410e-01  1.512e-04
 5.415e-01  1.522e-04
 5.420e-01  1.532e-04
 5.425e-01  1.542e-04
 5.430e-01  1.552e-04
 5.435e-01  1.562e-04
 5.440e-01  1.573e-04
 5.445e-01  1.583e-04
 5.450e-01  1.594e-04
 5.455e-01  1.604e-04
 5.460e-01  1.615e-04
 5.465e-01  1.626e-04
 5.470e-01  1.636e-04
 5.475e-01  1.647e-04
 5.480e-01  1.658e-04
 5.485e-01  1.669e-04
 5.490e-01  1.680e-04
 5.495e-01  1.692e-04
 5.500e-01  1.703e-04
 5.505e-01  1.714e-04
 5.510e-01  1.726e-04
 5.515e-01  1.737e-04
 5.520e-01  1.749e-04
 5.525e-01  1.761e-04
 5.530e-01  1.772e-04
 5.535e-01  1.784e-04
 5.540e-01  1.796e-04
 5.545e-01  1.808e-04
 5.550e-01  1.821e-04
 5.555e-01  1.833e-04
 5.560e-01  1.845e-04
 5.565e-01  1.858e-04
 5.570e-01  1.870e-04
 5.575e-01  1.883e-04
 5.580e-01  1.896e-04
 5.585e-01  1.909e-04
 5.590e-01  1.921e-04
 5.595e-01  1.935e-04
 5.600e-01  1.948e-04
 5.605e-01  1.961e-04
 5.610e-01  1.974e-04
 5.615e-01  1.988e-04
 5.620e-01  2.001e-04
 5.625e-01  2.015e-04
 5.630e-01  2.029e-04
 5.635e-01  2.043e-04
 5.640e-01  2.057e-04
 5.645e-01  2.071e-04
 5.650e-01  2.085e-04
 5.655e-01  2.100e-04
 5.660e-01  2.114e-04
 5.665e-01  2.129e-04
 5.670e-01  2.143e-04
 5.675e-01  2.158e-04
 5.680e-01  2.173e-04
 5.685e-01  2.188e-04
 5.690e-01  2.203e-04
 5.695e-01  2.219e-04
 5.700e-01  2.234e-04
 5.705e-01  2.250e-04
 5.710e-01  2.265e-04
 5.715e-01  2.281e-04
 5.720e-01  2.297e-04
 5.725e-01  2.313e-04
 5.730e-01  2.329e-04
 5.735e-01  2.346e-04
 5.740e-01  2.362e-04
 5.745e-01  2.379e-04
 5.750e-01  2.396e-04
 5.755e-01  2.412e-04
 5.760e-01  2.429e-04
 5.765e-01  2.447e-04
 5.770e-01  2.464e-04
 5.775e-01  2.481e-04
 5.780e-01  2.499e-04
 5.785e-01  2.517e-04
 5.790e-01  2.535e-04
 5.795e-01  2.553e-04
 5.800e-01  2.571e-04
 5.805e-01  2.589e-04
 5.810e-01  2.608e-04
 5.815e-01  2.626e-04
 5.820e-01  2.645e-04
 5.825e-01  2.664e-04
 5.830e-01  2.683e-04
 5.835e-01  2.703e-04
 5.840e-01  2.722e-04
 5.845e-01  2.742e-04
 5.850e-01  2.762e-04
 5.855e-01  2.782e-04
 5.860e-01  2.802e-04
 5.865e-01  2.822e-04
 5.870e-01  2.843e-04
 5.875e-01  2.863e-04
 5.880e-01  2.884e-04
 5.885e-01  2.905e-04
 5.890e-01  2.927e-04
 5.895e-01  2.948e-04
 5.900e-01  2.970e-04
 5.905e-01  2.991e-04
 5.910e-01  3.013e-04
 5.915e-01  3.036e-04
 5.920e-01  3.058e-04
 5.925e-01  3.081e-04
 5.930e-01  3.103e-04
 5.935e-01  3.126e-04
 5.940e-01  3.150e-04
 5.945e-01  3.173e-04
 5.950e-01  3.197e-04
 5.955e-01  3.220e-04
 5.960e-01  3.244e-04
 5.965e-01  3.269e-04
 5.970e-01  3.293e-04
 5.975e-01  3.318e-04
 5.980e-01  3.343e-04
 5.985e-01  3.368e-04
 5.990e-01  3.393e-04
 5.995e-01  3.419e-04
 6.000e-01  3.445e-04
 6.005e-01  3.471e-04
 6.010e-01  3.497e-04
 6.015e-01  3.524e-04
 6.020e-01  3.551e-04
 6.025e-01  3.578e-04
 6.030e-01  3.605e-04
 6.035e-01  3.633e-04
 6.040e-01  3.661e-04
 6.045e-01  3.689e-04
 6.050e-01  3.717e-04
 6.055e-01  3.746e-04
 6.060e-01  3.775e-04
 6.065e-01  3.804e-04
 6.070e-01  3.834e-04
 6.075e-01  3.863e-04
 6.080e-01  3.893e-04
 6.085e-01  3.924e-04
 6.090e-01  3.954e-04
 6.095e-01  3.985e-04
 6.100e-01  4.016e-04
 6.105e-01  4.048e-04
 6.110e-01  4.080e-04
 6.115e-01  4.112e-04
 6.120e-01  4.144e-04
 6.125e-01  4.177e-04
 6.130e-01  4.210e-04
 6.135e-01  4.244e-04
 6.140e-01  4.277e-04
 6.145e-01  4.311e-04
 6.150e-01  4.346e-04
 6.155e-01  4.381e-04
 6.160e-01  4.416e-04
 6.165e-01  4.451e-04
 6.170e-01  4.487e-04
 6.175e-01  4.523e-04
 6.180e-01  4.560e-04
 6.185e-01  4.597e-04
 6.190e-01  4.634e-04
 6.195e-01  4.672e-04
 6.200e-01  4.710e-04
 6.205e-01  4.748e-04
 6.210e-01  4.787e-04
 6.215e-01  4.826e-04
 6.220e-01  4.866e-04
 6.225e-01  4.906e-04
 6.230e-01  4.946e-04
 6.235e-01  4.987e-04
 6.240e-01  5.028e-04
 6.245e-01  5.070e-04
 6.250e-01  5.112e-04
 6.255e-01  5.155e-04
 6.260e-01  5.198e-04
 6.265e-01  5.242e-04
 6.270e-01  5.286e-04
 6.275e-01  5.330e-04
 6.280e-01  5.375e-04
 6.285e-01  5.420e-04
 6.290e-01  5.466e-04
 6.295e-01  5.513e-04
 6.300e-01  5.559e-04
 6.305e-01  5.607e-04
 6.310e-01  5.655e-04
 6.315e-01  5.703e-04
 6.320e-01  5.752e-04
 6.325e-01  5.802e-04
 6.330e-01  5.852e-04
 6.335e-01  5.902e-04
 6.340e-01  5.953e-04
 6.345e-01  6.005e-04
 6.350e-01  6.057e-04
 6.355e-01  6.110e-04
 6.360e-01  6.164e-04
 6.365e-01  6.218e-04
 6.370e-01  6.272e-04
 6.375e-01  6.327e-04
 6.380e-01  6.383e-04
 6.385e-01  6.440e-04
 6.390e-01  6.497e-04
 6.395e-01  6.555e-04
 6.400e-01  6.613e-04
 6.405e-01  6.672e-04
 6.410e-01  6.732e-04
 6.415e-01  6.793e-04
 6.420e-01  6.854e-04
 6.425e-01  6.916e-04
 6.430e-01  6.979e-04
 6.435e-01  7.042e-04
 6.440e-01  7.106e-04
 6.445e-01  7.171e-04
 6.450e-01  7.237e-04
 6.455e-01  7.303e-04
 6.460e-01  7.370e-04
 6.465e-01  7.438e-04
 6.470e-01  7.507e-04
 6.475e-01  7.577e-04
 6.480e-01  7.647e-04
 6.485e-01  7.719e-04
 6.490e-01  7.791e-04
 6.495e-01  7.864e-04
 6.500e-01  7.938e-04
 6.505e-01  8.013e-04
 6.510e-01  8.089e-04
 6.515e-01  8.166e-04
 6.520e-01  8.243e-04
 6.525e-01  8.322e-04
 6.530e-01  8.402e-04
 6.535e-01  8.482e-04
 6.540e-01  8.564e-04
 6.545e-01  8.647e-04
 6.550e-01  8.731e-04
 6.555e-01  8.815e-04
 6.560e-01  8.901e-04
 6.565e-01  8.988e-04
 6.570e-01  9.077e-04
 6.575e-01  9.166e-04
 6.580e-01  9.256e-04
 6.585e-01  9.348e-04
 6.590e-01  9.441e-04
 6.595e-01  9.535e-04
 6.600e-01  9.630e-04
 6.605e-01  9.726e-04
 6.610e-01  9.824e-04
 6.615e-01  9.923e-04
 6.620e-01  1.002e-03
 6.625e-01  1.013e-03
 6.630e-01  1.023e-03
 6.635e-01  1.033e-03
 6.640e-01  1.044e-03
 6.645e-01  1.055e-03
 6.650e-01  1.066e-03
 6.655e-01  1.077e-03
 6.660e-01  1.088e-03
 6.665e-01  1.099e-03
 6.670e-01  1.111e-03
 6.675e-01  1.122e-03
 6.680e-01  1.134e-03
 6.685e-01  1.146e-03
 6.690e-01  1.158e-03
 6.695e-01  1.170e-03
 6.700e-01  1.183e-03
 6.705e-01  1.196e-03
 6.710e-01  1.208e-03
 6.715e-01  1.222e-03
 6.720e-01  1.235e-03
 6.725e-01  1.248e-03
 6.730e-01  1.262e-03
 6.735e-01  1.276e-03
 6.740e-01  1.290e-03
 6.745e-01  1.304e-03
 6.750e-01  1.318e-03
 6.755e-01  1.333e-03
 6.760e-01  1.348e-03
 6.765e-01  1.363e-03
 6.770e-01  1.378e-03
 6.775e-01  1.394e-03
 6.780e-01  1.410e-03
 6.785e-01  1.426e-03
 6.790e-01  1.442e-03
 6.795e-01  1.458e-03
 6.800e-01  1.475e-03
 6.805e-01  1.492e-03
 6.810e-01  1.510e-03
 6.815e-01  1.527e-03
 6.820e-01  1.545e-03
 6.825e-01  1.563e-03
 6.830e-01  1.582e-03
 6.835e-01  1.600e-03
 6.840e-01  1.619e-03
 6.845e-01  1.639e-03
 6.850e-01  1.658e-03
 6.855e-01  1.678e-03
 6.860e-01  1.699e-03
 6.865e-01  1.719e-03
 6.870e-01  1.740e-03
 6.875e-01  1.762e-03
 6.880e-01  1.783e-03
 6.885e-01  1.805e-03
 6.890e-01  1.828e-03
 6.895e-01  1.851e-03
 6.900e-01  1.874e-03
 6.905e-01  1.898e-03
 6.910e-01  1.922e-03
 6.915e-01  1.946e-03
 6.920e-01  1.971e-03
 6.925e-01  1.996e-03
 6.930e-01  2.022e-03
 6.935e-01  2.048e-03
 6.940e-01  2.075e-03
 6.945e-01  2.102e-03
 6.950e-01  2.129e-03
 6.955e-01  2.157e-03
 6.960e-01  2.186e-03
 6.965e-01  2.215e-03
 6.970e-01  2.245e-03
 6.975e-01  2.275e-03
 6.980e-01  2.306e-03
 6.985e-01  2.337e-03
 6.990e-01  2.369e-03
 6.995e-01  2.402e-03
 7.000e-01  2.435e-03
 7.005e-01  2.469e-03
 7.010e-01  2.503e-03
 7.015e-01  2.538e-03
 7.020e-01  2.574e-03
 7.025e-01  2.611e-03
 7.030e-01  2.648e-03
 7.035e-01  2.686e-03
 7.040e-01  2.725e-03
 7.045e-01  2.764e-03
 7.050e-01  2.805e-03
 7.055e-01  2.846e-03
 7.060e-01  2.888e-03
 7.065e-01  2.930e-03
 7.070e-01  2.974e-03
 7.075e-01  3.019e-03
 7.080e-01  3.064e-03
 7.085e-01  3.111e-03
 7.090e-01  3.158e-03
 7.095e-01  3.207e-03
 7.100e-01  3.257e-03
 7.105e-01  3.307e-03
 7.110e-01  3.359e-03
 7.115e-01  3.412e-03
 7.120e-01  3.466e-03
 7.125e-01  3.521e-03
 7.130e-01  3.578e-03
 7.135e-01  3.635e-03
 7.140e-01  3.695e-03
 7.145e-01  3.755e-03
 7.150e-01  3.817e-03
 7.155e-01  3.880e-03
 7.160e-01  3.945e-03
 7.165e-01  4.011e-03
 7.170e-01  4.079e-03
 7.175e-01  4.148e-03
 7.180e-01  4.220e-03
 7.185e-01  4.292e-03
 7.190e-01  4.367e-03
 7.195e-01  4.444e-03
 7.200e-01  4.522e-03
 7.205e-01  4.602e-03
 7.210e-01  4.685e-03
 7.215e-01  4.769e-03
 7.220e-01  4.856e-03
 7.225e-01  4.944e-03
 7.230e-01  5.036e-03
 7.235e-01  5.129e-03
 7.240e-01  5.225e-03
 7.245e-01  5.324e-03
 7.250e-01  5.425e-03
 7.255e-01  5.529e-03
 7.260e-01  5.636e-03
 7.265e-01  5.745e-03
 7.270e-01  5.858e-03
 7.275e-01  5.974e-03
 7.280e-01  6.094e-03
 7.285e-01  6.216e-03
 7.290e-01  6.342e-03
 7.295e-01  6.472e-03
 7.300e-01  6.606e-03
 7.305e-01  6.744e-03
 7.310e-01  6.885e-03
 7.315e-01  7.031e-03
 7.320e-01  7.182e-03
 7.325e-01  7.337e-03
 7.330e-01  7.497e-03
 7.335e-01  7.662e-03
 7.340e-01  7.832e-03
 7.345e-01  8.007e-03
 7.350e-01  8.189e-03
 7.355e-01  8.376e-03
 7.360e-01  8.569e-03
 7.365e-01  8.769e-03
 7.370e-01  8.975e-03
 7.375e-01  9.189e-03
 7.380e-01  9.410e-03
 7.385e-01  9.638e-03
 7.390e-01  9.875e-03
 7.395e-01  1.012e-02
 7.400e-01  1.037e-02
 7.405e-01  1.064e-02
 7.410e-01  1.091e-02
 7.415e-01  1.119e-02
 7.420e-01  1.149e-02
 7.425e-01  1.179e-02
 7.430e-01  1.211e-02
 7.435e-01  1.244e-02
 7.440e-01  1.278e-02
 7.445e-01  1.313e-02
 7.450e-01  1.350e-02
 7.455e-01  1.389e-02
 7.460e-01  1.429e-02
 7.465e-01  1.471e-02
 7.470e-01  1.514e-02
 7.475e-01  1.560e-02
 7.480e-01  1.607e-02
 7.485e-01  1.657e-02
 7.490e-01  1.709e-02
 7.495e-01  1.763e-02
 7.500e-01  1.819e-02
 7.505e-01  1.879e-02
 7.510e-01  1.941e-02
 7.515e-01  2.006e-02
 7.520e-01  2.075e-02
 7.525e-01  2.147e-02
 7.530e-01  2.222e-02
 7.535e-01  2.302e-02
 7.540e-01  2.385e-02
 7.545e-01  2.474e-02
 7.550e-01  2.566e-02
 7.555e-01  2.665e-02
 7.560e-01  2.768e-02
 7.565e-01  2.878e-02
 7.570e-01  2.994e-02
 7.575e-01  3.116e-02
 7.580e-01  3.247e-02
 7.585e-01  3.385e-02
 7.590e-01  3.532e-02
 7.595e-01  3.689e-02
 7.600e-01  3.855e-02
 7.605e-01  4.033e-02
 7.610e-01  4.223e-02
 7.615e-01  4.426e-02
 7.620e-01  4.644e-02
 7.625e-01  4.878e-02
 7.630e-01  5.129e-02
 7.635e-01  5.399e-02
 7.640e-01  5.690e-02
 7.645e-01  6.005e-02
 7.650e-01  6.345e-02
 7.655e-01  6.714e-02
 7.660e-01  7.115e-02
 7.665e-01  7.551e-02
 7.670e-01  8.026e-02
 7.675e-01  8.546e-02
 7.680e-01  9.116e-02
 7.685e-01  9.742e-02
 7.690e-01  1.043e-01
 7.695e-01  1.119e-01
 7.700e-01  1.203e-01
 7.705e-01  1.297e-01
 7.710e-01  1.401e-01
 7.715e-01  1.518e-01
 7.720e-01  1.648e-01
 7.725e-01  1.795e-01
 7.730e-01  1.960e-01
 7.735e-01  2.148e-01
 7.740e-01  2.360e-01
 7.745e-01  2.602e-01
 7.750e-01  2.879e-01
 7.755e-01  3.195e-01
 7.760e-01  3.558e-01
 7.765e-01  3.974e-01
 7.770e-01  4.450e-01
 7.775e-01  4.994e-01
 7.780e-01  5.612e-01
 7.785e-01  6.304e-01
 7.790e-01  7.068e-01
 7.795e-01  7.889e-01
 7.800e-01  8.737e-01
 7.805e-01  9.565e-01
 7.810e-01  1.031e+00
 7.815e-01  1.088e+00
 7.820e-01  1.122e+00
 7.825e-01  1.127e+00
 7.830e-01  1.102e+00
 7.835e-01  1.052e+00
 7.840e-01  9.836e-01
 7.845e-01  9.039e-01
 7.850e-01  8.203e-01
 7.855e-01  7.380e-01
 7.860e-01  6.606e-01
 7.865e-01  5.898e-01
 7.870e-01  5.264e-01
 7.875e-01  4.702e-01
 7.880e-01  4.208e-01
 7.885e-01  3.775e-01
 7.890e-01  3.398e-01
 7.895e-01  3.067e-01
 7.900e-01  2.779e-01
 7.905e-01  2.525e-01
 7.910e-01  2.302e-01
 7.915e-01  2.106e-01
 7.920e-01  1.932e-01
 7.925e-01  1.778e-01
 7.930e-01  1.641e-01
 7.935e-01  1.518e-01
 7.940e-01  1.409e-01
 7.945e-01  1.310e-01
 7.950e-01  1.221e-01
 7.955e-01  1.141e-01
 7.960e-01  1.068e-01
 7.965e-01  1.001e-01
 7.970e-01  9.411e-02
 7.975e-01  8.859e-02
 7.980e-01  8.355e-02
 7.985e-01  7.891e-02
 7.990e-01  7.465e-02
 7.995e-01  7.072e-02
 8.000e-01  6.710e-02
 8.005e-01  6.374e-02
 8.010e-01  6.063e-02
 8.015e-01  5.774e-02
 8.020e-01  5.505e-02
 8.025e-01  5.255e-02
 8.030e-01  5.021e-02
 8.035e-01  4.803e-02
 8.040e-01  4.599e-02
 8.045e-01  4.407e-02
 8.050e-01  4.228e-02
 8.055e-01  4.059e-02
 8.060e-01  3.900e-02
 8.065e-01  3.750e-02
 8.070e-01  3.609e-02
 8.075e-01  3.476e-02
 8.080e-01  3.350e-02
 8.085e-01  3.231e-02
 8.090e-01  3.119e-02
 8.095e-01  3.012e-02
 8.100e-01  2.911e-02
 8.105e-01  2.814e-02
 8.110e-01  2.723e-02
 8.115e-01  2.636e-02
 8.120e-01  2.553e-02
 8.125e-01  2.474e-02
 8.130e-01  2.399e-02
 8.135e-01  2.327e-02
 8.140e-01  2.259e-02
 8.145e-01  2.193e-02
 8.150e-01  2.130e-02
 8.155e-01  2.070e-02
 8.160e-01  2.013e-02
 8.165e-01  1.958e-02
 8.170e-01  1.905e-02
 8.175e-01  1.855e-02
 8.180e-01  1.806e-02
 8.185e-01  1.760e-02
 8.190e-01  1.715e-02
 8.195e-01  1.672e-02
 8.200e-01  1.631e-02
 8.205e-01  1.591e-02
 8.210e-01  1.553e-02
 8.215e-01  1.516e-02
 8.220e-01  1.480e-02
 8.225e-01  1.446e-02
 8.230e-01  1.413e-02
 8.235e-01  1.381e-02
 8.240e-01  1.350e-02
 8.245e-01  1.320e-02
 8.250e-01  1.291e-02
 8.255e-01  1.264e-02
 8.260e-01  1.237e-02
 8.265e-01  1.211e-02
 8.270e-01  1.185e-02
 8.275e-01  1.161e-02
 8.280e-01  1.138e-02
 8.285e-01  1.115e-02
 8.290e-01  1.093e-02
 8.295e-01  1.071e-02
 8.300e-01  1.050e-02
 8.305e-01  1.030e-02
 8.310e-01  1.010e-02
 8.315e-01  9.914e-03
 8.320e-01  9.730e-03
 8.325e-01  9.550e-03
 8.330e-01  9.376e-03
 8.335e-01  9.207e-03
 8.340e-01  9.042e-03
 8.345e-01  8.882e-03
 8.350e-01  8.727e-03
 8.355e-01  8.575e-03
 8.360e-01  8.428e-03
 8.365e-01  8.285e-03
 8.370e-01  8.145e-03
 8.375e-01  8.009e-03
 8.380e-01  7.877e-03
 8.385e-01  7.748e-03
 8.390e-01  7.622e-03
 8.395e-01  7.499e-03
 8.400e-01  7.380e-03
 8.405e-01  7.263e-03
 8.410e-01  7.150e-03
 8.415e-01  7.039e-03
 8.420e-01  6.931e-03
 8.425e-01  6.825e-03
 8.430e-01  6.722e-03
 8.435e-01  6.621e-03
 8.440e-01  6.523e-03
 8.445e-01  6.427e-03
 8.450e-01  6.333e-03
 8.455e-01  6.242e-03
 8.460e-01  6.152e-03
 8.465e-01  6.065e-03
 8.470e-01  5.979e-03
 8.475e-01  5.895e-03
 8.480e-01  5.814e-03
 8.485e-01  5.734e-03
 8.490e-01  5.655e-03
 8.495e-01  5.579e-03
 8.500e-01  5.504e-03
 8.505e-01  5.430e-03
 8.510e-01  5.358e-03
 8.515e-01  5.288e-03
 8.520e-01  5.219e-03
 8.525e-01  5.151e-03
 8.530e-01  5.085e-03
 8.535e-01  5.020e-03
 8.540e-01  4.957e-03
 8.545e-01  4.895e-03
 8.550e-01  4.834e-03
 8.555e-01  4.774e-03
 8.560e-01  4.715e-03
 8.565e-01  4.658e-03
 8.570e-01  4.602e-03
 8.575e-01  4.546e-03
 8.580e-01  4.492e-03
 8.585e-01  4.439e-03
 8.590e-01  4.387e-03
 8.595e-01  4.335e-03
 8.600e-01  4.285e-03
 8.605e-01  4.236e-03
 8.610e-01  4.187e-03
 8.615e-01  4.140e-03
 8.620e-01  4.093e-03
 8.625e-01  4.047e-03
 8.630e-01  4.002e-03
 8.635e-01  3.958e-03
 8.640e-01  3.914e-03
 8.645e-01  3.872e-03
 8.650e-01  3.830e-03
 8.655e-01  3.788e-03
 8.660e-01  3.748e-03
 8.665e-01  3.708e-03
 8.670e-01  3.669e-03
 8.675e-01  3.630e-03
 8.680e-01  3.592e-03
 8.685e-01  3.555e-03
 8.690e-01  3.519e-03
 8.695e-01  3.483e-03
 8.700e-01  3.447e-03
 8.705e-01  3.412e-03
 8.710e-01  3.378e-03
 8.715e-01  3.344e-03
 8.720e-01  3.311e-03
 8.725e-01  3.278e-03
 8.730e-01  3.246e-03
 8.735e-01  3.215e-03
 8.740e-01  3.184e-03
 8.745e-01  3.153e-03
 8.750e-01  3.123e-03
 8.755e-01  3.093e-03
 8.760e-01  3.064e-03
 8.765e-01  3.035e-03
 8.770e-01  3.007e-03
 8.775e-01  2.979e-03
 8.780e-01  2.951e-03
 8.785e-01  2.924e-03
 8.790e-01  2.897e-03
 8.795e-01  2.871e-03
 8.800e-01  2.845e-03
 8.805e-01  2.819e-03
 8.810e-01  2.794e-03
 8.815e-01  2.769e-03
 8.820e-01  2.745e-03
 8.825e-01  2.721e-03
 8.830e-01  2.697e-03
 8.835e-01  2.673e-03
 8.840e-01  2.650e-03
 8.845e-01  2.628e-03
 8.850e-01  2.605e-03
 8.855e-01  2.583e-03
 8.860e-01  2.561e-03
 8.865e-01  2.539e-03
 8.870e-01  2.518e-03
 8.875e-01  2.497e-03
 8.880e-01  2.477e-03
 8.885e-01  2.456e-03
 8.890e-01  2.436e-03
 8.895e-01  2.416e-03
 8.900e-01  2.396e-03
 8.905e-01  2.378e-03
 8.910e-01  2.358e-03
 8.915e-01  2.340e-03
 8.920e-01  2.321e-03
 8.925e-01  2.302e-03
 8.930e-01  2.284e-03
 8.935e-01  2.266e-03
 8.940e-01  2.248e-03
 8.945e-01  2.231e-03
 8.950e-01  2.213e-03
 8.955e-01  2.196e-03
 8.960e-01  2.179e-03
 8.965e-01  2.163e-03
 8.970e-01  2.146e-03
 8.975e-01  2.130e-03
 8.980e-01  2.114e-03
 8.985e-01  2.098e-03
 8.990e-01  2.083e-03
 8.995e-01  2.067e-03
 9.000e-01  2.052e-03
 9.005e-01  2.037e-03
 9.010e-01  2.022e-03
 9.015e-01  2.007e-03
 9.020e-01  1.992e-03
 9.025e-01  1.978e-03
 9.030e-01  1.964e-03
 9.035e-01  1.950e-03
 9.040e-01  1.936e-03
 9.045e-01  1.922e-03
 9.050e-01  1.909e-03
 9.055e-01  1.895e-03
 9.060e-01  1.882e-03
 9.065e-01  1.869e-03
 9.070e-01  1.856e-03
 9.075e-01  1.843e-03
 9.080e-01  1.830e-03
 9.085e-01  1.818e-03
 9.090e-01  1.805e-03
 9.095e-01  1.793e-03
 9.100e-01  1.781e-03
 9.105e-01  1.769e-03
 9.110e-01  1.757e-03
 9.115e-01  1.746e-03
 9.120e-01  1.734e-03
 9.125e-01  1.723e-03
 9.130e-01  1.711e-03
 9.135e-01  1.700e-03
 9.140e-01  1.689e-03
 9.145e-01  1.678e-03
 9.150e-01  1.667e-03
 9.155e-01  1.656e-03
 9.160e-01  1.646e-03
 9.165e-01  1.635e-03
 9.170e-01  1.625e-03
 9.175e-01  1.615e-03
 9.180e-01  1.605e-03
 9.185e-01  1.594e-03
 9.190e-01  1.584e-03
 9.195e-01  1.575e-03
 9.200e-01  1.565e-03
 9.205e-01  1.555e-03
 9.210e-01  1.546e-03
 9.215e-01  1.536e-03
 9.220e-01  1.527e-03
 9.225e-01  1.518e-03
 9.230e-01  1.508e-03
 9.235e-01  1.499e-03
 9.240e-01  1.490e-03
 9.245e-01  1.481e-03
 9.250e-01  1.473e-03
 9.255e-01  1.464e-03
 9.260e-01  1.455e-03
 9.265e-01  1.447e-03
 9.270e-01  1.438e-03
 9.275e-01  1.430e-03
 9.280e-01  1.422e-03
 9.285e-01  1.413e-03
 9.290e-01  1.405e-03
 9.295e-01  1.397e-03
 9.300e-01  1.389e-03
 9.305e-01  1.381e-03
 9.310e-01  1.373e-03
 9.315e-01  1.366e-03
 9.320e-01  1.358e-03
 9.325e-01  1.350e-03
 9.330e-01  1.343e-03
 9.335e-01  1.335e-03
 9.340e-01  1.328e-03
 9.345e-01  1.320e-03
 9.350e-01  1.313e-03
 9.355e-01  1.306e-03
 9.360e-01  1.299e-03
 9.365e-01  1.292e-03
 9.370e-01  1.285e-03
 9.375e-01  1.278e-03
 9.380e-01  1.271e-03
 9.385e-01  1.264e-03
 9.390e-01  1.257e-03
 9.395e-01  1.251e-03
 9.400e-01  1.244e-03
 9.405e-01  1.237e-03
 9.410e-01  1.231e-03
 9.415e-01  1.224e-03
 9.420e-01  1.218e-03
 9.425e-01  1.212e-03
 9.430e-01  1.205e-03
 9.435e-01  1.199e-03
 9.440e-01  1.193e-03
 9.445e-01  1.187e-03
 9.450e-01  1.181e-03
 9.455e-01  1.175e-03
 9.460e-01  1.169e-03
 9.465e-01  1.163e-03
 9.470e-01  1.157e-03
 9.475e-01  1.151e-03
 9.480e-01  1.145e-03
 9.485e-01  1.140e-03
 9.490e-01  1.134e-03
 9.495e-01  1.128e-03
 9.500e-01  1.123e-03
 9.505e-01  1.117e-03
 9.510e-01  1.112e-03
 9.515e-01  1.106e-03
 9.520e-01  1.101e-03
 9.525e-01  1.096e-03
 9.530e-01  1.090e-03
 9.535e-01  1.085e-03
 9.540e-01  1.080e-03
 9.545e-01  1.075e-03
 9.550e-01  1.069e-03
 9.555e-01  1.064e-03
 9.560e-01  1.059e-03
 9.565e-01  1.054e-03
 9.570e-01  1.049e-03
 9.575e-01  1.044e-03
 9.580e-01  1.039e-03
 9.585e-01  1.035e-03
 9.590e-01  1.030e-03
 9.595e-01  1.025e-03
 9.600e-01  1.020e-03
 9.605e-01  1.016e-03
 9.610e-01  1.011e-03
 9.615e-01  1.006e-03
 9.620e-01  1.002e-03
 9.625e-01  9.971e-04
 9.630e-01  9.926e-04
 9.635e-01  9.881e-04
 9.640e-01  9.836e-04
 9.645e-01  9.792e-04
 9.650e-01  9.748e-04
 9.655e-01  9.705e-04
 9.660e-01  9.661e-04
 9.665e-01  9.618e-04
 9.670e-01  9.576e-04
 9.675e-01  9.534e-04
 9.680e-01  9.492e-04
 9.685e-01  9.450e-04
 9.690e-01  9.409e-04
 9.695e-01  9.368e-04
 9.700e-01  9.327e-04
 9.705e-01  9.287e-04
 9.710e-01  9.247e-04
 9.715e-01  9.207e-04
 9.720e-01  9.168e-04
 9.725e-01  9.128e-04
 9.730e-01  9.089e-04
 9.735e-01  9.051e-04
 9.740e-01  9.013e-04
 9.745e-01  8.974e-04
 9.750e-01  8.937e-04
 9.755e-01  8.899e-04
 9.760e-01  8.862e-04
 9.765e-01  8.825e-04
 9.770e-01  8.788e-04
 9.775e-01  8.752e-04
 9.780e-01  8.716e-04
 9.785e-01  8.680e-04
 9.790e-01  8.644e-04
 9.795e-01  8.609e-04
 9.800e-01  8.573e-04
 9.805e-01  8.538e-04
 9.810e-01  8.504e-04
 9.815e-01  8.469e-04
 9.820e-01  8.435e-04
 9.825e-01  8.401e-04
 9.830e-01  8.367e-04
 9.835e-01  8.334e-04
 9.840e-01  8.301e-04
 9.845e-01  8.268e-04
 9.850e-01  8.235e-04
 9.855e-01  8.202e-04
 9.860e-01  8.170e-04
 9.865e-01  8.138e-04
 9.870e-01  8.106e-04
 9.875e-01  8.074e-04
 9.880e-01  8.042e-04
 9.885e-01  8.011e-04
 9.890e-01  7.980e-04
 9.895e-01  7.949e-04
 9.900e-01  7.919e-04
 9.905e-01  7.888e-04
 9.910e-01  7.858e-04
 9.915e-01  7.828e-04
 9.920e-01  7.798e-04
 9.925e-01  7.768e-04
 9.930e-01  7.739e-04
 9.935e-01  7.710e-04
 9.940e-01  7.681e-04
 9.945e-01  7.652e-04
 9.950e-01  7.623e-04
 9.955e-01  7.594e-04
 9.960e-01  7.566e-04
 9.965e-01  7.538e-04
 9.970e-01  7.510e-04
 9.975e-01  7.482e-04
 9.980e-01  7.455e-04
 9.985e-01  7.427e-04
 9.990e-01  7.400e-04
 9.995e-01  7.373e-04
 1.000e+00  7.346e-04
 1.000e+00  7.319e-04
 1.001e+00  7.293e-04
 1.002e+00  7.266e-04
 1.002e+00  7.240e-04
 1.002e+00  7.214e-04
 1.003e+00  7.188e-04
 1.004e+00  7.162e-04
 1.004e+00  7.137e-04
 1.004e+00  7.111e-04
 1.005e+00  7.086e-04
 1.006e+00  7.061e-04
 1.006e+00  7.036e-04
 1.006e+00  7.011e-04
 1.007e+00  6.986e-04
 1.008e+00  6.962e-04
 1.008e+00  6.938e-04
 1.008e+00  6.913e-04
 1.009e+00  6.889e-04
 1.010e+00  6.865e-04
 1.010e+00  6.842e-04
 1.010e+00  6.818e-04
 1.011e+00  6.795e-04
 1.012e+00  6.771e-04
 1.012e+00  6.748e-04
 1.012e+00  6.725e-04
 1.013e+00  6.702e-04
 1.014e+00  6.679e-04
 1.014e+00  6.657e-04
 1.014e+00  6.634e-04
 1.015e+00  6.612e-04
 1.016e+00  6.589e-04
 1.016e+00  6.567e-04
 1.016e+00  6.545e-04
 1.017e+00  6.523e-04
 1.018e+00  6.502e-04
 1.018e+00  6.480e-04
 1.018e+00  6.459e-04
 1.019e+00  6.437e-04
 1.020e+00  6.416e-04
 1.020e+00  6.395e-04
 1.020e+00  6.374e-04
 1.021e+00  6.353e-04
 1.022e+00  6.332e-04
 1.022e+00  6.312e-04
 1.022e+00  6.291e-04
 1.023e+00  6.271e-04
 1.024e+00  6.251e-04
 1.024e+00  6.230e-04
 1.024e+00  6.210e-04
 1.025e+00  6.190e-04
 1.026e+00  6.171e-04
 1.026e+00  6.151e-04
 1.026e+00  6.131e-04
 1.027e+00  6.112e-04
 1.028e+00  6.092e-04
 1.028e+00  6.073e-04
 1.028e+00  6.054e-04
 1.029e+00  6.035e-04
 1.030e+00  6.016e-04
 1.030e+00  5.997e-04
 1.030e+00  5.978e-04
 1.031e+00  5.960e-04
 1.032e+00  5.941e-04
 1.032e+00  5.923e-04
 1.032e+00  5.905e-04
 1.033e+00  5.886e-04
 1.034e+00  5.868e-04
 1.034e+00  5.850e-04
 1.034e+00  5.832e-04
 1.035e+00  5.814e-04
 1.036e+00  5.797e-04
 1.036e+00  5.779e-04
 1.036e+00  5.761e-04
 1.037e+00  5.744e-04
 1.038e+00  5.727e-04
 1.038e+00  5.709e-04
 1.038e+00  5.692e-04
 1.039e+00  5.675e-04
 1.040e+00  5.658e-04
 1.040e+00  5.641e-04
 1.040e+00  5.624e-04
 1.041e+00  5.608e-04
 1.042e+00  5.591e-04
 1.042e+00  5.574e-04
 1.042e+00  5.558e-04
 1.043e+00  5.542e-04
 1.044e+00  5.525e-04
 1.044e+00  5.509e-04
 1.044e+00  5.493e-04
 1.045e+00  5.477e-04
 1.046e+00  5.461e-04
 1.046e+00  5.445e-04
 1.046e+00  5.429e-04
 1.047e+00  5.414e-04
 1.048e+00  5.398e-04
 1.048e+00  5.382e-04
 1.048e+00  5.367e-04
 1.049e+00  5.352e-04
 1.050e+00  5.336e-04
 1.050e+00  5.321e-04
 1.050e+00  5.306e-04
 1.051e+00  5.291e-04
 1.052e+00  5.276e-04
 1.052e+00  5.261e-04
 1.052e+00  5.246e-04
 1.053e+00  5.231e-04
 1.054e+00  5.217e-04
 1.054e+00  5.202e-04
 1.054e+00  5.187e-04
 1.055e+00  5.173e-04
 1.056e+00  5.159e-04
 1.056e+00  5.144e-04
 1.056e+00  5.130e-04
 1.057e+00  5.116e-04
 1.058e+00  5.102e-04
 1.058e+00  5.088e-04
 1.058e+00  5.074e-04
 1.059e+00  5.060e-04
 1.060e+00  5.046e-04
 1.060e+00  5.032e-04
 1.060e+00  5.018e-04
 1.061e+00  5.005e-04
 1.062e+00  4.991e-04
 1.062e+00  4.978e-04
 1.062e+00  4.964e-04
 1.063e+00  4.951e-04
 1.064e+00  4.937e-04
 1.064e+00  4.924e-04
 1.065e+00  4.911e-04
 1.065e+00  4.898e-04
 1.066e+00  4.885e-04
 1.066e+00  4.872e-04
 1.067e+00  4.859e-04
 1.067e+00  4.846e-04
 1.068e+00  4.833e-04
 1.068e+00  4.820e-04
 1.069e+00  4.808e-04
 1.069e+00  4.795e-04
 1.070e+00  4.782e-04
 1.070e+00  4.770e-04
 1.071e+00  4.757e-04
 1.071e+00  4.745e-04
 1.072e+00  4.733e-04
 1.072e+00  4.720e-04
 1.073e+00  4.708e-04
 1.073e+00  4.696e-04
 1.074e+00  4.684e-04
 1.074e+00  4.672e-04
 1.075e+00  4.660e-04
 1.075e+00  4.648e-04
 1.076e+00  4.636e-04
 1.076e+00  4.624e-04
 1.077e+00  4.612e-04
 1.077e+00  4.601e-04
 1.078e+00  4.589e-04
 1.078e+00  4.577e-04
 1.079e+00  4.566e-04
 1.079e+00  4.554e-04
 1.080e+00  4.543e-04
 1.080e+00  4.532e-04
 1.081e+00  4.520e-04
 1.081e+00  4.509e-04
 1.082e+00  4.498e-04
 1.082e+00  4.486e-04
 1.083e+00  4.475e-04
 1.083e+00  4.464e-04
 1.084e+00  4.453e-04
 1.084e+00  4.442e-04
 1.085e+00  4.431e-04
 1.085e+00  4.420e-04
 1.086e+00  4.409e-04
 1.086e+00  4.399e-04
 1.087e+00  4.388e-04
 1.087e+00  4.377e-04
 1.088e+00  4.366e-04
 1.088e+00  4.356e-04
 1.089e+00  4.345e-04
 1.089e+00  4.335e-04
 1.089e+00  4.324e-04
 1.090e+00  4.314e-04
 1.091e+00  4.303e-04
 1.091e+00  4.293e-04
 1.091e+00  4.283e-04
 1.092e+00  4.273e-04
 1.093e+00  4.262e-04
 1.093e+00  4.252e-04
 1.093e+00  4.242e-04
 1.094e+00  4.232e-04
 1.095e+00  4.222e-04
 1.095e+00  4.212e-04
 1.095e+00  4.202e-04
 1.096e+00  4.192e-04
 1.097e+00  4.182e-04
 1.097e+00  4.172e-04
 1.097e+00  4.163e-04
 1.098e+00  4.153e-04
 1.099e+00  4.143e-04
 1.099e+00  4.134e-04
 1.099e+00  4.124e-04
 1.100e+00  4.114e-04
 1.101e+00  4.105e-04
 1.101e+00  4.095e-04
 1.101e+00  4.086e-04
 1.102e+00  4.077e-04
 1.103e+00  4.067e-04
 1.103e+00  4.058e-04
 1.103e+00  4.049e-04
 1.104e+00  4.039e-04
 1.105e+00  4.030e-04
 1.105e+00  4.021e-04
 1.105e+00  4.012e-04
 1.106e+00  4.003e-04
 1.107e+00  3.994e-04
 1.107e+00  3.985e-04
 1.107e+00  3.976e-04
 1.108e+00  3.967e-04
 1.109e+00  3.958e-04
 1.109e+00  3.949e-04
 1.109e+00  3.940e-04
 1.110e+00  3.931e-04
 1.111e+00  3.923e-04
 1.111e+00  3.914e-04
 1.111e+00  3.905e-04
 1.112e+00  3.897e-04
 1.113e+00  3.888e-04
 1.113e+00  3.879e-04
 1.113e+00  3.871e-04
 1.114e+00  3.862e-04
 1.115e+00  3.854e-04
 1.115e+00  3.845e-04
 1.115e+00  3.837e-04
 1.116e+00  3.829e-04
 1.117e+00  3.820e-04
 1.117e+00  3.812e-04
 1.117e+00  3.804e-04
 1.118e+00  3.795e-04
 1.119e+00  3.787e-04
 1.119e+00  3.779e-04
 1.119e+00  3.771e-04
 1.120e+00  3.763e-04
 1.121e+00  3.755e-04
 1.121e+00  3.747e-04
 1.121e+00  3.739e-04
 1.122e+00  3.731e-04
 1.123e+00  3.723e-04
 1.123e+00  3.715e-04
 1.123e+00  3.707e-04
 1.124e+00  3.699e-04
 1.125e+00  3.691e-04
 1.125e+00  3.683e-04
 1.125e+00  3.676e-04
 1.126e+00  3.668e-04
 1.127e+00  3.660e-04
 1.127e+00  3.652e-04
 1.127e+00  3.645e-04
 1.128e+00  3.637e-04
 1.129e+00  3.630e-04
 1.129e+00  3.622e-04
 1.129e+00  3.614e-04
 1.130e+00  3.607e-04
 1.131e+00  3.599e-04
 1.131e+00  3.592e-04
 1.131e+00  3.585e-04
 1.132e+00  3.577e-04
 1.133e+00  3.570e-04
 1.133e+00  3.563e-04
 1.133e+00  3.555e-04
 1.134e+00  3.548e-04
 1.135e+00  3.541e-04
 1.135e+00  3.533e-04
 1.135e+00  3.526e-04
 1.136e+00  3.519e-04
 1.137e+00  3.512e-04
 1.137e+00  3.505e-04
 1.137e+00  3.498e-04
 1.138e+00  3.491e-04
 1.139e+00  3.484e-04
 1.139e+00  3.477e-04
 1.139e+00  3.470e-04
 1.140e+00  3.463e-04
 1.141e+00  3.456e-04
 1.141e+00  3.449e-04
 1.141e+00  3.442e-04
 1.142e+00  3.435e-04
 1.143e+00  3.428e-04
 1.143e+00  3.422e-04
 1.143e+00  3.415e-04
 1.144e+00  3.408e-04
 1.145e+00  3.401e-04
 1.145e+00  3.395e-04
 1.145e+00  3.388e-04
 1.146e+00  3.381e-04
 1.147e+00  3.375e-04
 1.147e+00  3.368e-04
 1.147e+00  3.361e-04
 1.148e+00  3.355e-04
 1.149e+00  3.348e-04
 1.149e+00  3.342e-04
 1.149e+00  3.335e-04
 1.150e+00  3.329e-04
 1.151e+00  3.323e-04
 1.151e+00  3.316e-04
 1.151e+00  3.310e-04
 1.152e+00  3.303e-04
 1.153e+00  3.297e-04
 1.153e+00  3.291e-04
 1.153e+00  3.284e-04
 1.154e+00  3.278e-04
 1.155e+00  3.272e-04
 1.155e+00  3.266e-04
 1.155e+00  3.259e-04
 1.156e+00  3.253e-04
 1.157e+00  3.247e-04
 1.157e+00  3.241e-04
 1.157e+00  3.235e-04
 1.158e+00  3.229e-04
 1.159e+00  3.223e-04
 1.159e+00  3.217e-04
 1.159e+00  3.211e-04
 1.160e+00  3.205e-04
 1.161e+00  3.199e-04
 1.161e+00  3.193e-04
 1.161e+00  3.187e-04
 1.162e+00  3.181e-04
 1.163e+00  3.175e-04
 1.163e+00  3.169e-04
 1.163e+00  3.163e-04
 1.164e+00  3.157e-04
 1.165e+00  3.151e-04
 1.165e+00  3.146e-04
 1.165e+00  3.140e-04
 1.166e+00  3.134e-04
 1.167e+00  3.128e-04
 1.167e+00  3.123e-04
 1.167e+00  3.117e-04
 1.168e+00  3.111e-04
 1.169e+00  3.105e-04
 1.169e+00  3.100e-04
 1.169e+00  3.094e-04
 1.170e+00  3.089e-04
 1.171e+00  3.083e-04
 1.171e+00  3.077e-04
 1.171e+00  3.072e-04
 1.172e+00  3.066e-04
 1.173e+00  3.061e-04
 1.173e+00  3.055e-04
 1.173e+00  3.050e-04
 1.174e+00  3.044e-04
 1.175e+00  3.039e-04
 1.175e+00  3.034e-04
 1.175e+00  3.028e-04
 1.176e+00  3.023e-04
 1.177e+00  3.017e-04
 1.177e+00  3.012e-04
 1.177e+00  3.007e-04
 1.178e+00  3.001e-04
 1.179e+00  2.996e-04
 1.179e+00  2.991e-04
 1.179e+00  2.986e-04
 1.180e+00  2.980e-04
 1.181e+00  2.975e-04
 1.181e+00  2.970e-04
 1.181e+00  2.965e-04
 1.182e+00  2.960e-04
 1.183e+00  2.954e-04
 1.183e+00  2.949e-04
 1.183e+00  2.944e-04
 1.184e+00  2.939e-04
 1.185e+00  2.934e-04
 1.185e+00  2.929e-04
 1.185e+00  2.924e-04
 1.186e+00  2.919e-04
 1.187e+00  2.914e-04
 1.187e+00  2.909e-04
 1.188e+00  2.904e-04
 1.188e+00  2.899e-04
 1.189e+00  2.894e-04
 1.189e+00  2.889e-04
 1.190e+00  2.884e-04
 1.190e+00  2.879e-04
 1.191e+00  2.874e-04
 1.191e+00  2.869e-04
 1.192e+00  2.865e-04
 1.192e+00  2.860e-04
 1.193e+00  2.855e-04
 1.193e+00  2.850e-04
 1.194e+00  2.845e-04
 1.194e+00  2.840e-04
 1.195e+00  2.836e-04
 1.195e+00  2.831e-04
 1.196e+00  2.826e-04
 1.196e+00  2.822e-04
 1.197e+00  2.817e-04
 1.197e+00  2.812e-04
 1.198e+00  2.807e-04
 1.198e+00  2.803e-04
 1.199e+00  2.798e-04
 1.199e+00  2.794e-04
 1.200e+00  2.789e-04
 1.200e+00  2.784e-04
 1.201e+00  2.780e-04
 1.201e+00  2.775e-04
 1.202e+00  2.771e-04
 1.202e+00  2.766e-04
 1.203e+00  2.762e-04
 1.203e+00  2.757e-04
 1.204e+00  2.752e-04
 1.204e+00  2.748e-04
 1.205e+00  2.744e-04
 1.205e+00  2.739e-04
 1.206e+00  2.735e-04
 1.206e+00  2.730e-04
 1.207e+00  2.726e-04
 1.207e+00  2.721e-04
 1.208e+00  2.717e-04
 1.208e+00  2.713e-04
 1.209e+00  2.708e-04
 1.209e+00  2.704e-04
 1.210e+00  2.700e-04
 1.210e+00  2.695e-04
 1.211e+00  2.691e-04
 1.211e+00  2.687e-04
 1.212e+00  2.682e-04
 1.212e+00  2.678e-04
 1.213e+00  2.674e-04
 1.213e+00  2.670e-04
 1.214e+00  2.665e-04
 1.214e+00  2.661e-04
 1.215e+00  2.657e-04
 1.215e+00  2.653e-04
 1.216e+00  2.649e-04
 1.216e+00  2.644e-04
 1.216e+00  2.640e-04
 1.217e+00  2.636e-04
 1.218e+00  2.632e-04
 1.218e+00  2.628e-04
 1.218e+00  2.624e-04
 1.219e+00  2.620e-04
 1.220e+00  2.616e-04
 1.220e+00  2.612e-04
 1.220e+00  2.608e-04
 1.221e+00  2.604e-04
 1.222e+00  2.599e-04
 1.222e+00  2.595e-04
 1.222e+00  2.591e-04
 1.223e+00  2.587e-04
 1.224e+00  2.583e-04
 1.224e+00  2.580e-04
 1.224e+00  2.576e-04
 1.225e+00  2.572e-04
 1.226e+00  2.568e-04
 1.226e+00  2.564e-04
 1.226e+00  2.560e-04
 1.227e+00  2.556e-04
 1.228e+00  2.552e-04
 1.228e+00  2.548e-04
 1.228e+00  2.544e-04
 1.229e+00  2.540e-04
 1.230e+00  2.537e-04
 1.230e+00  2.533e-04
 1.230e+00  2.529e-04
 1.231e+00  2.525e-04
 1.232e+00  2.521e-04
 1.232e+00  2.518e-04
 1.232e+00  2.514e-04
 1.233e+00  2.510e-04
 1.234e+00  2.506e-04
 1.234e+00  2.503e-04
 1.234e+00  2.499e-04
 1.235e+00  2.495e-04
 1.236e+00  2.491e-04
 1.236e+00  2.488e-04
 1.236e+00  2.484e-04
 1.237e+00  2.480e-04
 1.238e+00  2.477e-04
 1.238e+00  2.473e-04
 1.238e+00  2.469e-04
 1.239e+00  2.466e-04
 1.240e+00  2.462e-04
 1.240e+00  2.459e-04
 1.240e+00  2.455e-04
 1.241e+00  2.451e-04
 1.242e+00  2.448e-04
 1.242e+00  2.444e-04
 1.242e+00  2.441e-04
 1.243e+00  2.437e-04
 1.244e+00  2.434e-04
 1.244e+00  2.430e-04
 1.244e+00  2.426e-04
 1.245e+00  2.423e-04
 1.246e+00  2.419e-04
 1.246e+00  2.416e-04
 1.246e+00  2.413e-04
 1.247e+00  2.409e-04
 1.248e+00  2.406e-04
 1.248e+00  2.402e-04
 1.248e+00  2.399e-04
 1.249e+00  2.395e-04
 1.250e+00  2.392e-04
 1.250e+00  2.388e-04
 1.250e+00  2.385e-04
 1.251e+00  2.382e-04
 1.252e+00  2.378e-04
 1.252e+00  2.375e-04
 1.252e+00  2.371e-04
 1.253e+00  2.368e-04
 1.254e+00  2.365e-04
 1.254e+00  2.361e-04
 1.254e+00  2.358e-04
 1.255e+00  2.355e-04
 1.256e+00  2.351e-04
 1.256e+00  2.348e-04
 1.256e+00  2.345e-04
 1.257e+00  2.342e-04
 1.258e+00  2.338e-04
 1.258e+00  2.335e-04
 1.258e+00  2.332e-04
 1.259e+00  2.329e-04
 1.260e+00  2.325e-04
 1.260e+00  2.322e-04
 1.260e+00  2.319e-04
 1.261e+00  2.316e-04
 1.262e+00  2.312e-04
 1.262e+00  2.309e-04
 1.262e+00  2.306e-04
 1.263e+00  2.303e-04
 1.264e+00  2.300e-04
 1.264e+00  2.297e-04
 1.264e+00  2.293e-04
 1.265e+00  2.290e-04
 1.266e+00  2.287e-04
 1.266e+00  2.284e-04
 1.266e+00  2.281e-04
 1.267e+00  2.278e-04
 1.268e+00  2.275e-04
 1.268e+00  2.272e-04
 1.268e+00  2.269e-04
 1.269e+00  2.265e-04
 1.270e+00  2.262e-04
 1.270e+00  2.259e-04
 1.270e+00  2.256e-04
 1.271e+00  2.253e-04
 1.272e+00  2.250e-04
 1.272e+00  2.247e-04
 1.272e+00  2.244e-04
 1.273e+00  2.241e-04
 1.274e+00  2.238e-04
 1.274e+00  2.235e-04
 1.274e+00  2.232e-04
 1.275e+00  2.229e-04
 1.276e+00  2.226e-04
 1.276e+00  2.223e-04
 1.276e+00  2.220e-04
 1.277e+00  2.217e-04
 1.278e+00  2.214e-04
 1.278e+00  2.212e-04
 1.278e+00  2.209e-04
 1.279e+00  2.206e-04
 1.280e+00  2.203e-04
 1.280e+00  2.200e-04
 1.280e+00  2.197e-04
 1.281e+00  2.194e-04
 1.282e+00  2.191e-04
 1.282e+00  2.188e-04
 1.282e+00  2.185e-04
 1.283e+00  2.183e-04
 1.284e+00  2.180e-04
 1.284e+00  2.177e-04
 1.284e+00  2.174e-04
 1.285e+00  2.171e-04
 1.286e+00  2.168e-04
 1.286e+00  2.166e-04
 1.286e+00  2.163e-04
 1.287e+00  2.160e-04
 1.288e+00  2.157e-04
 1.288e+00  2.154e-04
 1.288e+00  2.152e-04
 1.289e+00  2.149e-04
 1.290e+00  2.146e-04
 1.290e+00  2.143e-04
 1.290e+00  2.141e-04
 1.291e+00  2.138e-04
 1.292e+00  2.135e-04
 1.292e+00  2.132e-04
 1.292e+00  2.130e-04
 1.293e+00  2.127e-04
 1.294e+00  2.124e-04
 1.294e+00  2.122e-04
 1.294e+00  2.119e-04
 1.295e+00  2.116e-04
 1.296e+00  2.114e-04
 1.296e+00  2.111e-04
 1.296e+00  2.108e-04
 1.297e+00  2.106e-04
 1.298e+00  2.103e-04
 1.298e+00  2.100e-04
 1.298e+00  2.098e-04
 1.299e+00  2.095e-04
 1.300e+00  2.092e-04
 1.300e+00  2.090e-04
 1.300e+00  2.087e-04
 1.301e+00  2.085e-04
 1.302e+00  2.082e-04
 1.302e+00  2.079e-04
 1.302e+00  2.077e-04
 1.303e+00  2.074e-04
 1.304e+00  2.072e-04
 1.304e+00  2.069e-04
 1.304e+00  2.067e-04
 1.305e+00  2.064e-04
 1.306e+00  2.061e-04
 1.306e+00  2.059e-04
 1.306e+00  2.056e-04
 1.307e+00  2.054e-04
 1.308e+00  2.051e-04
 1.308e+00  2.049e-04
 1.308e+00  2.046e-04
 1.309e+00  2.044e-04
 1.310e+00  2.041e-04
 1.310e+00  2.039e-04
 1.310e+00  2.036e-04
 1.311e+00  2.034e-04
 1.312e+00  2.031e-04
 1.312e+00  2.029e-04
 1.312e+00  2.026e-04
 1.313e+00  2.024e-04
 1.314e+00  2.022e-04
 1.314e+00  2.019e-04
 1.315e+00  2.017e-04
 1.315e+00  2.014e-04
 1.316e+00  2.012e-04
 1.316e+00  2.009e-04
 1.317e+00  2.007e-04
 1.317e+00  2.005e-04
 1.318e+00  2.002e-04
 1.318e+00  2.000e-04
 1.319e+00  1.997e-04
 1.319e+00  1.995e-04
 1.320e+00  1.993e-04
 1.320e+00  1.990e-04
 1.321e+00  1.988e-04
 1.321e+00  1.986e-04
 1.322e+00  1.983e-04
 1.322e+00  1.981e-04
 1.323e+00  1.978e-04
 1.323e+00  1.976e-04
 1.324e+00  1.974e-04
 1.324e+00  1.971e-04
 1.325e+00  1.969e-04
 1.325e+00  1.967e-04
 1.326e+00  1.965e-04
 1.326e+00  1.962e-04
 1.327e+00  1.960e-04
 1.327e+00  1.958e-04
 1.328e+00  1.955e-04
 1.328e+00  1.953e-04
 1.329e+00  1.951e-04
 1.329e+00  1.948e-04
 1.330e+00  1.946e-04
 1.330e+00  1.944e-04
 1.331e+00  1.942e-04
 1.331e+00  1.939e-04
 1.332e+00  1.937e-04
 1.332e+00  1.935e-04
 1.333e+00  1.933e-04
 1.333e+00  1.930e-04
 1.334e+00  1.928e-04
 1.334e+00  1.926e-04
 1.335e+00  1.924e-04
 1.335e+00  1.922e-04
 1.336e+00  1.919e-04
 1.336e+00  1.917e-04
 1.337e+00  1.915e-04
 1.337e+00  1.913e-04
 1.338e+00  1.911e-04
 1.338e+00  1.908e-04
 1.339e+00  1.906e-04
 1.339e+00  1.904e-04
 1.340e+00  1.902e-04
 1.340e+00  1.900e-04
 1.341e+00  1.898e-04
 1.341e+00  1.895e-04
 1.342e+00  1.893e-04
 1.342e+00  1.891e-04
 1.343e+00  1.889e-04
 1.343e+00  1.887e-04
 1.344e+00  1.885e-04
 1.344e+00  1.883e-04
 1.345e+00  1.881e-04
 1.345e+00  1.878e-04
 1.345e+00  1.876e-04
 1.346e+00  1.874e-04
 1.347e+00  1.872e-04
 1.347e+00  1.870e-04
 1.347e+00  1.868e-04
 1.348e+00  1.866e-04
 1.349e+00  1.864e-04
 1.349e+00  1.862e-04
 1.349e+00  1.860e-04
 1.350e+00  1.858e-04
 1.351e+00  1.856e-04
 1.351e+00  1.853e-04
 1.351e+00  1.851e-04
 1.352e+00  1.849e-04
 1.353e+00  1.847e-04
 1.353e+00  1.845e-04
 1.353e+00  1.843e-04
 1.354e+00  1.841e-04
 1.355e+00  1.839e-04
 1.355e+00  1.837e-04
 1.355e+00  1.835e-04
 1.356e+00  1.833e-04
 1.357e+00  1.831e-04
 1.357e+00  1.829e-04
 1.357e+00  1.827e-04
 1.358e+00  1.825e-04
 1.359e+00  1.823e-04
 1.359e+00  1.821e-04
 1.359e+00  1.819e-04
 1.360e+00  1.817e-04
 1.361e+00  1.815e-04
 1.361e+00  1.813e-04
 1.361e+00  1.811e-04
 1.362e+00  1.809e-04
 1.363e+00  1.807e-04
 1.363e+00  1.806e-04
 1.363e+00  1.804e-04
 1.364e+00  1.802e-04
 1.365e+00  1.800e-04
 1.365e+00  1.798e-04
 1.365e+00  1.796e-04
 1.366e+00  1.794e-04
 1.367e+00  1.792e-04
 1.367e+00  1.790e-04
 1.367e+00  1.788e-04
 1.368e+00  1.786e-04
 1.369e+00  1.784e-04
 1.369e+00  1.782e-04
 1.369e+00  1.781e-04
 1.370e+00  1.779e-04
 1.371e+00  1.777e-04
 1.371e+00  1.775e-04
 1.371e+00  1.773e-04
 1.372e+00  1.771e-04
 1.373e+00  1.769e-04
 1.373e+00  1.767e-04
 1.373e+00  1.766e-04
 1.374e+00  1.764e-04
 1.375e+00  1.762e-04
 1.375e+00  1.760e-04
 1.375e+00  1.758e-04
 1.376e+00  1.756e-04
 1.377e+00  1.754e-04
 1.377e+00  1.753e-04
 1.377e+00  1.751e-04
 1.378e+00  1.749e-04
 1.379e+00  1.747e-04
 1.379e+00  1.745e-04
 1.379e+00  1.743e-04
 1.380e+00  1.742e-04
 1.381e+00  1.740e-04
 1.381e+00  1.738e-04
 1.381e+00  1.736e-04
 1.382e+00  1.734e-04
 1.383e+00  1.733e-04
 1.383e+00  1.731e-04
 1.383e+00  1.729e-04
 1.384e+00  1.727e-04
 1.385e+00  1.726e-04
 1.385e+00  1.724e-04
 1.385e+00  1.722e-04
 1.386e+00  1.720e-04
 1.387e+00  1.718e-04
 1.387e+00  1.717e-04
 1.387e+00  1.715e-04
 1.388e+00  1.713e-04
 1.389e+00  1.711e-04
 1.389e+00  1.710e-04
 1.389e+00  1.708e-04
 1.390e+00  1.706e-04
 1.391e+00  1.704e-04
 1.391e+00  1.703e-04
 1.391e+00  1.701e-04
 1.392e+00  1.699e-04
 1.393e+00  1.698e-04
 1.393e+00  1.696e-04
 1.393e+00  1.694e-04
 1.394e+00  1.692e-04
 1.395e+00  1.691e-04
 1.395e+00  1.689e-04
 1.395e+00  1.687e-04
 1.396e+00  1.686e-04
 1.397e+00  1.684e-04
 1.397e+00  1.682e-04
 1.397e+00  1.681e-04
 1.398e+00  1.679e-04
 1.399e+00  1.677e-04
 1.399e+00  1.676e-04
 1.399e+00  1.674e-04
 1.400e+00  1.672e-04
 1.401e+00  1.670e-04
 1.401e+00  1.669e-04
 1.401e+00  1.667e-04
 1.402e+00  1.666e-04
 1.403e+00  1.664e-04
 1.403e+00  1.662e-04
 1.403e+00  1.661e-04
 1.404e+00  1.659e-04
 1.405e+00  1.657e-04
 1.405e+00  1.656e-04
 1.405e+00  1.654e-04
 1.406e+00  1.652e-04
 1.407e+00  1.651e-04
 1.407e+00  1.649e-04
 1.407e+00  1.648e-04
 1.408e+00  1.646e-04
 1.409e+00  1.644e-04
 1.409e+00  1.643e-04
 1.409e+00  1.641e-04
 1.410e+00  1.639e-04
 1.411e+00  1.638e-04
 1.411e+00  1.636e-04
 1.411e+00  1.635e-04
 1.412e+00  1.633e-04
 1.413e+00  1.631e-04
 1.413e+00  1.630e-04
 1.413e+00  1.628e-04
 1.414e+00  1.627e-04
 1.415e+00  1.625e-04
 1.415e+00  1.624e-04
 1.415e+00  1.622e-04
 1.416e+00  1.620e-04
 1.417e+00  1.619e-04
 1.417e+00  1.617e-04
 1.417e+00  1.616e-04
 1.418e+00  1.614e-04
 1.419e+00  1.613e-04
 1.419e+00  1.611e-04
 1.419e+00  1.610e-04
 1.420e+00  1.608e-04
 1.421e+00  1.606e-04
 1.421e+00  1.605e-04
 1.421e+00  1.603e-04
 1.422e+00  1.602e-04
 1.423e+00  1.600e-04
 1.423e+00  1.599e-04
 1.423e+00  1.597e-04
 1.424e+00  1.596e-04
 1.425e+00  1.594e-04
 1.425e+00  1.593e-04
 1.425e+00  1.591e-04
 1.426e+00  1.590e-04
 1.427e+00  1.588e-04
 1.427e+00  1.587e-04
 1.427e+00  1.585e-04
 1.428e+00  1.584e-04
 1.429e+00  1.582e-04
 1.429e+00  1.581e-04
 1.429e+00  1.579e-04
 1.430e+00  1.578e-04
 1.431e+00  1.576e-04
 1.431e+00  1.575e-04
 1.431e+00  1.573e-04
 1.432e+00  1.572e-04
 1.433e+00  1.570e-04
 1.433e+00  1.569e-04
 1.433e+00  1.567e-04
 1.434e+00  1.566e-04
 1.435e+00  1.564e-04
 1.435e+00  1.563e-04
 1.435e+00  1.562e-04
 1.436e+00  1.560e-04
 1.437e+00  1.559e-04
 1.437e+00  1.557e-04
 1.438e+00  1.556e-04
 1.438e+00  1.554e-04
 1.439e+00  1.553e-04
 1.439e+00  1.551e-04
 1.440e+00  1.550e-04
 1.440e+00  1.549e-04
 1.441e+00  1.547e-04
 1.441e+00  1.546e-04
 1.442e+00  1.544e-04
 1.442e+00  1.543e-04
 1.443e+00  1.541e-04
 1.443e+00  1.540e-04
 1.444e+00  1.539e-04
 1.444e+00  1.537e-04
 1.445e+00  1.536e-04
 1.445e+00  1.534e-04
 1.446e+00  1.533e-04
 1.446e+00  1.532e-04
 1.447e+00  1.530e-04
 1.447e+00  1.529e-04
 1.448e+00  1.527e-04
 1.448e+00  1.526e-04
 1.449e+00  1.525e-04
 1.449e+00  1.523e-04
 1.450e+00  1.522e-04
 1.450e+00  1.520e-04
 1.451e+00  1.519e-04
 1.451e+00  1.518e-04
 1.452e+00  1.516e-04
 1.452e+00  1.515e-04
 1.453e+00  1.513e-04
 1.453e+00  1.512e-04
 1.454e+00  1.511e-04
 1.454e+00  1.509e-04
 1.455e+00  1.508e-04
 1.455e+00  1.507e-04
 1.456e+00  1.505e-04
 1.456e+00  1.504e-04
 1.457e+00  1.503e-04
 1.457e+00  1.501e-04
 1.458e+00  1.500e-04
 1.458e+00  1.499e-04
 1.459e+00  1.497e-04
 1.459e+00  1.496e-04
 1.460e+00  1.495e-04
 1.460e+00  1.493e-04
 1.461e+00  1.492e-04
 1.461e+00  1.491e-04
 1.462e+00  1.489e-04
 1.462e+00  1.488e-04
 1.463e+00  1.487e-04
 1.463e+00  1.485e-04
 1.464e+00  1.484e-04
 1.464e+00  1.483e-04
 1.465e+00  1.481e-04
 1.465e+00  1.480e-04
 1.466e+00  1.479e-04
 1.466e+00  1.477e-04
 1.467e+00  1.476e-04
 1.467e+00  1.475e-04
 1.468e+00  1.473e-04
 1.468e+00  1.472e-04
 1.469e+00  1.471e-04
 1.469e+00  1.470e-04
 1.470e+00  1.468e-04
 1.470e+00  1.467e-04
 1.471e+00  1.466e-04
 1.471e+00  1.464e-04
 1.472e+00  1.463e-04
 1.472e+00  1.462e-04
 1.472e+00  1.461e-04
 1.473e+00  1.459e-04
 1.474e+00  1.458e-04
 1.474e+00  1.457e-04
 1.474e+00  1.455e-04
 1.475e+00  1.454e-04
 1.476e+00  1.453e-04
 1.476e+00  1.452e-04
 1.476e+00  1.450e-04
 1.477e+00  1.449e-04
 1.478e+00  1.448e-04
 1.478e+00  1.447e-04
 1.478e+00  1.445e-04
 1.479e+00  1.444e-04
 1.480e+00  1.443e-04
 1.480e+00  1.442e-04
 1.480e+00  1.440e-04
 1.481e+00  1.439e-04
 1.482e+00  1.438e-04
 1.482e+00  1.437e-04
 1.482e+00  1.435e-04
 1.483e+00  1.434e-04
 1.484e+00  1.433e-04
 1.484e+00  1.432e-04
 1.484e+00  1.430e-04
 1.485e+00  1.429e-04
 1.486e+00  1.428e-04
 1.486e+00  1.427e-04
 1.486e+00  1.425e-04
 1.487e+00  1.424e-04
 1.488e+00  1.423e-04
 1.488e+00  1.422e-04
 1.488e+00  1.421e-04
 1.489e+00  1.419e-04
 1.490e+00  1.418e-04
 1.490e+00  1.417e-04
 1.490e+00  1.416e-04
 1.491e+00  1.415e-04
 1.492e+00  1.413e-04
 1.492e+00  1.412e-04
 1.492e+00  1.411e-04
 1.493e+00  1.410e-04
 1.494e+00  1.409e-04
 1.494e+00  1.407e-04
 1.494e+00  1.406e-04
 1.495e+00  1.405e-04
 1.496e+00  1.404e-04
 1.496e+00  1.403e-04
 1.496e+00  1.401e-04
 1.497e+00  1.400e-04
 1.498e+00  1.399e-04
 1.498e+00  1.398e-04
 1.498e+00  1.397e-04
 1.499e+00  1.395e-04
 1.500e+00  1.394e-04
 1.500e+00  1.393e-04
 1.500e+00  1.392e-04
 1.501e+00  1.391e-04
 1.502e+00  1.390e-04
 1.502e+00  1.389e-04
 1.502e+00  1.388e-04
 1.503e+00  1.387e-04
 1.504e+00  1.386e-04
 1.504e+00  1.385e-04
 1.504e+00  1.384e-04
 1.505e+00  1.383e-04
 1.506e+00  1.382e-04
 1.506e+00  1.381e-04
 1.506e+00  1.380e-04
 1.507e+00  1.379e-04
 1.508e+00  1.377e-04
 1.508e+00  1.376e-04
 1.508e+00  1.375e-04
 1.509e+00  1.374e-04
 1.510e+00  1.373e-04
 1.510e+00  1.372e-04
 1.510e+00  1.371e-04
 1.511e+00  1.370e-04
 1.512e+00  1.369e-04
 1.512e+00  1.368e-04
 1.512e+00  1.367e-04
 1.513e+00  1.366e-04
 1.514e+00  1.365e-04
 1.514e+00  1.364e-04
 1.514e+00  1.363e-04
 1.515e+00  1.362e-04
 1.516e+00  1.361e-04
 1.516e+00  1.360e-04
 1.516e+00  1.359e-04
 1.517e+00  1.358e-04
 1.518e+00  1.357e-04
 1.518e+00  1.356e-04
 1.518e+00  1.355e-04
 1.519e+00  1.354e-04
 1.520e+00  1.353e-04
 1.520e+00  1.352e-04
 1.520e+00  1.351e-04
 1.521e+00  1.350e-04
 1.522e+00  1.349e-04
 1.522e+00  1.348e-04
 1.522e+00  1.347e-04
 1.523e+00  1.346e-04
 1.524e+00  1.345e-04
 1.524e+00  1.344e-04
 1.524e+00  1.343e-04
 1.525e+00  1.343e-04
 1.526e+00  1.342e-04
 1.526e+00  1.341e-04
 1.526e+00  1.340e-04
 1.527e+00  1.339e-04
 1.528e+00  1.338e-04
 1.528e+00  1.337e-04
 1.528e+00  1.336e-04
 1.529e+00  1.335e-04
 1.530e+00  1.334e-04
 1.530e+00  1.333e-04
 1.530e+00  1.332e-04
 1.531e+00  1.331e-04
 1.532e+00  1.330e-04
 1.532e+00  1.329e-04
 1.532e+00  1.328e-04
 1.533e+00  1.327e-04
 1.534e+00  1.326e-04
 1.534e+00  1.325e-04
 1.534e+00  1.324e-04
 1.535e+00  1.323e-04
 1.536e+00  1.322e-04
 1.536e+00  1.321e-04
 1.536e+00  1.321e-04
 1.537e+00  1.320e-04
 1.538e+00  1.319e-04
 1.538e+00  1.318e-04
 1.538e+00  1.317e-04
 1.539e+00  1.316e-04
 1.540e+00  1.315e-04
 1.540e+00  1.314e-04
 1.540e+00  1.313e-04
 1.541e+00  1.312e-04
 1.542e+00  1.311e-04
 1.542e+00  1.310e-04
 1.542e+00  1.309e-04
 1.543e+00  1.308e-04
 1.544e+00  1.307e-04
 1.544e+00  1.307e-04
 1.544e+00  1.306e-04
 1.545e+00  1.305e-04
 1.546e+00  1.304e-04
 1.546e+00  1.303e-04
 1.546e+00  1.302e-04
 1.547e+00  1.301e-04
 1.548e+00  1.300e-04
 1.548e+00  1.299e-04
 1.548e+00  1.298e-04
 1.549e+00  1.297e-04
 1.550e+00  1.297e-04
 1.550e+00  1.296e-04
 1.550e+00  1.295e-04
 1.551e+00  1.294e-04
 1.552e+00  1.293e-04
 1.552e+00  1.292e-04
 1.552e+00  1.291e-04
 1.553e+00  1.290e-04
 1.554e+00  1.289e-04
 1.554e+00  1.288e-04
 1.554e+00  1.288e-04
 1.555e+00  1.287e-04
 1.556e+00  1.286e-04
 1.556e+00  1.285e-04
 1.556e+00  1.284e-04
 1.557e+00  1.283e-04
 1.558e+00  1.282e-04
 1.558e+00  1.281e-04
 1.558e+00  1.280e-04
 1.559e+00  1.280e-04
 1.560e+00  1.279e-04
 1.560e+00  1.278e-04
 1.560e+00  1.277e-04
 1.561e+00  1.276e-04
 1.562e+00  1.275e-04
 1.562e+00  1.274e-04
 1.562e+00  1.273e-04
 1.563e+00  1.273e-04
 1.564e+00  1.272e-04
 1.564e+00  1.271e-04
 1.565e+00  1.270e-04
 1.565e+00  1.269e-04
 1.566e+00  1.268e-04
 1.566e+00  1.267e-04
 1.567e+00  1.266e-04
 1.567e+00  1.266e-04
 1.568e+00  1.265e-04
 1.568e+00  1.264e-04
 1.569e+00  1.263e-04
 1.569e+00  1.262e-04
 1.570e+00  1.261e-04
 1.570e+00  1.260e-04
 1.571e+00  1.260e-04
 1.571e+00  1.259e-04
 1.572e+00  1.258e-04
 1.572e+00  1.257e-04
 1.573e+00  1.256e-04
 1.573e+00  1.255e-04
 1.574e+00  1.255e-04
 1.574e+00  1.254e-04
 1.575e+00  1.253e-04
 1.575e+00  1.252e-04
 1.576e+00  1.251e-04
 1.576e+00  1.250e-04
 1.577e+00  1.249e-04
 1.577e+00  1.249e-04
 1.578e+00  1.248e-04
 1.578e+00  1.247e-04
 1.579e+00  1.246e-04
 1.579e+00  1.245e-04
 1.580e+00  1.244e-04
 1.580e+00  1.244e-04
 1.581e+00  1.243e-04
 1.581e+00  1.242e-04
 1.582e+00  1.241e-04
 1.582e+00  1.240e-04
 1.583e+00  1.240e-04
 1.583e+00  1.239e-04
 1.584e+00  1.238e-04
 1.584e+00  1.237e-04
 1.585e+00  1.236e-04
 1.585e+00  1.235e-04
 1.586e+00  1.235e-04
 1.586e+00  1.234e-04
 1.587e+00  1.233e-04
 1.587e+00  1.232e-04
 1.588e+00  1.231e-04
 1.588e+00  1.231e-04
 1.589e+00  1.230e-04
 1.589e+00  1.229e-04
 1.590e+00  1.228e-04
 1.590e+00  1.227e-04
 1.591e+00  1.226e-04
 1.591e+00  1.226e-04
 1.592e+00  1.225e-04
 1.592e+00  1.224e-04
 1.593e+00  1.223e-04
 1.593e+00  1.222e-04
 1.594e+00  1.222e-04
 1.594e+00  1.221e-04
 1.595e+00  1.220e-04
 1.595e+00  1.219e-04
 1.596e+00  1.218e-04
 1.596e+00  1.218e-04
 1.597e+00  1.217e-04
 1.597e+00  1.216e-04
 1.598e+00  1.215e-04
 1.598e+00  1.215e-04
 1.599e+00  1.214e-04
 1.599e+00  1.213e-04
 1.600e+00  1.212e-04
 1.600e+00  1.211e-04
 1.601e+00  1.211e-04
 1.601e+00  1.210e-04
 1.601e+00  1.209e-04
 1.602e+00  1.208e-04
 1.603e+00  1.207e-04
 1.603e+00  1.207e-04
 1.603e+00  1.206e-04
 1.604e+00  1.205e-04
 1.605e+00  1.204e-04
 1.605e+00  1.204e-04
 1.605e+00  1.203e-04
 1.606e+00  1.202e-04
 1.607e+00  1.201e-04
 1.607e+00  1.200e-04
 1.607e+00  1.200e-04
 1.608e+00  1.199e-04
 1.609e+00  1.198e-04
 1.609e+00  1.197e-04
 1.609e+00  1.197e-04
 1.610e+00  1.196e-04
 1.611e+00  1.195e-04
 1.611e+00  1.194e-04
 1.611e+00  1.194e-04
 1.612e+00  1.193e-04
 1.613e+00  1.192e-04
 1.613e+00  1.191e-04
 1.613e+00  1.191e-04
 1.614e+00  1.190e-04
 1.615e+00  1.189e-04
 1.615e+00  1.188e-04
 1.615e+00  1.188e-04
 1.616e+00  1.187e-04
 1.617e+00  1.186e-04
 1.617e+00  1.185e-04
 1.617e+00  1.185e-04
 1.618e+00  1.184e-04
 1.619e+00  1.183e-04
 1.619e+00  1.182e-04
 1.619e+00  1.182e-04
 1.620e+00  1.181e-04
 1.621e+00  1.180e-04
 1.621e+00  1.179e-04
 1.621e+00  1.179e-04
 1.622e+00  1.178e-04
 1.623e+00  1.177e-04
 1.623e+00  1.176e-04
 1.623e+00  1.176e-04
 1.624e+00  1.175e-04
 1.625e+00  1.174e-04
 1.625e+00  1.173e-04
 1.625e+00  1.173e-04
 1.626e+00  1.172e-04
 1.627e+00  1.171e-04
 1.627e+00  1.170e-04
 1.627e+00  1.170e-04
 1.628e+00  1.169e-04
 1.629e+00  1.168e-04
 1.629e+00  1.168e-04
 1.629e+00  1.167e-04
 1.630e+00  1.166e-04
 1.631e+00  1.165e-04
 1.631e+00  1.165e-04
 1.631e+00  1.164e-04
 1.632e+00  1.163e-04
 1.633e+00  1.162e-04
 1.633e+00  1.162e-04
 1.633e+00  1.161e-04
 1.634e+00  1.160e-04
 1.635e+00  1.160e-04
 1.635e+00  1.159e-04
 1.635e+00  1.158e-04
 1.636e+00  1.157e-04
 1.637e+00  1.157e-04
 1.637e+00  1.156e-04
 1.637e+00  1.155e-04
 1.638e+00  1.155e-04
 1.639e+00  1.154e-04
 1.639e+00  1.153e-04
 1.639e+00  1.152e-04
 1.640e+00  1.152e-04
 1.641e+00  1.151e-04
 1.641e+00  1.150e-04
 1.641e+00  1.150e-04
 1.642e+00  1.149e-04
 1.643e+00  1.148e-04
 1.643e+00  1.148e-04
 1.643e+00  1.147e-04
 1.644e+00  1.146e-04
 1.645e+00  1.145e-04
 1.645e+00  1.145e-04
 1.645e+00  1.144e-04
 1.646e+00  1.143e-04
 1.647e+00  1.143e-04
 1.647e+00  1.142e-04
 1.647e+00  1.141e-04
 1.648e+00  1.141e-04
 1.649e+00  1.140e-04
 1.649e+00  1.139e-04
 1.649e+00  1.139e-04
 1.650e+00  1.138e-04
 1.651e+00  1.137e-04
 1.651e+00  1.136e-04
 1.651e+00  1.136e-04
 1.652e+00  1.135e-04
 1.653e+00  1.134e-04
 1.653e+00  1.134e-04
 1.653e+00  1.133e-04
 1.654e+00  1.132e-04
 1.655e+00  1.132e-04
 1.655e+00  1.131e-04
 1.655e+00  1.130e-04
 1.656e+00  1.130e-04
 1.657e+00  1.129e-04
 1.657e+00  1.128e-04
 1.657e+00  1.128e-04
 1.658e+00  1.127e-04
 1.659e+00  1.126e-04
 1.659e+00  1.126e-04
 1.659e+00  1.125e-04
 1.660e+00  1.124e-04
 1.661e+00  1.124e-04
 1.661e+00  1.123e-04
 1.661e+00  1.122e-04
 1.662e+00  1.122e-04
 1.663e+00  1.121e-04
 1.663e+00  1.120e-04
 1.663e+00  1.120e-04
 1.664e+00  1.119e-04
 1.665e+00  1.118e-04
 1.665e+00  1.118e-04
 1.665e+00  1.117e-04
 1.666e+00  1.116e-04
 1.667e+00  1.116e-04
 1.667e+00  1.115e-04
 1.667e+00  1.114e-04
 1.668e+00  1.114e-04
 1.669e+00  1.113e-04
 1.669e+00  1.112e-04
 1.669e+00  1.112e-04
 1.670e+00  1.111e-04
 1.671e+00  1.110e-04
 1.671e+00  1.110e-04
 1.671e+00  1.109e-04
 1.672e+00  1.108e-04
 1.673e+00  1.108e-04
 1.673e+00  1.107e-04
 1.673e+00  1.106e-04
 1.674e+00  1.106e-04
 1.675e+00  1.105e-04
 1.675e+00  1.104e-04
 1.675e+00  1.104e-04
 1.676e+00  1.103e-04
 1.677e+00  1.103e-04
 1.677e+00  1.102e-04
 1.677e+00  1.101e-04
 1.678e+00  1.101e-04
 1.679e+00  1.100e-04
 1.679e+00  1.099e-04
 1.679e+00  1.099e-04
 1.680e+00  1.098e-04
 1.681e+00  1.097e-04
 1.681e+00  1.097e-04
 1.681e+00  1.096e-04
 1.682e+00  1.095e-04
 1.683e+00  1.095e-04
 1.683e+00  1.094e-04
 1.683e+00  1.094e-04
 1.684e+00  1.093e-04
 1.685e+00  1.092e-04
 1.685e+00  1.092e-04
 1.685e+00  1.091e-04
 1.686e+00  1.090e-04
 1.687e+00  1.090e-04
 1.687e+00  1.089e-04
 1.688e+00  1.089e-04
 1.688e+00  1.088e-04
 1.689e+00  1.087e-04
 1.689e+00  1.087e-04
 1.690e+00  1.086e-04
 1.690e+00  1.085e-04
 1.691e+00  1.085e-04
 1.691e+00  1.084e-04
 1.692e+00  1.084e-04
 1.692e+00  1.083e-04
 1.693e+00  1.082e-04
 1.693e+00  1.082e-04
 1.694e+00  1.081e-04
 1.694e+00  1.080e-04
 1.695e+00  1.080e-04
 1.695e+00  1.079e-04
 1.696e+00  1.079e-04
 1.696e+00  1.078e-04
 1.697e+00  1.077e-04
 1.697e+00  1.077e-04
 1.698e+00  1.076e-04
 1.698e+00  1.076e-04
 1.699e+00  1.075e-04
 1.699e+00  1.074e-04
 1.700e+00  1.074e-04
 1.700e+00  1.073e-04
 1.701e+00  1.072e-04
 1.701e+00  1.072e-04
 1.702e+00  1.071e-04
 1.702e+00  1.071e-04
 1.703e+00  1.070e-04
 1.703e+00  1.069e-04
 1.704e+00  1.069e-04
 1.704e+00  1.068e-04
 1.705e+00  1.068e-04
 1.705e+00  1.067e-04
 1.706e+00  1.066e-04
 1.706e+00  1.066e-04
 1.707e+00  1.065e-04
 1.707e+00  1.065e-04
 1.708e+00  1.064e-04
 1.708e+00  1.063e-04
 1.709e+00  1.063e-04
 1.709e+00  1.062e-04
 1.710e+00  1.062e-04
 1.710e+00  1.061e-04
 1.711e+00  1.060e-04
 1.711e+00  1.060e-04
 1.712e+00  1.059e-04
 1.712e+00  1.059e-04
 1.713e+00  1.058e-04
 1.713e+00  1.058e-04
 1.714e+00  1.057e-04
 1.714e+00  1.056e-04
 1.715e+00  1.056e-04
 1.715e+00  1.055e-04
 1.716e+00  1.055e-04
 1.716e+00  1.054e-04
 1.717e+00  1.053e-04
 1.717e+00  1.053e-04
 1.718e+00  1.052e-04
 1.718e+00  1.052e-04
 1.719e+00  1.051e-04
 1.719e+00  1.050e-04
 1.720e+00  1.050e-04
 1.720e+00  1.049e-04
 1.721e+00  1.049e-04
 1.721e+00  1.048e-04
 1.722e+00  1.048e-04
 1.722e+00  1.047e-04
 1.723e+00  1.046e-04
 1.723e+00  1.046e-04
 1.724e+00  1.045e-04
 1.724e+00  1.045e-04
 1.725e+00  1.044e-04
 1.725e+00  1.044e-04
 1.726e+00  1.043e-04
 1.726e+00  1.042e-04
 1.727e+00  1.042e-04
 1.727e+00  1.041e-04
 1.728e+00  1.041e-04
 1.728e+00  1.040e-04
 1.728e+00  1.040e-04
 1.729e+00  1.039e-04
 1.730e+00  1.038e-04
 1.730e+00  1.038e-04
 1.730e+00  1.037e-04
 1.731e+00  1.037e-04
 1.732e+00  1.036e-04
 1.732e+00  1.036e-04
 1.732e+00  1.035e-04
 1.733e+00  1.034e-04
 1.734e+00  1.034e-04
 1.734e+00  1.033e-04
 1.734e+00  1.033e-04
 1.735e+00  1.032e-04
 1.736e+00  1.032e-04
 1.736e+00  1.031e-04
 1.736e+00  1.031e-04
 1.737e+00  1.030e-04
 1.738e+00  1.029e-04
 1.738e+00  1.029e-04
 1.738e+00  1.028e-04
 1.739e+00  1.028e-04
 1.740e+00  1.027e-04
 1.740e+00  1.027e-04
 1.740e+00  1.026e-04
 1.741e+00  1.026e-04
 1.742e+00  1.025e-04
 1.742e+00  1.024e-04
 1.742e+00  1.024e-04
 1.743e+00  1.023e-04
 1.744e+00  1.023e-04
 1.744e+00  1.022e-04
 1.744e+00  1.022e-04
 1.745e+00  1.021e-04
 1.746e+00  1.021e-04
 1.746e+00  1.020e-04
 1.746e+00  1.019e-04
 1.747e+00  1.019e-04
 1.748e+00  1.018e-04
 1.748e+00  1.018e-04
 1.748e+00  1.017e-04
 1.749e+00  1.017e-04
 1.750e+00  1.016e-04
 1.750e+00  1.016e-04
 1.750e+00  1.015e-04
 1.751e+00  1.015e-04
 1.752e+00  1.014e-04
 1.752e+00  1.014e-04
 1.752e+00  1.013e-04
 1.753e+00  1.012e-04
 1.754e+00  1.012e-04
 1.754e+00  1.011e-04
 1.754e+00  1.011e-04
 1.755e+00  1.010e-04
 1.756e+00  1.010e-04
 1.756e+00  1.009e-04
 1.756e+00  1.009e-04
 1.757e+00  1.008e-04
 1.758e+00  1.008e-04
 1.758e+00  1.007e-04
 1.758e+00  1.007e-04
 1.759e+00  1.006e-04
 1.760e+00  1.006e-04
 1.760e+00  1.005e-04
 1.760e+00  1.004e-04
 1.761e+00  1.004e-04
 1.762e+00  1.003e-04
 1.762e+00  1.003e-04
 1.762e+00  1.002e-04
 1.763e+00  1.002e-04
 1.764e+00  1.001e-04
 1.764e+00  1.001e-04
 1.764e+00  1.000e-04
 1.765e+00  9.997e-05
 1.766e+00  9.992e-05
 1.766e+00  9.987e-05
 1.766e+00  9.982e-05
 1.767e+00  9.976e-05
 1.768e+00  9.971e-05
 1.768e+00  9.966e-05
 1.768e+00  9.961e-05
 1.769e+00  9.956e-05
 1.770e+00  9.950e-05
 1.770e+00  9.945e-05
 1.770e+00  9.940e-05
 1.771e+00  9.935e-05
 1.772e+00  9.930e-05
 1.772e+00  9.925e-05
 1.772e+00  9.919e-05
 1.773e+00  9.914e-05
 1.774e+00  9.909e-05
 1.774e+00  9.904e-05
 1.774e+00  9.899e-05
 1.775e+00  9.894e-05
 1.776e+00  9.889e-05
 1.776e+00  9.883e-05
 1.776e+00  9.878e-05
 1.777e+00  9.873e-05
 1.778e+00  9.868e-05
 1.778e+00  9.863e-05
 1.778e+00  9.858e-05
 1.779e+00  9.853e-05
 1.780e+00  9.848e-05
 1.780e+00  9.843e-05
 1.780e+00  9.838e-05
 1.781e+00  9.833e-05
 1.782e+00  9.828e-05
 1.782e+00  9.823e-05
 1.782e+00  9.818e-05
 1.783e+00  9.813e-05
 1.784e+00  9.807e-05
 1.784e+00  9.802e-05
 1.784e+00  9.797e-05
 1.785e+00  9.792e-05
 1.786e+00  9.787e-05
 1.786e+00  9.782e-05
 1.786e+00  9.777e-05
 1.787e+00  9.772e-05
 1.788e+00  9.767e-05
 1.788e+00  9.762e-05
 1.788e+00  9.758e-05
 1.789e+00  9.753e-05
 1.790e+00  9.748e-05
 1.790e+00  9.743e-05
 1.790e+00  9.738e-05
 1.791e+00  9.733e-05
 1.792e+00  9.728e-05
 1.792e+00  9.723e-05
 1.792e+00  9.718e-05
 1.793e+00  9.713e-05
 1.794e+00  9.708e-05
 1.794e+00  9.703e-05
 1.794e+00  9.698e-05
 1.795e+00  9.693e-05
 1.796e+00  9.688e-05
 1.796e+00  9.684e-05
 1.796e+00  9.679e-05
 1.797e+00  9.674e-05
 1.798e+00  9.669e-05
 1.798e+00  9.664e-05
 1.798e+00  9.659e-05
 1.799e+00  9.654e-05
 1.800e+00  9.649e-05
 1.800e+00  9.645e-05
 1.800e+00  9.640e-05
 1.801e+00  9.635e-05
 1.802e+00  9.630e-05
 1.802e+00  9.625e-05
 1.802e+00  9.620e-05
 1.803e+00  9.616e-05
 1.804e+00  9.611e-05
 1.804e+00  9.606e-05
 1.804e+00  9.601e-05
 1.805e+00  9.596e-05
 1.806e+00  9.592e-05
 1.806e+00  9.587e-05
 1.806e+00  9.582e-05
 1.807e+00  9.577e-05
 1.808e+00  9.572e-05
 1.808e+00  9.568e-05
 1.808e+00  9.563e-05
 1.809e+00  9.558e-05
 1.810e+00  9.553e-05
 1.810e+00  9.549e-05
 1.810e+00  9.544e-05
 1.811e+00  9.539e-05
 1.812e+00  9.534e-05
 1.812e+00  9.530e-05
 1.812e+00  9.525e-05
 1.813e+00  9.520e-05
 1.814e+00  9.516e-05
 1.814e+00  9.511e-05
 1.815e+00  9.506e-05
 1.815e+00  9.501e-05
 1.816e+00  9.497e-05
 1.816e+00  9.492e-05
 1.817e+00  9.487e-05
 1.817e+00  9.483e-05
 1.818e+00  9.478e-05
 1.818e+00  9.473e-05
 1.819e+00  9.469e-05
 1.819e+00  9.464e-05
 1.820e+00  9.459e-05
 1.820e+00  9.455e-05
 1.821e+00  9.450e-05
 1.821e+00  9.445e-05
 1.822e+00  9.441e-05
 1.822e+00  9.436e-05
 1.823e+00  9.432e-05
 1.823e+00  9.427e-05
 1.824e+00  9.422e-05
 1.824e+00  9.418e-05
 1.825e+00  9.413e-05
 1.825e+00  9.409e-05
 1.826e+00  9.404e-05
 1.826e+00  9.399e-05
 1.827e+00  9.395e-05
 1.827e+00  9.390e-05
 1.828e+00  9.386e-05
 1.828e+00  9.381e-05
 1.829e+00  9.376e-05
 1.829e+00  9.372e-05
 1.830e+00  9.367e-05
 1.830e+00  9.363e-05
 1.831e+00  9.358e-05
 1.831e+00  9.354e-05
 1.832e+00  9.349e-05
 1.832e+00  9.345e-05
 1.833e+00  9.340e-05
 1.833e+00  9.336e-05
 1.834e+00  9.331e-05
 1.834e+00  9.326e-05
 1.835e+00  9.322e-05
 1.835e+00  9.317e-05
 1.836e+00  9.313e-05
 1.836e+00  9.308e-05
 1.837e+00  9.304e-05
 1.837e+00  9.300e-05
 1.838e+00  9.295e-05
 1.838e+00  9.291e-05
 1.839e+00  9.286e-05
 1.839e+00  9.282e-05
 1.840e+00  9.277e-05
 1.840e+00  9.273e-05
 1.841e+00  9.268e-05
 1.841e+00  9.264e-05
 1.842e+00  9.259e-05
 1.842e+00  9.255e-05
 1.843e+00  9.250e-05
 1.843e+00  9.246e-05
 1.844e+00  9.242e-05
 1.844e+00  9.237e-05
 1.845e+00  9.233e-05
 1.845e+00  9.228e-05
 1.846e+00  9.224e-05
 1.846e+00  9.220e-05
 1.847e+00  9.215e-05
 1.847e+00  9.211e-05
 1.848e+00  9.206e-05
 1.848e+00  9.202e-05
 1.849e+00  9.198e-05
 1.849e+00  9.193e-05
 1.850e+00  9.189e-05
 1.850e+00  9.184e-05
 1.851e+00  9.180e-05
 1.851e+00  9.176e-05
 1.852e+00  9.171e-05
 1.852e+00  9.167e-05
 1.853e+00  9.163e-05
 1.853e+00  9.158e-05
 1.854e+00  9.154e-05
 1.854e+00  9.150e-05
 1.855e+00  9.145e-05
 1.855e+00  9.141e-05
 1.856e+00  9.137e-05
 1.856e+00  9.132e-05
 1.857e+00  9.128e-05
 1.857e+00  9.124e-05
 1.857e+00  9.119e-05
 1.858e+00  9.115e-05
 1.859e+00  9.111e-05
 1.859e+00  9.107e-05
 1.859e+00  9.102e-05
 1.860e+00  9.098e-05
 1.861e+00  9.094e-05
 1.861e+00  9.089e-05
 1.861e+00  9.085e-05
 1.862e+00  9.081e-05
 1.863e+00  9.077e-05
 1.863e+00  9.072e-05
 1.863e+00  9.068e-05
 1.864e+00  9.064e-05
 1.865e+00  9.060e-05
 1.865e+00  9.055e-05
 1.865e+00  9.051e-05
 1.866e+00  9.047e-05
 1.867e+00  9.043e-05
 1.867e+00  9.038e-05
 1.867e+00  9.034e-05
 1.868e+00  9.030e-05
 1.869e+00  9.026e-05
 1.869e+00  9.022e-05
 1.869e+00  9.017e-05
 1.870e+00  9.013e-05
 1.871e+00  9.009e-05
 1.871e+00  9.005e-05
 1.871e+00  9.001e-05
 1.872e+00  8.996e-05
 1.873e+00  8.992e-05
 1.873e+00  8.988e-05
 1.873e+00  8.984e-05
 1.874e+00  8.980e-05
 1.875e+00  8.976e-05
 1.875e+00  8.971e-05
 1.875e+00  8.967e-05
 1.876e+00  8.963e-05
 1.877e+00  8.959e-05
 1.877e+00  8.955e-05
 1.877e+00  8.951e-05
 1.878e+00  8.947e-05
 1.879e+00  8.943e-05
 1.879e+00  8.938e-05
 1.879e+00  8.934e-05
 1.880e+00  8.930e-05
 1.881e+00  8.926e-05
 1.881e+00  8.922e-05
 1.881e+00  8.918e-05
 1.882e+00  8.914e-05
 1.883e+00  8.910e-05
 1.883e+00  8.906e-05
 1.883e+00  8.901e-05
 1.884e+00  8.897e-05
 1.885e+00  8.893e-05
 1.885e+00  8.889e-05
 1.885e+00  8.885e-05
 1.886e+00  8.881e-05
 1.887e+00  8.877e-05
 1.887e+00  8.873e-05
 1.887e+00  8.869e-05
 1.888e+00  8.865e-05
 1.889e+00  8.861e-05
 1.889e+00  8.857e-05
 1.889e+00  8.853e-05
 1.890e+00  8.849e-05
 1.891e+00  8.845e-05
 1.891e+00  8.841e-05
 1.891e+00  8.837e-05
 1.892e+00  8.833e-05
 1.893e+00  8.829e-05
 1.893e+00  8.825e-05
 1.893e+00  8.821e-05
 1.894e+00  8.817e-05
 1.895e+00  8.813e-05
 1.895e+00  8.809e-05
 1.895e+00  8.805e-05
 1.896e+00  8.801e-05
 1.897e+00  8.797e-05
 1.897e+00  8.793e-05
 1.897e+00  8.789e-05
 1.898e+00  8.785e-05
 1.899e+00  8.781e-05
 1.899e+00  8.777e-05
 1.899e+00  8.773e-05
 1.900e+00  8.769e-05
 1.901e+00  8.765e-05
 1.901e+00  8.761e-05
 1.901e+00  8.757e-05
 1.902e+00  8.753e-05
 1.903e+00  8.749e-05
 1.903e+00  8.745e-05
 1.903e+00  8.741e-05
 1.904e+00  8.737e-05
 1.905e+00  8.733e-05
 1.905e+00  8.729e-05
 1.905e+00  8.726e-05
 1.906e+00  8.722e-05
 1.907e+00  8.718e-05
 1.907e+00  8.714e-05
 1.907e+00  8.710e-05
 1.908e+00  8.706e-05
 1.909e+00  8.702e-05
 1.909e+00  8.698e-05
 1.909e+00  8.694e-05
 1.910e+00  8.690e-05
 1.911e+00  8.687e-05
 1.911e+00  8.683e-05
 1.911e+00  8.679e-05
 1.912e+00  8.675e-05
 1.913e+00  8.671e-05
 1.913e+00  8.667e-05
 1.913e+00  8.663e-05
 1.914e+00  8.660e-05
 1.915e+00  8.656e-05
 1.915e+00  8.652e-05
 1.915e+00  8.648e-05
 1.916e+00  8.644e-05
 1.917e+00  8.640e-05
 1.917e+00  8.637e-05
 1.917e+00  8.633e-05
 1.918e+00  8.629e-05
 1.919e+00  8.625e-05
 1.919e+00  8.621e-05
 1.919e+00  8.617e-05
 1.920e+00  8.614e-05
 1.921e+00  8.610e-05
 1.921e+00  8.606e-05
 1.921e+00  8.602e-05
 1.922e+00  8.598e-05
 1.923e+00  8.595e-05
 1.923e+00  8.591e-05
 1.923e+00  8.587e-05
 1.924e+00  8.583e-05
 1.925e+00  8.580e-05
 1.925e+00  8.576e-05
 1.925e+00  8.572e-05
 1.926e+00  8.568e-05
 1.927e+00  8.564e-05
 1.927e+00  8.561e-05
 1.927e+00  8.557e-05
 1.928e+00  8.553e-05
 1.929e+00  8.549e-05
 1.929e+00  8.546e-05
 1.929e+00  8.542e-05
 1.930e+00  8.538e-05
 1.931e+00  8.535e-05
 1.931e+00  8.531e-05
 1.931e+00  8.527e-05
 1.932e+00  8.523e-05
 1.933e+00  8.520e-05
 1.933e+00  8.516e-05
 1.933e+00  8.512e-05
 1.934e+00  8.508e-05
 1.935e+00  8.505e-05
 1.935e+00  8.501e-05
 1.935e+00  8.497e-05
 1.936e+00  8.494e-05
 1.937e+00  8.490e-05
 1.937e+00  8.486e-05
 1.938e+00  8.483e-05
 1.938e+00  8.479e-05
 1.939e+00  8.475e-05
 1.939e+00  8.472e-05
 1.940e+00  8.468e-05
 1.940e+00  8.464e-05
 1.941e+00  8.461e-05
 1.941e+00  8.457e-05
 1.942e+00  8.453e-05
 1.942e+00  8.450e-05
 1.943e+00  8.446e-05
 1.943e+00  8.442e-05
 1.944e+00  8.439e-05
 1.944e+00  8.435e-05
 1.945e+00  8.431e-05
 1.945e+00  8.428e-05
 1.946e+00  8.424e-05
 1.946e+00  8.420e-05
 1.947e+00  8.417e-05
 1.947e+00  8.413e-05
 1.948e+00  8.410e-05
 1.948e+00  8.406e-05
 1.949e+00  8.402e-05
 1.949e+00  8.399e-05
 1.950e+00  8.395e-05
 1.950e+00  8.392e-05
 1.951e+00  8.388e-05
 1.951e+00  8.384e-05
 1.952e+00  8.381e-05
 1.952e+00  8.377e-05
 1.953e+00  8.374e-05
 1.953e+00  8.370e-05
 1.954e+00  8.367e-05
 1.954e+00  8.363e-05
 1.955e+00  8.359e-05
 1.955e+00  8.356e-05
 1.956e+00  8.352e-05
 1.956e+00  8.349e-05
 1.957e+00  8.345e-05
 1.957e+00  8.342e-05
 1.958e+00  8.338e-05
 1.958e+00  8.334e-05
 1.959e+00  8.331e-05
 1.959e+00  8.327e-05
 1.960e+00  8.324e-05
 1.960e+00  8.320e-05
 1.961e+00  8.317e-05
 1.961e+00  8.313e-05
 1.962e+00  8.310e-05
 1.962e+00  8.306e-05
 1.963e+00  8.303e-05
 1.963e+00  8.299e-05
 1.964e+00  8.296e-05
 1.964e+00  8.292e-05
 1.965e+00  8.289e-05
 1.965e+00  8.285e-05
 1.966e+00  8.282e-05
 1.966e+00  8.278e-05
 1.967e+00  8.275e-05
 1.967e+00  8.271e-05
 1.968e+00  8.268e-05
 1.968e+00  8.264e-05
 1.969e+00  8.261e-05
 1.969e+00  8.257e-05
 1.970e+00  8.254e-05
 1.970e+00  8.250e-05
 1.971e+00  8.247e-05
 1.971e+00  8.243e-05
 1.972e+00  8.240e-05
 1.972e+00  8.236e-05
 1.973e+00  8.233e-05
 1.973e+00  8.230e-05
 1.974e+00  8.226e-05
 1.974e+00  8.223e-05
 1.975e+00  8.219e-05
 1.975e+00  8.216e-05
 1.976e+00  8.212e-05
 1.976e+00  8.209e-05
 1.977e+00  8.205e-05
 1.977e+00  8.202e-05
 1.978e+00  8.199e-05
 1.978e+00  8.195e-05
 1.979e+00  8.192e-05
 1.979e+00  8.188e-05
 1.980e+00  8.185e-05
 1.980e+00  8.182e-05
 1.981e+00  8.178e-05
 1.981e+00  8.175e-05
 1.982e+00  8.171e-05
 1.982e+00  8.168e-05
 1.983e+00  8.165e-05
 1.983e+00  8.161e-05
 1.984e+00  8.158e-05
 1.984e+00  8.154e-05
 1.984e+00  8.151e-05
 1.985e+00  8.148e-05
 1.986e+00  8.144e-05
 1.986e+00  8.141e-05
 1.986e+00  8.137e-05
 1.987e+00  8.134e-05
 1.988e+00  8.131e-05
 1.988e+00  8.127e-05
 1.988e+00  8.124e-05
 1.989e+00  8.121e-05
 1.990e+00  8.117e-05
 1.990e+00  8.114e-05
 1.990e+00  8.111e-05
 1.991e+00  8.107e-05
 1.992e+00  8.104e-05
 1.992e+00  8.101e-05
 1.992e+00  8.097e-05
 1.993e+00  8.094e-05
 1.994e+00  8.091e-05
 1.994e+00  8.087e-05
 1.994e+00  8.084e-05
 1.995e+00  8.081e-05
 1.996e+00  8.077e-05
 1.996e+00  8.074e-05
 1.996e+00  8.071e-05
 1.997e+00  8.067e-05
 1.998e+00  8.064e-05
 1.998e+00  8.061e-05
 1.998e+00  8.057e-05
 1.999e+00  8.054e-05
 2.000e+00  8.051e-05
 2.000e+00  8.048e-05
